3 0.6201923083333334 0.025721153125 0.3413461541666667 0.025721153125 0.3413461541666667 0.250721153125 0.6201923083333334 0.250721153125 0.6201923083333334 0.025721153125
3 0.6365384625 0.231971153125 0.41858974375 0.231971153125 0.41858974375 0.39735576875 0.6365384625 0.39735576875 0.6365384625 0.231971153125
5 0.7780448708333334 0.3099759609375 0.5770833333333333 0.3099759609375 0.5770833333333333 0.4515625 0.7780448708333334 0.4515625 0.7780448708333334 0.3099759609375
3 0.469391025 0.38389423125 0.29471153749999995 0.38389423125 0.29471153749999995 0.5173076921875001 0.469391025 0.5173076921875001 0.469391025 0.38389423125
3 0.4040064104166667 0.4941105765625 0.20304487083333334 0.4941105765625 0.20304487083333334 0.6402644234375 0.4040064104166667 0.6402644234375 0.4040064104166667 0.4941105765625
3 0.58076923125 0.478125 0.40608974375 0.478125 0.40608974375 0.613221153125 0.58076923125 0.613221153125 0.58076923125 0.478125
3 0.75705128125 0.5637019234375 0.5397435895833333 0.5637019234375 0.5397435895833333 0.7177884609375 0.75705128125 0.7177884609375 0.75705128125 0.5637019234375
5 0.56169871875 0.611778846875 0.42483974375 0.611778846875 0.42483974375 0.7348557687499999 0.56169871875 0.7348557687499999 0.56169871875 0.611778846875
4 0.40240384583333333 0.7025240390625 0.2703525645833333 0.7025240390625 0.2703525645833333 0.8203125 0.40240384583333333 0.8203125 0.40240384583333333 0.7025240390625
4 0.5346153854166666 0.7096153843749999 0.35256410208333333 0.7096153843749999 0.35256410208333333 0.8560096156249999 0.5346153854166666 0.8560096156249999 0.5346153854166666 0.7096153843749999
4 0.6722756416666668 0.674278846875 0.5168269229166667 0.674278846875 0.5168269229166667 0.7899038468749999 0.6722756416666668 0.7899038468749999 0.6722756416666668 0.674278846875
4 0.6974358979166666 0.7734375 0.5432692312499999 0.7734375 0.5432692312499999 0.888341346875 0.6974358979166666 0.888341346875 0.6974358979166666 0.7734375
4 0.44823717916666667 0.8193509609375 0.3290064104166667 0.8193509609375 0.3290064104166667 0.9078125 0.44823717916666667 0.9078125 0.44823717916666667 0.8193509609375
4 0.5517628208333334 0.8103365390624999 0.43637820416666667 0.8103365390624999 0.43637820416666667 0.899759615625 0.5517628208333334 0.899759615625 0.5517628208333334 0.8103365390624999