5 0.6849358979166666 0.2637019234375 0.48397435833333335 0.2637019234375 0.48397435833333335 0.4144230765625 0.6849358979166666 0.4144230765625 0.6849358979166666 0.2637019234375
5 0.24054487083333334 0.325 0.0011217958333333334 0.325 0.0011217958333333334 0.4875 0.24054487083333334 0.4875 0.24054487083333334 0.325
4 0.5474358979166667 0.552403846875 0.37211538541666667 0.552403846875 0.37211538541666667 0.6987980765625 0.5474358979166667 0.6987980765625 0.5474358979166667 0.552403846875
4 0.236858975 0.734134615625 0.05705128125 0.734134615625 0.05705128125 0.888221153125 0.236858975 0.888221153125 0.236858975 0.734134615625
4 0.19631410208333333 0.8787259609375001 0.06362179583333333 0.8787259609375001 0.06362179583333333 0.980408653125 0.19631410208333333 0.980408653125 0.19631410208333333 0.8787259609375001
4 0.10608974374999999 0.81141826875 0.028525641666666667 0.81141826875 0.028525641666666667 0.9054086531250001 0.10608974374999999 0.9054086531250001 0.10608974374999999 0.81141826875
4 0.35881410208333336 0.7804086531250001 0.22131410208333333 0.7804086531250001 0.22131410208333333 0.8868990390624999 0.35881410208333336 0.8868990390624999 0.35881410208333336 0.7804086531250001
4 0.34198717916666665 0.8787259609375001 0.213141025 0.8787259609375001 0.213141025 0.9878605765625 0.34198717916666665 0.9878605765625 0.34198717916666665 0.8787259609375001
4 0.5019230770833334 0.7900240390625 0.35160256458333333 0.7900240390625 0.35160256458333333 0.9227163468749999 0.5019230770833334 0.9227163468749999 0.5019230770833334 0.7900240390625
4 0.63766025625 0.7722355765625 0.49727564166666666 0.7722355765625 0.49727564166666666 0.8818509609375 0.63766025625 0.8818509609375 0.63766025625 0.7722355765625
4 0.6516025645833333 0.8503605765625 0.54391025625 0.8503605765625 0.54391025625 0.925841346875 0.6516025645833333 0.925841346875 0.6516025645833333 0.8503605765625
4 0.5770833333333333 0.8887019234375 0.47163461458333333 0.8887019234375 0.47163461458333333 0.9810096156249999 0.5770833333333333 0.9810096156249999 0.5770833333333333 0.8887019234375
4 0.5025641020833334 0.9118990390624999 0.38205128125 0.9118990390624999 0.38205128125 0.9996394234375 0.5025641020833334 0.9996394234375 0.5025641020833334 0.9118990390624999