4 0.3077600542797495 0.029427009375 0.13961882881002088 0.05388845 0.17191075574112735 0.17822454375000002 0.34005198121085595 0.153763103125 0.3077600542797495 0.029427009375
4 0.4157935427974948 0.07861813281249999 0.20972824843423798 0.10859682500000001 0.2509575344467641 0.26734513125000003 0.45702283089770357 0.237366440625 0.4157935427974948 0.07861813281249999
4 0 0.355207725 0.046836409185803764 0.34839389375 0.01911101878914405 0.24164068125 0 0.24442098125 0 0.355207725
4 0 0.367873246875 0.02716517745302714 0.47246942656249996 0.18725173277661794 0.44917979218750004 0.1547640981210856 0.3240901453125 0 0.3466054609375 0 0.367873246875
4 0.3622366200417536 0.2432055015625 0.12462387056367433 0.2777737640625 0.17081111064718163 0.45561205625 0.40842386012526094 0.42104379375 0.3622366200417536 0.2432055015625
4 0.20145863048016702 0.4549331921875 0.02727640292275574 0.48027348593749997 0.06374344676409187 0.6206853578125 0.23792567432150313 0.5953450640625 0.20145863048016702 0.4549331921875
4 0.3561947202505219 0.48077710781249994 0.19610816283924845 0.5040667421875 0.22879150730688935 0.6299099390625 0.3888780626304802 0.6066203046875 0.3561947202505219 0.48077710781249994
4 0.420469108559499 0.243466353125 0.3164296263048017 0.258602175 0.34552497912317326 0.370630253125 0.4495644592901879 0.35549443125 0.420469108559499 0.243466353125
4 0.489038114822547 0.38142371875 0.31485588935281833 0.40676401249999994 0.3503443903966597 0.543408125 0.5245266158663883 0.51806783125 0.489038114822547 0.38142371875
4 0.7584031962421711 0.11909854375 0.6087205887265136 0.1408745953125 0.6406210981210856 0.263703584375 0.7903037056367432 0.24192753281249998 0.7584031962421711 0.11909854375
4 0.7119052818371607 0.090932721875 0.584373012526096 0.10948630781249999 0.6028348622129437 0.1805713890625 0.7303671294363256 0.1620178015625 0.7119052818371607 0.090932721875
4 0.5269412630480167 0.6292853109375 0.3027529624217119 0.6619005640625 0.3465264613778706 0.8304450484375 0.5707147620041754 0.7978297953125 0.5269412630480167 0.6292853109375
4 0.5192684488517746 0.5219608921875001 0.3846883465553236 0.541539809375 0.4136532254697286 0.65306551875 0.5482333298538622 0.6334866015625 0.5192684488517746 0.5219608921875001
4 0.8147220793319415 0.657800690625 0.6465808538622129 0.6822621296875 0.6711749060542798 0.7769585078125 0.8393161315240083 0.75249706875 0.8147220793319415 0.657800690625
4 0.809076235908142 0.501956565625 0.586901605427975 0.5342788671875 0.6314579394572024 0.705837559375 0.8536325720250522 0.6735152578125 0.809076235908142 0.501956565625
4 0.7937774384133612 0.3411302390625 0.5776438079331943 0.3725736859375 0.6172421899791233 0.525042390625 0.8333758204592903 0.49359894375 0.7937774384133612 0.3411302390625
4 0.9425931148225469 0.31869828437500003 0.7865338935281837 0.341402015625 0.8164120793319416 0.4564443015625 0.9724713006263048 0.4337405703125 0.9425931148225469 0.31869828437500003
4 0.8588814926931108 0.1606562046875 0.7632322901878914 0.17457139531250002 0.7812374864300626 0.2438981875 0.8768866868475992 0.229982996875 0.8588814926931108 0.1606562046875
4 0.700394903966597 0.28263911875000003 0.5272195114822548 0.3078329359375 0.5589243110647182 0.429908375 0.7320997035490605 0.4047145578125 0.700394903966597 0.28263911875000003
4 0.6146033465553236 0.2500234828125 0.4884135240083507 0.26838176874999997 0.5098110020876827 0.3507701296875 0.6360008246346555 0.33241184375 0.6146033465553236 0.2500234828125
4 0.5750058705636744 0.19947845 0.510904127348643 0.20880406875 0.5249951482254698 0.26305981875 0.5890968935281837 0.2537342 0.5750058705636744 0.19947845
4 0.8692037995824634 0.24465579843750002 0.7440208121085595 0.26286760937500003 0.7660054154488517 0.3475166265625 0.8911884050104385 0.32930481718750004 0.8692037995824634 0.24465579843750002