1 0.3346153854166667 0.11658653906250001 0.25576923125 0.11658653906250001 0.25576923125 0.1790865390625 0.3346153854166667 0.1790865390625 0.3346153854166667 0.11658653906250001
2 0.4666666666666667 0.10745192343750001 0.34871794791666666 0.10745192343750001 0.34871794791666666 0.21105769218749998 0.4666666666666667 0.21105769218749998 0.4666666666666667 0.10745192343750001
1 0.405608975 0.15612980781250002 0.2975961541666667 0.15612980781250002 0.2975961541666667 0.248677884375 0.405608975 0.248677884375 0.405608975 0.15612980781250002
1 0.4983974354166667 0.195072115625 0.3913461541666667 0.195072115625 0.3913461541666667 0.27608173125 0.4983974354166667 0.27608173125 0.4983974354166667 0.195072115625
0 0.36330128125 0.3204326921875 0.22227564166666666 0.3204326921875 0.22227564166666666 0.4144230765625 0.36330128125 0.4144230765625 0.36330128125 0.3204326921875
0 0.2496794875 0.3269230765625 0.11442307708333334 0.3269230765625 0.11442307708333334 0.43317307656250004 0.2496794875 0.43317307656250004 0.2496794875 0.3269230765625
1 0.32676282083333336 0.402884615625 0.21875 0.402884615625 0.21875 0.4769230765625 0.32676282083333336 0.4769230765625 0.32676282083333336 0.402884615625
2 0.12852564166666666 0.4765625 0.05897435833333333 0.4765625 0.05897435833333333 0.5157451921875 0.12852564166666666 0.5157451921875 0.12852564166666666 0.4765625
1 0.10769230833333333 0.5131009609375 0.02884615416666667 0.5131009609375 0.02884615416666667 0.5626201921875 0.10769230833333333 0.5626201921875 0.10769230833333333 0.5131009609375
1 0.24663461458333333 0.6972355765625 0.18990384583333333 0.6972355765625 0.18990384583333333 0.7352163468749999 0.24663461458333333 0.7352163468749999 0.24663461458333333 0.6972355765625
0 0.052083333333333336 0.6025240390625 0.0011217958333333334 0.6025240390625 0.0011217958333333334 0.6426682687499999 0.052083333333333336 0.6426682687499999 0.052083333333333336 0.6025240390625
1 0.5778846145833333 0.724759615625 0.49166666666666664 0.724759615625 0.49166666666666664 0.7915865390625 0.5778846145833333 0.7915865390625 0.5778846145833333 0.724759615625
2 0.6049679479166666 0.792427884375 0.5149038458333333 0.792427884375 0.5149038458333333 0.8628605765625 0.6049679479166666 0.8628605765625 0.6049679479166666 0.792427884375
0 0.7753205125 0.54375 0.7169871791666667 0.54375 0.7169871791666667 0.5829326921875 0.7753205125 0.5829326921875 0.7753205125 0.54375
0 0.9258012812499999 0.428365384375 0.7838141020833334 0.428365384375 0.7838141020833334 0.5384615390625 0.9258012812499999 0.5384615390625 0.9258012812499999 0.428365384375
1 0.938141025 0.4300480765625 0.8201923083333333 0.4300480765625 0.8201923083333333 0.5134615390625 0.938141025 0.5134615390625 0.938141025 0.4300480765625
2 0.8722756416666667 0.386177884375 0.75048076875 0.386177884375 0.75048076875 0.45805288437499997 0.8722756416666667 0.45805288437499997 0.8722756416666667 0.386177884375
2 0.7871794875 0.420072115625 0.69455128125 0.420072115625 0.69455128125 0.49795673125000006 0.7871794875 0.49795673125000006 0.7871794875 0.420072115625