5 0 0.7884144640625 0.0050198225469728595 0.78921304375 0.037711269311064714 0.6741024828125 0 0.6681031749999999 0 0.7884144640625
5 0 0.6929898999999999 0.011431037578288101 0.6948084109375 0.03972490396659708 0.595182265625 0 0.5888626171875 0 0.6929898999999999
4 0.16848094363256785 0.42985475156249997 0.029903751565762006 0.40780915625 0.000448258872651357 0.5115255234375 0.13902545302713987 0.5335711171875 0.16848094363256785 0.42985475156249997
3 0.24618897912317328 0.511075321875 0.09590103757828809 0.48716671875 0.0655328413361169 0.5940968328125 0.2158207828810021 0.618005434375 0.24618897912317328 0.511075321875
5 0.4330474425887265 0.4220172609375 0.2569958559498956 0.394010040625 0.22131737369519833 0.5196383171875001 0.39736896033402924 0.5476455375 0.4330474425887265 0.4220172609375
5 0.2781100876826722 0.5897449234375001 0.11884390396659707 0.5644080140625001 0.08374623382045929 0.6879911796875 0.24301241753653444 0.7133280875 0.2781100876826722 0.5897449234375001
5 0.17870501878914405 0.6797377921875001 0.06706254697286013 0.6619771171875 0.04524059081419624 0.7388148765625 0.15688306263048016 0.756575553125 0.17870501878914405 0.6797377921875001
4 0 0.783528725 0.10608393528183717 0.8004051203125 0.1256656158663883 0.731455646875 0.01675565344467641 0.7141296734375 0 0.7731283671875 0 0.783528725
4 0 0.66657638125 0.10038828183716075 0.6825466812500001 0.12868215031315242 0.5829205375 0.01157466388308977 0.5642904578125 0 0.60504625625 0 0.66657638125
4 0.20037701252609602 0.787312771875 0.07624307724425887 0.7675648859375 0.04811515657620042 0.8666067140625 0.17224909185803758 0.8863545984375 0.20037701252609602 0.787312771875
5 0.3696849853862213 0.6142372984375 0.26780146972860125 0.5980291281250001 0.24116706889352818 0.691812096875 0.34305058246346554 0.7080202671875 0.3696849853862213 0.6142372984375
5 0.2817548810020877 0.6939940015625 0.1876785323590814 0.6790278375 0.16469495198329853 0.75995581875 0.2587713006263048 0.7749219828125 0.2817548810020877 0.6939940015625
4 0.37959145093945723 0.701466359375 0.288247611691023 0.686934896875 0.2644342985386221 0.770784465625 0.35577813987473905 0.785315928125 0.37959145093945723 0.701466359375
4 0.4900372567849687 0.49933115 0.3522407828810021 0.47740975625 0.3227852901878915 0.5811261234375 0.46058176617954066 0.6030475171874999 0.4900372567849687 0.49933115
4 0.4929221565762004 0.6191853078125 0.3847929102296451 0.601983534375 0.36097959707724425 0.685833103125 0.4691088434237996 0.703034878125 0.4929221565762004 0.6191853078125
4 0.49525812317327766 0.705057334375 0.36761096242171193 0.6847505468749999 0.3391511503131524 0.784961009375 0.4667983110647182 0.8052677953125 0.49525812317327766 0.705057334375
4 0.5745258267223382 0.8109547125000001 0.45468583298538623 0.79188993125 0.42863224425887264 0.8836277890625001 0.5484722379958247 0.9026925703125 0.5745258267223382 0.8109547125000001
4 0.4211906200417536 0.8207614984375 0.32750463048016704 0.8058574343749999 0.3064294342379958 0.8800657656249999 0.4001154217118998 0.894969828125 0.4211906200417536 0.8207614984375
4 0.4088918371607516 0.887052590625 0.34018877870563674 0.8761229437500001 0.32558549478079335 0.9275428890624999 0.3942885511482255 0.9384725359375 0.4088918371607516 0.887052590625
4 0.6672775615866388 0.8571620859375001 0.5903769791231732 0.844928334375 0.5747780146137788 0.8998541859375001 0.6516785970772442 0.9120879390625 0.6672775615866388 0.8571620859375001
4 0.6393427035490605 0.71561205 0.5417531294363257 0.7000869828125 0.5200971189979123 0.776340425 0.6176866931106472 0.7918654921875 0.6393427035490605 0.71561205
4 0.6259736367432149 0.5687452515625 0.5311165720250522 0.5536548859375 0.5117838141962422 0.6217278828125 0.606640878914405 0.636818246875 0.6259736367432149 0.5687452515625
4 0.6386174467640919 0.488309871875 0.5812347807933194 0.4791811328125 0.5691206910229645 0.521836315625 0.6265033569937369 0.5309650546875 0.6386174467640919 0.488309871875
4 0.7563795365344467 0.361693396875 0.6775271607515657 0.34914914375 0.6614303569937369 0.40582794531250005 0.740282732776618 0.4183722 0.7563795365344467 0.361693396875
5 0.6984407160751567 0.3846915140625 0.5981186367432151 0.368731746875 0.5757158684759917 0.44761461718750006 0.6760379478079332 0.4635743859375 0.6984407160751567 0.3846915140625
4 0.7309926471816285 0.2758186109375 0.6462848977035491 0.262342853125 0.6311007995824635 0.31580790937500003 0.7158085469728601 0.3292836671875 0.7309926471816285 0.2758186109375
5 0.6600473903966596 0.2656010171875 0.5359134551148225 0.24585313281249999 0.5087812129436325 0.34138905468749997 0.6329151482254698 0.3611369390625 0.6600473903966596 0.2656010171875
3 0.6315798935281837 0.33710655 0.526963872651357 0.320463678125 0.5091246325678497 0.38327781562499996 0.6137406513569937 0.3999206875 0.6315798935281837 0.33710655