4 0.942793903966597 0.6928851640625 0.8864840083507306 0.698808178125 0.8943978475991649 0.7409526125 0.9507077432150313 0.7350295984375 0.942793903966597 0.6928851640625
4 0.8149715824634656 0.5889802921875 0.7751837536534447 0.5931654156249999 0.7816759457202506 0.6277389953125 0.8214637745302714 0.6235538703125 0.8149715824634656 0.5889802921875
4 0.7963826513569937 0.5577378937499999 0.7545717118997912 0.5621358203125 0.7602109164926931 0.592166884375 0.8020218559498956 0.5877689578124999 0.7963826513569937 0.5577378937499999
4 0.7419810313152401 0.52987646875 0.5484368434237996 0.5502346124999999 0.5759694237995825 0.696856871875 0.7695136096033403 0.676498728125 0.7419810313152401 0.52987646875
4 0.5435913903966597 0.512528334375 0.4124264279749478 0.5263250562499999 0.43242427348643003 0.632821775 0.563589235908142 0.619025053125 0.5435913903966597 0.512528334375
4 0.6250643778705637 0.4501731015625 0.4531000313152401 0.46826134843749995 0.4758937849686848 0.58964741875 0.6478581294363257 0.5715591718749999 0.6250643778705637 0.4501731015625
4 0.38328357411273484 0.41049640624999995 0.2942667348643006 0.41985973281250005 0.3083410480167014 0.49481121562499997 0.3973578872651357 0.4854478875 0.38328357411273484 0.41049640624999995
4 0.5096686972860125 0.36117395 0.3586098204592902 0.3770632328125 0.3810718559498956 0.49668277187500004 0.5321307327766179 0.4807934875 0.5096686972860125 0.36117395
4 0.41170640292275573 0.29543233125 0.2930172860125261 0.30791676875 0.3119725908141962 0.408861525 0.43066170772442586 0.3963770875 0.41170640292275573 0.29543233125
4 0.37685786221294365 0.250845446875 0.251762229645094 0.264003759375 0.2678268496868476 0.3495544421875 0.3929224822546973 0.33639612812499997 0.37685786221294365 0.250845446875
3 0 0.3639580484375 0.015268903966597079 0.3623519734375 0.009582313152400834 0.33206854531249996 0 0.3330764703125 0 0.3639580484375