3 0.6501011899791231 0.28647962968749996 0.46197923590814194 0.27910074375 0.45067368058455115 0.44055581874999994 0.6387956325678498 0.44793470468749996 0.6501011899791231 0.28647962968749996
3 0.8102230647181629 0.332280925 0.6413491127348644 0.325657021875 0.6308048747390397 0.4762397015625 0.7996788267223381 0.4828636046875 0.8102230647181629 0.332280925
3 0 0.5633814609375001 0.0635287974947808 0.5658733109375 0.06784927139874738 0.5041724656250001 0 0.50151115 0 0.5633814609375001
3 0.6890527223382047 0.43750466875000005 0.48204594154488517 0.4293850453125 0.47146363674321506 0.58051134375 0.6784704175365344 0.5886309671875 0.6890527223382047 0.43750466875000005
5 0.751385217118998 0.47565448750000006 0.6133806972860125 0.47024140625 0.6042829603340293 0.6001665328125 0.7422874801670146 0.605579615625 0.751385217118998 0.47565448750000006
5 0.607980751565762 0.5655606296875 0.3995212922755741 0.5573840265625 0.3876637807933194 0.7267215874999999 0.59612324217119 0.734898190625 0.607980751565762 0.5655606296875
5 0.6954861586638831 0.603062490625 0.546223375782881 0.597207815625 0.536326254697286 0.738548959375 0.6855890396659708 0.744403634375 0.6954861586638831 0.603062490625
3 0.41605094363256784 0.672369809375 0.3020156283924843 0.6678968937499999 0.2953350730688935 0.7633021656250001 0.40937038622129435 0.76777508125 0.41605094363256784 0.672369809375
4 0.8641792985386222 0.6122685875 0.6953053465553236 0.605644684375 0.6859982463465554 0.738559721875 0.854872198329854 0.745183625 0.8641792985386222 0.6122685875
4 0.8298613173277662 0.712313496875 0.6874987599164928 0.706729475 0.6809895010438413 0.79968845625 0.8233520584551147 0.8052724781249999 0.8298613173277662 0.712313496875
4 0.7069352943632567 0.7307954265625 0.5783731858037578 0.7257527140625 0.5703793590814196 0.8399128687499999 0.6989414655532359 0.84495558125 0.7069352943632567 0.7307954265625
4 0.6115168037578288 0.7256899546875 0.4444586993736952 0.7191372765625 0.4350564363256785 0.8534113624999999 0.6021145407098122 0.859964040625 0.6115168037578288 0.7256899546875
4 0.6338540814196242 0.8305463921875 0.5111026931106472 0.8257315984375 0.5049169916492693 0.9140698109375001 0.6276683799582463 0.91888460625 0.6338540814196242 0.8305463921875
4 0.5440634488517746 0.8854878046874999 0.4271227745302714 0.8809009296875001 0.4196618705636743 0.98745040625 0.5366025427974949 0.99203728125 0.5440634488517746 0.8854878046874999
3 0.4141970855949896 0.9614794734375 0.4116942567849687 0.9972224734375 0.4810596868475992 0.9999432593750001 0.48356251565762004 0.964200259375 0.4141970855949896 0.9614794734375