4 0.31407968333333336 0.30593127343750004 0.16432151458333333 0.2921402796875 0.14606393541666665 0.40366231875 0.29582210416666666 0.4174533109375 0.31407968333333336 0.30593127343750004
4 0.48276664166666666 0.5377646484375 0.24166661458333336 0.515562128125 0.21367165833333335 0.6865625875 0.4547716854166667 0.708765109375 0.48276664166666666 0.5377646484375
4 0.5295546458333333 0.720638090625 0.31748575 0.7011090015625 0.29044714374999997 0.8662678312500001 0.5025160395833334 0.8857969203125 0.5295546458333333 0.720638090625
4 0.61032613125 0.44897604218750004 0.5196923479166666 0.4406297203125 0.5068251020833333 0.51922620625 0.5974588854166666 0.527572528125 0.61032613125 0.44897604218750004
4 0.6014586166666667 0.5185072453124999 0.48498004375000003 0.5077809171875 0.4639838270833333 0.6360312625 0.5804624 0.6467575906249999 0.6014586166666667 0.5185072453124999
4 0.6808702708333333 0.4713747171875 0.5877582166666666 0.46280017500000004 0.57389115 0.5475038203125 0.6670032041666667 0.5560783625 0.6808702708333333 0.4713747171875
4 0.8228373291666667 0.4076316796875 0.6376753416666666 0.3905804046875 0.6155054229166667 0.526000025 0.8006674125 0.5430513 0.8228373291666667 0.4076316796875
4 0.67699903125 0.0987948203125 0.6270796416666666 0.0941978234375 0.61982008125 0.138541109375 0.6697394708333333 0.1431381078125 0.67699903125 0.0987948203125
4 0.7947684895833333 0.07419659375 0.7299794958333333 0.068230278125 0.72119846875 0.12186706875 0.7859874625 0.127833384375 0.7947684895833333 0.07419659375
4 0.7978365875000001 0.277167034375 0.66578033125 0.2650061828125 0.64865298125 0.36962447656249997 0.7807092395833333 0.3817853296875 0.7978365875000001 0.277167034375
4 0.8770839958333333 0.24201354687499999 0.77724521875 0.2328195515625 0.7630738583333333 0.319381896875 0.8629126374999999 0.32857589374999996 0.8770839958333333 0.24201354687499999
4 1 0.32165899531250003 0.823756675 0.30542902656250004 0.8082377333333334 0.4002227609375 0.9909214541666667 0.417045815625 1 0.361591703125 1 0.32165899531250003
4 1 0.16721728125 0.8461869624999999 0.15305288125 0.8178007729166666 0.3264431015625 1 0.3432215390625 1 0.16721728125
4 1 0.4607374 0.8319502416666666 0.44526196249999994 0.8056941041666666 0.6056412765625 0.9837753270833333 0.6220404953124999 1 0.5229359828125 1 0.4607374
4 0.9583399145833333 0.600696196875 0.6974137479166667 0.57666791875 0.666506275 0.7654587984375001 0.9274324416666667 0.789487078125 0.9583399145833333 0.600696196875
4 0.9114628104166667 0.660932221875 0.976428825 0.666914840625 0.9945125229166667 0.5564549140625 0.9295465083333333 0.550472296875 0.9114628104166667 0.660932221875