3 0.5390801753653445 0.5485695390625 0.4099001858037578 0.5656173875 0.43925966179540715 0.6902366203125 0.5684396534446764 0.673188771875 0.5390801753653445 0.5485695390625
3 0.6255433966597077 0.41981136250000006 0.47623989352818374 0.4395149046875 0.5065150647181628 0.5680208984374999 0.6558185699373695 0.54831735625 0.6255433966597077 0.41981136250000006
5 0.5501087265135699 0.4817400671875 0.4384556680584551 0.4964748890625 0.4615769707724426 0.5946155734375 0.5732300292275574 0.57988075 0.5501087265135699 0.4817400671875
5 0.5515471294363257 0.395511996875 0.43664834446764095 0.4106751578125 0.4562213298538622 0.4937546484375 0.571120114822547 0.47859148749999997 0.5515471294363257 0.395511996875
5 0.6608804551148225 0.329735884375 0.5235861419624217 0.34785457656249996 0.5509425365344468 0.463971525 0.6882368475991649 0.44585283281250004 0.6608804551148225 0.329735884375
4 0.5914576137787056 0.3007001234375 0.48045370354906053 0.31534927968750004 0.5031171586638831 0.411546584375 0.6141210709812108 0.396897428125 0.5914576137787056 0.3007001234375
4 0.7291576910229645 0.2566036953125 0.6077674488517746 0.27262353125 0.6360395386221295 0.392627240625 0.7574297807933195 0.376607403125 0.7291576910229645 0.2566036953125
4 0.6292556012526096 0.22107031250000003 0.5211728455114822 0.23533396406249998 0.5438363006263048 0.33153126875 0.6519190563674322 0.3172676171875 0.6292556012526096 0.22107031250000003
3 0.2340569853862213 0.18430585625 0.20062598121085595 0.18871773593750002 0.21029801043841337 0.2297716375 0.24372901461377872 0.22535975625 0.2340569853862213 0.18430585625
3 0.24299808559498956 0.151941734375 0.20891793736951983 0.1564392828125 0.21796042797494783 0.194821034375 0.25204057620041753 0.1903234875 0.24299808559498956 0.151941734375
3 0.18420178705636744 0.1644600953125 0.14590219206680585 0.16951448281249998 0.15093851565762004 0.1908916625 0.18923811064718163 0.185837275 0.18420178705636744 0.1644600953125
3 0.22131438204592904 0.17709562343750002 0.18788337995824633 0.181507503125 0.19669694572025054 0.21891756718750002 0.2301279478079332 0.2145056859375 0.22131438204592904 0.17709562343750002
3 0.126123248434238 0.1672404375 0.09042023590814197 0.1719521546875 0.10003503549060543 0.2127631328125 0.13573804801670145 0.208051415625 0.126123248434238 0.1672404375
5 0.1133371795407098 0.13711745625 0.07730959290187892 0.14187200625000002 0.08537915866388308 0.176124078125 0.12140674321503131 0.17136952656249999 0.1133371795407098 0.13711745625
5 0.13986907933194154 0.11833705937500001 0.10416606889352818 0.12304877656249999 0.11172055323590814 0.15511454375 0.1474235636743215 0.150402828125 0.13986907933194154 0.11833705937500001
3 0.975455885177453 0.455413671875 0.996553121085595 0.45262947656249997 0.9849924676409186 0.403559134375 0.9638952338204594 0.4063433296875 0.975455885177453 0.455413671875
3 0.9618987828810022 0.4134948703125 0.9865663194154488 0.41023950156250005 0.9790690647181629 0.37841665625 0.954401528183716 0.38167202499999997 0.9618987828810022 0.4134948703125
3 0.9841128141962422 0.411189478125 0.9201719645093945 0.419627734375 0.9312747703549061 0.466754696875 0.995215617954071 0.458316440625 0.9841128141962422 0.411189478125
3 0.9627733903966597 0.38169433124999996 0.9342109812108559 0.3854637046875 0.9436540876826722 0.4255459140625 0.972216496868476 0.421776540625 0.9627733903966597 0.38169433124999996
5 0.985766146137787 0.8628286171875 0.9374047933194154 0.8692108515625 0.9477635949895616 0.9131798218749999 0.9961249478079331 0.9067975875000001 0.985766146137787 0.8628286171875
4 1 0.84653778125 0.9961105970772443 0.8300288203124999 0.9480738162839248 0.8363682203125 0.9564295344467642 0.8718349046875 1 0.866084921875 1 0.84653778125
3 0.23278441962421711 0.45661514218750004 0.18117733820459292 0.463425715625 0.1918222943632568 0.508609296875 0.243429375782881 0.5017987234375 0.23278441962421711 0.45661514218750004
3 0.19472344885177453 0.5131106984375 0.1382477745302714 0.520563778125 0.14923611691022964 0.5672048953125 0.20571178914405008 0.559751815625 0.19472344885177453 0.5131106984375
4 0.7185287369519834 0.8436175 0.687369745302714 0.8477295437500001 0.6961260793319415 0.884896684375 0.7272850730688936 0.8807846406250001 0.7185287369519834 0.8436175
4 0.7415495469728601 0.8149057390625 0.7090922630480166 0.8191891171875 0.7166467473903967 0.8512548859375 0.7491040313152401 0.8469715062500001 0.7415495469728601 0.8149057390625
4 0.698877624217119 0.8212885671875 0.6686923528183716 0.8252721093750001 0.6765329916492693 0.8585524890625 0.7067182651356995 0.854568946875 0.698877624217119 0.8212885671875
4 0.9132897703549061 0.776085575 0.8727181649269311 0.7814397984375 0.8819895803757829 0.820793240625 0.9225611837160752 0.8154390171875001 0.9132897703549061 0.776085575
4 0.7190627306889352 0.795455784375 0.6901757473903967 0.799267990625 0.6973296158663883 0.829633303125 0.726216599164927 0.8258210953124999 0.7190627306889352 0.795455784375
4 0.23194991858037578 0.42679348125 0.1952731878914405 0.4316336984375 0.20328552192066807 0.46564284687499996 0.23996225260960333 0.460802628125 0.23194991858037578 0.42679348125