3 0.29022423124999996 0.4508846015625 0.24599657291666668 0.45554644531250005 0.2515554104166667 0.4852113390625 0.29578306875 0.48054949375 0.29022423124999996 0.4508846015625
3 0.35190292291666664 0.465971409375 0.3137880291666667 0.469988934375 0.3186393791666667 0.49587829531249994 0.35675427291666667 0.4918607703125 0.35190292291666664 0.465971409375
5 0.237946 0.4771580875 0.19587578749999998 0.48159252500000005 0.2012324875 0.5101786953125 0.2433027 0.5057442578125 0.237946 0.4771580875
4 0.2646079416666667 0.42278386250000005 0.22289730416666667 0.42718039843750005 0.22815293125 0.4552272046875 0.26986357083333334 0.45083066875 0.2646079416666667 0.42278386250000005
4 0.21393030416666667 0.4546637953125 0.17581541041666665 0.45868131874999996 0.18076783124999998 0.4851100421875 0.21888272291666666 0.48109251718749996 0.21393030416666667 0.4546637953125
4 0.228293825 0.4002108515625 0.19161722916666665 0.40407677187499996 0.19677178958333333 0.43158421875 0.23344838333333331 0.4277182984375 0.228293825 0.4002108515625
4 0.18471534166666667 0.40246670625 0.16961321666666668 0.40405855468749996 0.1716346125 0.414845790625 0.1867367375 0.41325394062500004 0.18471534166666667 0.40246670625
4 0.16413797708333336 0.4315864125 0.13537201875 0.43461850625 0.13921267083333333 0.45511425 0.16797862916666664 0.45208215625000003 0.16413797708333336 0.4315864125
4 0.36514497291666664 0.44271252656250004 0.32738965416666665 0.44669214999999995 0.3321399333333333 0.4720421484375 0.36989525208333335 0.468062525 0.36514497291666664 0.44271252656250004
5 0.44990252708333334 0.49290521875 0.4143046541666667 0.496657434375 0.41885279375 0.520928709375 0.45445066666666667 0.51717649375 0.44990252708333334 0.49290521875
5 0.4348587104166667 0.5006785890625001 0.39638424166666664 0.5047340140625 0.40143773125 0.5317020984374999 0.43991220000000003 0.5276466734375 0.4348587104166667 0.5006785890625001
4 0.37817228125 0.5073411765625 0.3476084541666667 0.510562775 0.35165124583333335 0.53213724375 0.3822150729166667 0.52891564375 0.37817228125 0.5073411765625
4 0.38074177708333334 0.4897448640625 0.3566502875 0.4922842421875 0.36018773125 0.511161903125 0.38427921875 0.5086225234375 0.38074177708333334 0.4897448640625
5 0.40910150624999997 0.476717815625 0.37638023125 0.480166821875 0.3815347895833333 0.50767426875 0.4142560645833333 0.5042252609375 0.40910150624999997 0.476717815625
4 0.38324224583333333 0.41014163437500006 0.35267841666666666 0.41336323437500005 0.35656960416666666 0.43412865937499995 0.38713343333333333 0.43090705937499996 0.38324224583333333 0.41014163437500006
4 0.38613633125 0.4040614234375 0.37642782291666665 0.40508475625000007 0.377590125 0.41128741562500004 0.38729863541666665 0.41026408437499995 0.38613633125 0.4040614234375
4 0.4239567895833333 0.4718518953125 0.39734827916666665 0.47465658125 0.40164374583333334 0.497579453125 0.42825225625 0.49477476718749996 0.4239567895833333 0.4718518953125
4 0.417000475 0.45429712968749997 0.39578558125 0.4565332984375 0.398817675 0.47271415 0.42003256875 0.4704779796875 0.417000475 0.45429712968749997
4 0.43025126875 0.42814974687499996 0.39896829375000004 0.4314471484375 0.4037185729166667 0.45679714687499995 0.43500155 0.45349974531250004 0.43025126875 0.42814974687499996
4 0.43749328333333337 0.40222320937499995 0.41448051874999997 0.40464888437499996 0.41741154166666666 0.420290375 0.44042430833333335 0.4178647 0.43749328333333337 0.40222320937499995
5 0.4960369125 0.519943265625 0.46834968125000004 0.5228616546875 0.47168498333333336 0.540660590625 0.4993722166666667 0.5377422015625 0.4960369125 0.519943265625
4 0.48134584583333334 0.46209016406250003 0.4453883979166667 0.46588028125000003 0.45013867916666667 0.49123028125 0.48609612500000005 0.4874401640625 0.48134584583333334 0.46209016406250003
4 0.4740892354166667 0.4419544796875 0.44568285208333336 0.4449486734375 0.4495740395833333 0.4657140984375 0.47798042291666665 0.46271990625 0.4740892354166667 0.4419544796875
4 0.5146280416666666 0.92636980625 0.48765995624999997 0.92921239375 0.4915006083333333 0.9497081375 0.5184686937499999 0.9468655500000001 0.5146280416666666 0.92636980625
4 0.5197631645833334 0.95181674375 0.4985482708333333 0.9540529140625 0.5017825041666667 0.9713124875 0.5229973979166667 0.96907631875 0.5197631645833334 0.95181674375
4 0.5509887895833334 0.908099284375 0.5301334708333333 0.9102975515624999 0.5341257270833334 0.9316023390625 0.5549810458333333 0.9294040703125 0.5509887895833334 0.908099284375
4 0.5129759333333334 0.903855828125 0.49823338125000005 0.9054097750000001 0.50091173125 0.9197028609375 0.5156542833333334 0.9181489125000001 0.5129759333333334 0.903855828125
4 0.6244187791666668 0.9682862046875 0.6287395145833333 0.9913439171875 0.6596629187499999 0.9880844171875 0.6553421854166667 0.9650267031249999 0.6244187791666668 0.9682862046875
4 0.6570486791666668 0.9017326062500001 0.6178550645833333 0.905863834375 0.6234139020833334 0.935528728125 0.66260751875 0.9313974999999999 0.6570486791666668 0.9017326062500001
4 0.6878263291666666 0.9466147843750001 0.6486327125 0.9507460109375 0.6542926208333333 0.980950265625 0.6934862375 0.9768190390625 0.6878263291666666 0.9466147843750001
4 0.7495458208333333 0.922783728125 0.71394795 0.92653594375 0.7191025104166666 0.954043390625 0.75470038125 0.950291175 0.7495458208333333 0.922783728125
4 0.7142181145833334 0.922107346875 0.6735862 0.9263901796875 0.6792461083333333 0.9565944359375 0.719878025 0.952311603125 0.7142181145833334 0.922107346875
4 0.64761129375 0.8640888046875 0.626036825 0.8663628765625001 0.6294226625 0.8844314921875001 0.65099713125 0.8821574218749999 0.64761129375 0.8640888046875
4 0.65724690625 0.836259925 0.6335149916666667 0.8387614031249999 0.6371029687499999 0.8579087421875 0.6608348833333333 0.8554072640625 0.65724690625 0.836259925
4 0.6884424229166667 0.8364093359375 0.6722615729166667 0.8381148890624999 0.6743840375 0.849441484375 0.6905648875 0.8477359312500001 0.6884424229166667 0.8364093359375
4 0.7074814104166667 0.84897791875 0.6808729 0.8517826046874999 0.6846630166666666 0.8720086671875 0.7112715270833333 0.8692039812499999 0.7074814104166667 0.84897791875
4 0.7146495875000001 0.88136075625 0.6783325666666666 0.8851887734374999 0.6835376604166666 0.9129659015625 0.71985468125 0.9091378828125001 0.7146495875000001 0.88136075625
3 0.7421239895833334 0.872414634375 0.70652611875 0.8761668515625001 0.7120849562499999 0.90583174375 0.7476828270833333 0.902079528125 0.7421239895833334 0.872414634375
4 0.7567246625 0.8838009953125001 0.7311948770833333 0.886491978125 0.7347828541666667 0.9056393187499999 0.7603126395833333 0.9029483359375 0.7567246625 0.8838009953125001
4 0.7166165458333332 0.8507650984374999 0.7007952708333334 0.85243275 0.7038779000000001 0.8688832812499999 0.719699175 0.8672156296875 0.7166165458333332 0.8507650984374999
4 0.7418275791666668 0.8600705390625001 0.7188148145833334 0.8624962140625 0.7221501166666666 0.88029515 0.7451628833333334 0.877869475 0.7418275791666668 0.8600705390625001
4 0.7470686145833334 0.842055128125 0.722977125 0.84459450625 0.7266156375 0.864011528125 0.7507071270833333 0.86147215 0.7470686145833334 0.842055128125
5 0.7792495583333333 0.847463315625 0.7461687083333334 0.8509502234375 0.7508684541666667 0.87603054375 0.7839493041666666 0.8725436359375 0.7792495583333333 0.847463315625
5 0.6576986791666666 0.5089533703125 0.6321688916666666 0.511644353125 0.63575686875 0.53079169375 0.66128665625 0.5281007109375 0.6576986791666666 0.5089533703125
4 0.6890613833333333 0.5980500875 0.6674869145833333 0.6003241578125 0.6704684729166667 0.6162353281249999 0.6920429416666667 0.6139612578125 0.6890613833333333 0.5980500875
3 0.85495355 0.7417185203125001 0.8290641916666667 0.7444474046875 0.83239949375 0.762246340625 0.8582888541666667 0.75951745625 0.85495355 0.7417185203125001
3 0.82360935625 0.7652354265625 0.8013157395833334 0.7675853 0.80414569375 0.7826874265625 0.8264393104166667 0.7803375531250001 0.82360935625 0.7652354265625
5 0.8568252687500001 0.7086578328125 0.8269805895833334 0.7118036296875 0.8308717770833333 0.73256905625 0.8607164562499999 0.7294232593750001 0.8568252687500001 0.7086578328125
5 0.7917802166666666 0.7793156890625 0.770565325 0.7815518578125 0.7737490229166667 0.7985417515625 0.7949639166666667 0.7963055828125001 0.7917802166666666 0.7793156890625
5 0.90185079375 0.7033618734375 0.8738039875 0.706318165625 0.8778973125 0.728162315625 0.9059441208333333 0.7252060234375 0.90185079375 0.7033618734375
4 0.8979907041666666 0.6808056234375 0.8721013458333334 0.6835345078125 0.8751839729166666 0.6999850390625 0.9010733333333333 0.6972561546875 0.8979907041666666 0.6808056234375
4 0.8677572895833333 0.6681794625 0.84834026875 0.6702261265625 0.8516755708333333 0.6880250625000001 0.8710925937499999 0.6859783984375001 0.8677572895833333 0.6681794625
4 0.8586901895833333 0.6863231546875 0.83064338125 0.689279446875 0.83453456875 0.7100448734375 0.8625813770833334 0.7070885812500001 0.8586901895833333 0.6863231546875
4 0.84488739375 0.699740875 0.82043633125 0.7023181546874999 0.823468425 0.7184990046874999 0.8479194875 0.7159217250000001 0.84488739375 0.699740875
4 0.8102127583333334 0.7123335203125001 0.7843233958333333 0.7150624062500001 0.7878103020833334 0.7336703828125 0.8136996645833333 0.7309414984375 0.8102127583333334 0.7123335203125001
4 0.7760677770833334 0.76199635 0.7584486291666667 0.7638535078124999 0.7609248395833333 0.77706786875 0.7785439875000001 0.7752107125000001 0.7760677770833334 0.76199635
5 0.7949872166666666 0.7377265265624999 0.7748510479166666 0.7398489921875 0.7778831416666667 0.75602984375 0.7980193104166666 0.753907378125 0.7949872166666666 0.7377265265624999
4 0.8323557270833334 0.67493606875 0.8086238125 0.677437546875 0.8117569770833334 0.694157759375 0.8354888916666667 0.6916562828124999 0.8323557270833334 0.67493606875
4 0.8207978333333333 0.659241375 0.8028191104166668 0.6611364328125 0.8053458541666667 0.674620475 0.8233245770833334 0.6727254171875 0.8207978333333333 0.659241375
4 0.8017199895833333 0.693428165625 0.778707225 0.695853840625 0.78173931875 0.712034690625 0.8047520833333334 0.709609015625 0.8017199895833333 0.693428165625
4 0.7970814708333334 0.6735665359375 0.7755070041666666 0.67584060625 0.7782358875 0.690403371875 0.79981035625 0.6881293015625001 0.7970814708333334 0.6735665359375
5 0.7579325395833333 0.6290167234374999 0.7377963708333334 0.6311391890625 0.7404241854166667 0.6451625937500001 0.7605603541666667 0.643040128125 0.7579325395833333 0.6290167234374999
5 0.7526166604166666 0.612389078125 0.7375145354166667 0.6139809265625 0.7400412791666666 0.6274649703125 0.75514340625 0.6258731203125001 0.7526166604166666 0.612389078125
4 0.7422113541666667 0.6145858859375 0.72423263125 0.6164809453125 0.72665830625 0.629425625 0.7446370291666666 0.6275305671875 0.7422113541666667 0.6145858859375
4 0.7557751416666666 0.7564350984375 0.74714535625 0.7573447265625 0.7482571229166666 0.76327770625 0.7568869083333334 0.762368078125 0.7557751416666666 0.7564350984375
3 0.7256863958333334 0.39920928125 0.70950554375 0.400914834375 0.7117290791666666 0.412780790625 0.72790993125 0.4110752390625 0.7256863958333334 0.39920928125
3 0.70480775625 0.40911021718749996 0.68862690625 0.41081577031250005 0.6907493708333334 0.4221423671875 0.7069302208333333 0.4204368140625 0.70480775625 0.40911021718749996