4 0.7504048267223382 0.384603425 0.6330712045929019 0.40649863281250004 0.6600823152400835 0.487581090625 0.7774159352818372 0.4656858828125 0.7504048267223382 0.384603425
4 0.6122191169102296 0.3829219953125 0.48804703340292277 0.406093303125 0.5194553006263047 0.5003752328125 0.6436273841336118 0.47720392343749996 0.6122191169102296 0.3829219953125
4 0.6167130313152401 0.49452958750000003 0.5069377139874739 0.5150143671875 0.5330514446764092 0.5934030546875 0.6428267620041753 0.5729182749999999 0.6167130313152401 0.49452958750000003
4 0.7206156054279749 0.556828703125 0.6464722755741127 0.570664325 0.6655864488517744 0.6280416125 0.7397297807933194 0.614205990625 0.7206156054279749 0.556828703125
4 0.6241490668058455 0.5845581484375 0.5287705114822546 0.6023563984375 0.5524613194154488 0.6734719109375 0.6478398747390396 0.655673659375 0.6241490668058455 0.5845581484375
4 0.7420639331941544 0.62006511875 0.6636015720250522 0.6347067 0.6843310292275574 0.6969327734374999 0.762793388308977 0.6822911921875 0.7420639331941544 0.62006511875
4 0.6649432881002088 0.643898375 0.569924649269311 0.6616294625 0.5939744091858037 0.7338224828125 0.6889930459290188 0.71609139375 0.6649432881002088 0.643898375
4 0.6919727787056368 0.703232084375 0.6124306617954071 0.7180751546875 0.6306474572025053 0.7727586718749999 0.7101895720250523 0.7579156015625 0.6919727787056368 0.703232084375
4 0.7359292254697286 0.6934558546875 0.6833810396659707 0.7032616828125 0.6998030772442588 0.7525576625 0.7523512630480167 0.7427518328125 0.7359292254697286 0.6934558546875
5 0.6357991628392484 0.7979775499999999 0.5994473361169101 0.804761034375 0.6086006033402923 0.83223748125 0.6449524279749478 0.8254539968750001 0.6357991628392484 0.7979775499999999
3 0.6035366993736953 0.8095773234375001 0.5675447912317327 0.8162936453125 0.5767877954070981 0.8440394687499999 0.6127797035490605 0.8373231484374999 0.6035366993736953 0.8095773234375001
3 0.6012973695198329 0.90441565625 0.5725038434237996 0.9097887140625 0.5797726137787056 0.9316082453125001 0.6085661377870564 0.9262351875 0.6012973695198329 0.90441565625
3 0.6333368204592902 0.9437873218749999 0.6009441043841336 0.9498320109374999 0.6079436617954072 0.9708434125000001 0.6403363778705636 0.964798721875 0.6333368204592902 0.9437873218749999
4 0.48850167223382046 0.772960709375 0.4499903298538622 0.7801471734375001 0.45977175991649266 0.809509259375 0.4982831043841336 0.8023227953125 0.48850167223382046 0.772960709375
4 0.8062746597077244 0.649284640625 0.7764013757828809 0.6548591874999999 0.7839393590814197 0.6774868515625 0.8138126450939457 0.6719123046875 0.8062746597077244 0.649284640625
4 0.788795363256785 0.680014159375 0.7618014321503132 0.6850514000000001 0.7679933486430063 0.703638409375 0.794987279749478 0.69860116875 0.788795363256785 0.680014159375
4 0.7730515657620042 0.67980470625 0.7478572296450939 0.68450613125 0.7543183590814196 0.7039012703124999 0.7795126951983298 0.6991998453125 0.7730515657620042 0.67980470625
4 0.7744728622129436 0.7012848015625 0.7521578768267223 0.7054489203125 0.7584395302713988 0.7243053046875 0.7807545135699373 0.7201411859375 0.7744728622129436 0.7012848015625
4 0.8179531649269312 0.6694229203125001 0.7895195553235909 0.6747288140625 0.7961601607515658 0.6946627078125001 0.824593770354906 0.6893568125 0.8179531649269312 0.6694229203125001
4 0.8351694154488518 0.683806796875 0.8085354029227557 0.6887768750000001 0.8151760083507307 0.7087107687499999 0.841810018789144 0.703740690625 0.8351694154488518 0.683806796875
4 0.8472975762004176 0.704147290625 0.8257024321503131 0.7081770828125 0.8314456576200417 0.7254172062500001 0.8530408016701461 0.7213874140625001 0.8472975762004176 0.704147290625
4 0.8139158079331942 0.709518175 0.7937603382045929 0.713279315625 0.7985164488517745 0.72755629375 0.8186719164926931 0.723795153125 0.8139158079331942 0.709518175
4 0.8394550668058455 0.7224919875 0.8182198413361169 0.7264546171874999 0.8236938517745303 0.742886609375 0.8449290793319415 0.7389239796875 0.8394550668058455 0.7224919875
4 0.9115749394572025 0.707746403125 0.8946587432150314 0.7109030734374999 0.8997738037578288 0.726257559375 0.91669 0.7231008890624999 0.9115749394572025 0.707746403125
4 0.8755907724425888 0.70530535625 0.8554353027139875 0.709066496875 0.8600119373695199 0.722804721875 0.8801674050104384 0.71904358125 0.8755907724425888 0.70530535625
4 0.9739721628392485 0.70053758125 0.9466183131524009 0.7056419859374999 0.9522717995824634 0.7226127328125 0.9796256513569936 0.717508328125 0.9739721628392485 0.70053758125