3 0.25860854375000003 0.18394741875 0.05330481458333333 0.20558758593749998 0.08259925833333333 0.361918184375 0.2879029875 0.340278015625 0.25860854375000003 0.18394741875
5 0.46993398124999997 0.2779040015625 0.2925153104166667 0.296604928125 0.32038911875 0.445354275 0.49780779166666667 0.42665334843749997 0.46993398124999997 0.2779040015625
4 0.46341024999999997 0.4185492625 0.27588324583333335 0.4383156625 0.3017975625 0.576608115625 0.4893245666666666 0.5568417140624999 0.46341024999999997 0.4185492625
4 0.27459077083333333 0.52815806875 0.11111462708333333 0.545389375 0.13408970208333332 0.66799648125 0.29756584375 0.6507651765625 0.27459077083333333 0.52815806875
4 0.43205750416666666 0.5310209640625 0.2814781979166667 0.5468928703125 0.30068124375 0.649370453125 0.45126055 0.6334985468750001 0.43205750416666666 0.5310209640625
3 0.6452990625 0.5346695265625 0.5330617104166666 0.5464999749999999 0.5491785541666666 0.632507946875 0.6614159062499999 0.6206774984375001 0.6452990625 0.5346695265625
5 0.7207611375 0.5930953 0.63083183125 0.6025743546875 0.6428337354166668 0.66662284375 0.7327630416666667 0.6571437890625 0.7207611375 0.5930953
3 0.5719849499999999 0.6299707296875 0.4283769083333333 0.6451078265625 0.44743299374999995 0.7468011421875 0.5910410354166667 0.7316640453125001 0.5719849499999999 0.6299707296875
4 0.68946868125 0.7020950296875 0.606162075 0.7108760140625 0.6188987895833333 0.7788458406250001 0.7022053958333333 0.77006485625 0.68946868125 0.7020950296875
5 0.61658035 0.71430983125 0.4614697229166667 0.7306593640625 0.48454277083333336 0.8537893171875 0.6396533979166666 0.837439784375 0.61658035 0.71430983125
3 0.7396109562500001 0.8122414671874999 0.6733839479166667 0.8192221671875 0.6854838270833333 0.8837935015625 0.7517108354166666 0.8768128015625001 0.7396109562500001 0.8122414671874999
4 0.6958671937500001 0.75900315625 0.5550476583333332 0.773846328125 0.5768960229166668 0.8904407187500001 0.7177155583333333 0.8755975484375 0.6958671937500001 0.75900315625
4 0.5509412166666666 0.798405196875 0.4156986916666667 0.8126605203124999 0.434754775 0.9143538359375001 0.5699973020833333 0.9000985125 0.5509412166666666 0.798405196875
4 0.6560481291666667 0.8727671328125 0.5239426729166666 0.8866917921875 0.5449092645833333 0.99858058125 0.6770147208333334 0.9846559218750001 0.6560481291666667 0.8727671328125
4 0.7246774166666667 0.91085283125 0.6553133354166667 0.9181641953125 0.6668253666666666 0.9795984624999999 0.7361894458333332 0.9722870968749999 0.7246774166666667 0.91085283125
4 0.54661788125 1 0.5584485916666666 0.9987529765625001 0.5430910541666666 0.9167970515625001 0.4238824375 0.9293623109375 0.43711907708333336 1 0.54661788125 1