4 0 0.45728832812500003 0.0238141 0.454139028125 0.0006610104166666666 0.3556582515625 0 0.3557456671875 0 0.45728832812500003
4 0 0.4286602734375 0.0031716145833333336 0.44215061406249995 0.12365341458333333 0.4262174703125 0.10431812083333333 0.3439755453125 0 0.35777112031249997 0 0.4286602734375
4 0.18371278541666666 0.2895911859375 0.10758225625 0.2996590859375 0.12236082499999999 0.3625191546875 0.1984913541666667 0.3524512546875 0.18371278541666666 0.2895911859375
4 0.20040803541666669 0.263347953125 0.1455800875 0.2705986890625 0.15610981666666665 0.3153864890625 0.21093776666666667 0.308135753125 0.20040803541666669 0.263347953125
4 0.23694163541666666 0.375857746875 0.17303389791666665 0.384309240625 0.1847335979166667 0.43407346249999995 0.24864133541666666 0.42562196874999997 0.23694163541666666 0.375857746875
4 0.2798218708333333 0.3269773984375 0.20683434583333332 0.33662965 0.21939612916666668 0.39006070937500004 0.29238365208333333 0.38040845624999997 0.2798218708333333 0.3269773984375
3 0.41690546666666667 0.62211865625 0.20527656666666666 0.6501055703125 0.24357768958333334 0.8130179171874999 0.4552065895833334 0.7850310031250001 0.41690546666666667 0.62211865625
3 0.7802138479166667 0.553143184375 0.5399486958333333 0.5849171046875 0.5814518416666666 0.7614491328125 0.82171699375 0.7296752109375 0.7802138479166667 0.553143184375
3 0.9229042187500001 0.30161614062500003 0.9599218145833334 0.2967207390625 0.934182475 0.1872394515625 0.8971648791666667 0.192134853125 0.9229042187500001 0.30161614062500003
4 0.4863010583333333 0.486148125 0.3106420875 0.5093781875000001 0.34143077083333334 0.6403366640625 0.5170897416666667 0.617106603125 0.4863010583333333 0.486148125
4 0.6913434208333334 0.3627557640625 0.49298497916666667 0.388987721875 0.5259288708333333 0.5291132921874999 0.7242873125 0.5028813328124999 0.6913434208333334 0.3627557640625
4 0.45082461458333334 0.26709478125 0.29088066041666666 0.2882466078125 0.3196372895833333 0.4105618265625 0.47958124583333334 0.38941 0.45082461458333334 0.26709478125
4 0.5984063270833333 0.16885523593750001 0.4311286979166667 0.1909769046875 0.46007006041666665 0.3140778734375 0.6273476895833333 0.2919562046875 0.5984063270833333 0.16885523593750001
4 0.40153480416666665 0.09726376875000001 0.24508307708333332 0.1179537640625 0.2732855125 0.23791173125 0.4297372395833333 0.21722173437499998 0.40153480416666665 0.09726376875000001
4 0.34320078125000003 0.0689251203125 0.24646612083333333 0.08171781875 0.25945894375 0.1369822953125 0.35619360624999996 0.124189596875 0.34320078125000003 0.0689251203125
4 0.4383723583333333 0.0663313625 0.34233614166666665 0.07903169374999999 0.36376506458333335 0.17017879375 0.4598012833333333 0.1574784609375 0.4383723583333333 0.0663313625
4 0.5345666708333333 0.087232625 0.40011596666666666 0.105013090625 0.4233922125 0.2040177 0.5578429166666666 0.1862372359375 0.5345666708333333 0.087232625