4 0.35352564166666667 0.163341346875 0.2503205125 0.163341346875 0.2503205125 0.2558894234375 0.35352564166666667 0.2558894234375 0.35352564166666667 0.163341346875
4 0.32483974375 0.2306490390625 0.2533653854166667 0.2306490390625 0.2533653854166667 0.282572115625 0.32483974375 0.282572115625 0.32483974375 0.2306490390625
4 0.49887820416666667 0.1349759609375 0.42676282083333333 0.1349759609375 0.42676282083333333 0.2306490390625 0.49887820416666667 0.2306490390625 0.49887820416666667 0.1349759609375
4 0.6282051291666666 0.10709134687499999 0.4641025645833333 0.10709134687499999 0.4641025645833333 0.24194711562500001 0.6282051291666666 0.24194711562500001 0.6282051291666666 0.10709134687499999
4 0.6411858979166667 0.2074519234375 0.5793269229166668 0.2074519234375 0.5793269229166668 0.2646634609375 0.6411858979166667 0.2646634609375 0.6411858979166667 0.2074519234375
3 0.7447115375000001 0.1484375 0.6190705125 0.1484375 0.6190705125 0.24891826875 0.7447115375000001 0.24891826875 0.7447115375000001 0.1484375
4 0.5915064104166666 0.2296875 0.5001602562499999 0.2296875 0.5001602562499999 0.258533653125 0.5915064104166666 0.258533653125 0.5915064104166666 0.2296875
3 0.41762820416666663 0.250721153125 0.3528846145833333 0.250721153125 0.3528846145833333 0.3201923078125 0.41762820416666663 0.3201923078125 0.41762820416666663 0.250721153125
3 0.4046474354166667 0.317908653125 0.32548076875000004 0.317908653125 0.32548076875000004 0.39387019218749997 0.4046474354166667 0.39387019218749997 0.4046474354166667 0.317908653125
4 0.35112179583333336 0.3673076921875 0.29342948750000003 0.3673076921875 0.29342948750000003 0.42668269218750005 0.35112179583333336 0.42668269218750005 0.35112179583333336 0.3673076921875
4 0.59455128125 0.2550480765625 0.4897435895833333 0.2550480765625 0.4897435895833333 0.337259615625 0.59455128125 0.337259615625 0.59455128125 0.2550480765625
4 0.6100961541666667 0.28389423125 0.5421474354166667 0.28389423125 0.5421474354166667 0.3423076921875 0.6100961541666667 0.3423076921875 0.6100961541666667 0.28389423125
4 0.5637820520833333 0.363341346875 0.4996794875 0.363341346875 0.4996794875 0.419591346875 0.5637820520833333 0.419591346875 0.5637820520833333 0.363341346875
4 0.6213141020833334 0.3737980765625 0.53798076875 0.3737980765625 0.53798076875 0.44014423125 0.6213141020833334 0.44014423125 0.6213141020833334 0.3737980765625
3 0.3009615375 0.4650240390625 0.18974358958333332 0.4650240390625 0.18974358958333332 0.5371394234375 0.3009615375 0.5371394234375 0.3009615375 0.4650240390625
4 0.3253205125 0.528966346875 0.2522435895833333 0.528966346875 0.2522435895833333 0.5842548078124999 0.3253205125 0.5842548078124999 0.3253205125 0.528966346875
4 0.17147435833333333 0.5359375 0.09423076875 0.5359375 0.09423076875 0.585216346875 0.17147435833333333 0.585216346875 0.17147435833333333 0.5359375
3 0.22019230833333334 0.5525240390625 0.09647435833333334 0.5525240390625 0.09647435833333334 0.6419471156250001 0.22019230833333334 0.6419471156250001 0.22019230833333334 0.5525240390625
3 0.2530448708333333 0.5822115390625 0.18445512916666665 0.5822115390625 0.18445512916666665 0.650240384375 0.2530448708333333 0.650240384375 0.2530448708333333 0.5822115390625
4 0.3584935895833333 0.58954326875 0.2940705125 0.58954326875 0.2940705125 0.6347355765625 0.3584935895833333 0.6347355765625 0.3584935895833333 0.58954326875
5 0.29503205208333333 0.638341346875 0.1934294875 0.638341346875 0.1934294875 0.70829326875 0.29503205208333333 0.70829326875 0.29503205208333333 0.638341346875
5 0.18926282083333332 0.6007211531250001 0.08509615416666666 0.6007211531250001 0.08509615416666666 0.6641826921875 0.18926282083333332 0.6641826921875 0.18926282083333332 0.6007211531250001
4 0.16378205208333335 0.6489182687499999 0.09166666666666666 0.6489182687499999 0.09166666666666666 0.6753605765625 0.16378205208333335 0.6753605765625 0.16378205208333335 0.6489182687499999
4 0.42964743541666667 0.614903846875 0.34823717916666663 0.614903846875 0.34823717916666663 0.6769230765625001 0.42964743541666667 0.6769230765625001 0.42964743541666667 0.614903846875
4 0.24583333333333332 0.700721153125 0.19551282083333332 0.700721153125 0.19551282083333332 0.7420673078125 0.24583333333333332 0.7420673078125 0.24583333333333332 0.700721153125
4 0.24134615416666666 0.7362980765625 0.21217948749999999 0.7362980765625 0.21217948749999999 0.75360576875 0.24134615416666666 0.75360576875 0.24134615416666666 0.7362980765625
4 0.45769230833333335 0.685216346875 0.38044871875 0.685216346875 0.38044871875 0.7479567312500001 0.45769230833333335 0.7479567312500001 0.45769230833333335 0.685216346875
4 0.41826923125 0.724278846875 0.35897435833333335 0.724278846875 0.35897435833333335 0.7713942312500001 0.41826923125 0.7713942312500001 0.41826923125 0.724278846875
4 0.32355769166666665 0.746634615625 0.25240384583333336 0.746634615625 0.25240384583333336 0.8021634609375001 0.32355769166666665 0.8021634609375001 0.32355769166666665 0.746634615625
5 0 0.7387019234375 0.061538462499999995 0.7387019234375 0.061538462499999995 0.693509615625 0 0.693509615625 0 0.7387019234375
4 0.06939102500000001 0.6686298078124999 0.010096154166666668 0.6686298078124999 0.010096154166666668 0.7018028843749999 0.06939102500000001 0.7018028843749999 0.06939102500000001 0.6686298078124999
4 0.05705128125 0.726322115625 0.0051282041666666665 0.726322115625 0.0051282041666666665 0.7558894234375 0.05705128125 0.7558894234375 0.05705128125 0.726322115625
3 0 0.677403846875 0.04807692291666667 0.677403846875 0.04807692291666667 0.63389423125 0 0.63389423125 0 0.677403846875
4 0.3655448708333333 0.858653846875 0.3209935895833333 0.858653846875 0.3209935895833333 0.906971153125 0.3655448708333333 0.906971153125 0.3655448708333333 0.858653846875
4 0.2059294875 0.267908653125 0.15496794791666665 0.267908653125 0.15496794791666665 0.3025240390625 0.2059294875 0.3025240390625 0.2059294875 0.267908653125
4 0.17355769166666668 0.2890625 0.12996794791666666 0.2890625 0.12996794791666666 0.321033653125 0.17355769166666668 0.321033653125 0.17355769166666668 0.2890625