3 0.7056247286012526 0.641364090625 0.5808174822546972 0.6331917375 0.5701873027139874 0.7241295328125 0.6949945490605428 0.7323018859375 0.7056247286012526 0.641364090625
4 0.5777950626304801 0.57361176875 0.43720336951983296 0.564405853125 0.4248710730688935 0.669904684375 0.5654627661795407 0.6791106 0.5777950626304801 0.57361176875
5 0.5149801774530272 0.53032588125 0.400818254697286 0.52285058125 0.3913121127348643 0.6041725984374999 0.5054740334029227 0.611647896875 0.5149801774530272 0.53032588125
3 0.42248912734864297 0.4830205078125 0.3123650876826722 0.4758096078125 0.30523547807933193 0.5368011203124999 0.4153595198329854 0.5440120203125 0.42248912734864297 0.4830205078125
5 0.4091419561586639 0.5339155140625 0.2997520751565762 0.5267526874999999 0.29088823799582464 0.602579971875 0.4002781189979123 0.6097428 0.4091419561586639 0.5339155140625
5 0.5734168914405011 0.524047665625 0.48017853444676406 0.5179424359375 0.4730168121085595 0.579208684375 0.5662551691022965 0.5853139125 0.5734168914405011 0.524047665625
5 0.6771740229645093 0.5066182078125 0.5696195407098121 0.4995755625 0.5599207056367432 0.582546 0.6674751858037579 0.5895886453125 0.6771740229645093 0.5066182078125
4 0.7406474363256785 0.5553455859375 0.6426370396659709 0.5489278859375 0.6371453131524009 0.595907834375 0.7351557098121085 0.6023255359374999 0.7406474363256785 0.5553455859375
4 0.7914412755741127 0.5005352734375 0.7224302108559498 0.49601644218749996 0.7156217557411274 0.5542605890625001 0.7846328225469728 0.55877941875 0.7914412755741127 0.5005352734375
4 0.752011611691023 0.45338227499999995 0.6411534091858038 0.4461233015625 0.6327391858037578 0.5181042765625 0.7435973903966597 0.5253632484375 0.752011611691023 0.45338227499999995
4 0.6125100939457202 0.47123959062500004 0.5255121002087683 0.46554297968749997 0.5182540313152401 0.5276334375 0.6052520250521921 0.5333300484375 0.6125100939457202 0.47123959062500004
4 0.7948474175365345 0.446082515625 0.7225326283924843 0.4413473578125 0.7164307118997912 0.4935473 0.7887455010438413 0.4982824578125 0.7948474175365345 0.446082515625
4 0.6601680271398748 0.43850951250000003 0.5841824384133613 0.4335339921875 0.5791082129436326 0.4769423671875 0.6550938016701462 0.48191788750000003 0.6601680271398748 0.43850951250000003
4 0.7080414488517746 0.3944431296875 0.636827903966597 0.38978008124999997 0.6293771419624218 0.45351895937500003 0.7005906889352819 0.4581820078125 0.7080414488517746 0.3944431296875
4 0.6844721941544886 0.3650774546875 0.5703102713987475 0.3576021546875 0.5610289352818372 0.43700101562500004 0.6751908559498957 0.44447631562499995 0.6844721941544886 0.3650774546875
4 0.711013369519833 0.299404959375 0.6221799749478079 0.29358816718749997 0.6136694070981211 0.36639335 0.7025028016701462 0.37221014375 0.711013369519833 0.299404959375
4 0.5249638935281837 0.4733970078125 0.43502925887265137 0.46750810625000006 0.42809234237995825 0.5268511984375001 0.5180269770354906 0.5327401 0.5249638935281837 0.4733970078125
4 0.2968004572025052 0.44599913593749996 0.17162613152400835 0.437802746875 0.16218421711899791 0.5185752906250001 0.2873585427974948 0.5267716796874999 0.2968004572025052 0.44599913593749996
4 0.4311832379958246 0.41022734375000003 0.327666636743215 0.403449096875 0.31966991440501047 0.4718584953125 0.42318651565762005 0.478636740625 0.4311832379958246 0.41022734375000003
4 0.4376914217118998 0.37037335625 0.337845624217119 0.363835475 0.3310371691022964 0.4220796203125 0.43088296659707725 0.428617503125 0.4376914217118998 0.37037335625
4 0.5158054425887265 0.3334086515625 0.42954160960334026 0.3277601125 0.42231565553235906 0.3895758359375 0.5085794885177454 0.3952243734375 0.5158054425887265 0.3334086515625
4 0.4421042025052192 0.2804126453125 0.39071298329853865 0.2770475578125 0.38612048851774533 0.316334884375 0.4375117077244259 0.31969997031249997 0.4421042025052192 0.2804126453125
4 0.43981486221294364 0.301579378125 0.3458423465553236 0.2954260765625 0.33819889352818366 0.3608133734375 0.43217140918580377 0.366966675 0.43981486221294364 0.301579378125
4 0.37849226096033406 0.32621686875 0.2856209853862213 0.32013567656249997 0.278073878914405 0.38469876406250003 0.3709451524008351 0.39077995625 0.37849226096033406 0.32621686875
4 0.25748427557411274 0.3171859328125 0.1848024070981211 0.3124267390625 0.18098068058455113 0.3451203875 0.2536625490605428 0.34987958125 0.25748427557411274 0.3171859328125
4 0.11127697286012526 0.20255173750000002 0.03345598329853862 0.19745603437499998 0.02613368267223382 0.2600959671875 0.10395467223382046 0.26519166875 0.11127697286012526 0.20255173750000002
4 0.2641012025052192 0.3381053265625 0.15177468058455115 0.330750209375 0.14313565135699374 0.40465433749999996 0.2554621732776618 0.41200945625 0.2641012025052192 0.3381053265625
4 0.18883263674321504 0.41401387500000003 0.1517575427974948 0.41158620625 0.14783947181628393 0.4451040640625 0.18491456367432152 0.44753173281249997 0.18883263674321504 0.41401387500000003
5 0.11992515448851775 0.43234108125 0.0722047369519833 0.4292163578125 0.06802974112734865 0.464932109375 0.11575015866388308 0.4680568328125 0.11992515448851775 0.43234108125
4 0.05797164509394572 0.4576293609375 0.017959910229645094 0.45500939999999995 0.014202415448851775 0.48715357499999995 0.05421414822546973 0.4897735359375 0.05797164509394572 0.4576293609375
4 0 0.4923140734375 0.010375695198329853 0.4929934703125 0.01429376826722338 0.4594756109375 0.002914283924843424 0.4587304859375 0 0.4836612515625 0 0.4923140734375
4 0.07547734237995825 0.4961489546875 0.02959232567849687 0.49314441249999996 0.025931175365344467 0.524464378125 0.07181619206680585 0.5274689203125 0.07547734237995825 0.4961489546875
4 0.08747234237995824 0.54067501875 0.038283605427974945 0.5374541500000001 0.03398014822546973 0.5742688453125 0.08316888517745302 0.5774897140624999 0.08747234237995824 0.54067501875
4 0 0.5759195859374999 0.0204991878914405 0.57726186875 0.024834759916492692 0.540172434375 0 0.538546259375 0 0.5759195859374999
5 0 0.6401463374999999 0.03452261377870564 0.642406871875 0.0388903006263048 0.6050427015625 0 0.602496171875 0 0.6401463374999999
4 0.12200857620041754 0.601211146875 0.08346516283924843 0.5986873312500001 0.08025362839248434 0.6261609875 0.11879704175365344 0.6286848015625 0.12200857620041754 0.601211146875
4 0.07172342379958246 0.613698334375 0.03391416910229645 0.6112225921875 0.030734749478079332 0.638421509375 0.06854400417536534 0.640897253125 0.07172342379958246 0.613698334375
4 0.07657450521920668 0.6829490046875 0.0369298496868476 0.68035308125 0.03355773903966597 0.7092004171874999 0.07320239457202506 0.7117963406250001 0.07657450521920668 0.6829490046875
4 0 0.6912232140625 0.03263521503131524 0.6933601625 0.0355898267223382 0.6680843999999999 0 0.6657539859375 0 0.6912232140625
4 0.06298047807933195 0.6426092484375 0.026639544885177453 0.6402296515625 0.023717048016701464 0.6652306765625 0.06005798121085595 0.6676102734375 0.06298047807933195 0.6426092484375
3 0 0.7070030640625 0.02493135699373695 0.7086355640625001 0.028046544885177455 0.68198611875 0 0.6801496359375 0 0.7070030640625
4 0.08202188726513569 0.5857197921874999 0.04531387056367432 0.583316159375 0.0421344509394572 0.6105150781249999 0.0788424655532359 0.6129187109374999 0.08202188726513569 0.5857197921874999
4 0.46905622338204594 0.68428675625 0.44776557620041757 0.68289265 0.4442007724425887 0.7133884046875 0.46549141962421714 0.7147825109375 0.46905622338204594 0.68428675625
5 0.4902004405010439 0.7122478625 0.4509228643006263 0.709675975 0.4485784446764092 0.7297317421875 0.4878560208768267 0.7323036296875001 0.4902004405010439 0.7122478625