4 0.5860143104166667 0.32135605156249997 0.6298261041666666 0.3207824984375 0.62902495 0.2863589484375 0.5852131583333333 0.2869325015625 0.5860143104166667 0.32135605156249997
4 0.6043351083333334 0.331420334375 0.6554488666666667 0.3307511890625 0.6545506041666667 0.29215508749999997 0.6034368458333332 0.29282423281250003 0.6043351083333334 0.331420334375
4 0.6719786291666666 0.3460561984375 0.7286557895833333 0.34531422031250003 0.72761793125 0.3007200734375 0.6709407708333334 0.3014620515625 0.6719786291666666 0.3460561984375
4 0.726092675 0.3024356578125 0.7845084 0.3016709203125 0.7836647604166667 0.265421878125 0.7252490354166666 0.266186615625 0.726092675 0.3024356578125
4 0.6739396937500001 0.2958142171875 0.7281828666666667 0.295104103125 0.72712073125 0.24946682031249998 0.6728775583333333 0.2501769328125 0.6739396937500001 0.2958142171875
4 0.7269927895833334 0.2738592734375 0.7836699500000001 0.2731172953125 0.7826260208333333 0.22826236406249997 0.7259488604166666 0.22900434218750002 0.7269927895833334 0.2738592734375
4 0.6563659125 0.2879575 0.70261169375 0.2873520828125 0.7017862625000001 0.2518853921875 0.65554048125 0.252490809375 0.6563659125 0.2879575
4 0.7098604000000001 0.24760586875 0.75784474375 0.246977690625 0.7569404125 0.208120803125 0.7089560666666667 0.20874898125 0.7098604000000001 0.24760586875
4 0.6609248375 0.2447248359375 0.7130817333333332 0.244042034375 0.7120742208333334 0.2007518109375 0.6599173270833333 0.2014346125 0.6609248375 0.2447248359375
4 0.6916857541666667 0.21393148593750003 0.7382792458333333 0.21332151718749998 0.7375266458333333 0.1809842421875 0.6909331541666667 0.18159421250000002 0.6916857541666667 0.21393148593750003
5 0.7685959479166667 0.3278351953125 0.8325750729166667 0.3269976265625 0.8315372145833333 0.2824034796875 0.7675580895833334 0.28324105 0.7685959479166667 0.3278351953125
4 0.8468850375 0.3365926875 0.9032144833333333 0.33585526250000003 0.9022858729166666 0.29595523749999997 0.8459564270833333 0.29669266250000004 0.8468850375 0.3365926875
3 0.7923938125000001 0.3714792234375 0.8622840520833334 0.3705642703125 0.8609791416666667 0.31449560781249997 0.7910889020833333 0.31541056093750003 0.7923938125000001 0.3714792234375
3 0.8214897854166666 0.3887066359375 0.8917277395833333 0.3877871296875 0.8906109791666666 0.3398027859375 0.8203730270833333 0.3407222921875 0.8214897854166666 0.3887066359375
5 0.8793366583333333 0.4008621109375 0.9405340854166667 0.40006095625000004 0.9394962270833334 0.3554668109375 0.8782987999999999 0.3562679640625 0.8793366583333333 0.4008621109375
3 0.7375305958333332 0.40532717500000004 0.8004665833333333 0.4045032609375 0.7993680333333334 0.3573012703125 0.73643204375 0.358125184375 0.7375305958333332 0.40532717500000004
5 0.79297295 0.42625306875 0.8566043604166667 0.42542004999999994 0.8555179479166667 0.37873962968749997 0.7918865375 0.3795726484375 0.79297295 0.42625306875
3 0.8172534166666666 0.4383262421875 0.8756691395833334 0.4375615046875 0.8747587375 0.398443834375 0.8163430145833334 0.399208571875 0.8172534166666666 0.4383262421875
3 0.7646278145833333 0.4562322 0.822695825 0.455472015625 0.8217065208333333 0.41296414531250003 0.7636385104166667 0.41372433124999997 0.7646278145833333 0.4562322
5 0.7283681958333333 0.43009876562500005 0.7777433895833333 0.42945237968749994 0.7769179583333333 0.393985690625 0.7275427645833333 0.39463207499999997 0.7283681958333333 0.43009876562500005
3 0.6793706645833333 0.4096102265625 0.7381341 0.40884093750000006 0.7370234104166666 0.361117378125 0.678259975 0.3618866671875 0.6793706645833333 0.4096102265625
5 0.6421385854166667 0.379054834375 0.7012497333333333 0.3782809921875 0.70027256875 0.336294690625 0.6411614208333333 0.3370685328125 0.6421385854166667 0.379054834375
4 0.6626548166666667 0.4460891453125 0.7068143208333333 0.445511040625 0.7059767499999999 0.4095227828125 0.6618172458333333 0.41010088749999996 0.6626548166666667 0.4460891453125
3 0.6836770479166667 0.490030375 0.73931106875 0.489302053125 0.738418875 0.45096673593750003 0.6827848541666667 0.45169505625 0.6836770479166667 0.490030375
4 0.5005141187500001 0.42121236093750003 0.55093245 0.4205523203125 0.5500766729166667 0.383781709375 0.49965834166666667 0.38444175 0.5005141187500001 0.42121236093750003
5 0.54171709375 0.48041080156250004 0.60082824375 0.47963695937499995 0.5998692875 0.4384330125 0.5407581374999999 0.4392068546875 0.54171709375 0.48041080156250004
3 0.5413853458333333 0.5259359015625 0.60153963125 0.525148403125 0.6004653583333333 0.47898955 0.5403110708333333 0.4797770484375 0.5413853458333333 0.5259359015625
4 0.6206768458333334 0.517984978125 0.6749200187500001 0.5172748656249999 0.6739367854166667 0.475027778125 0.6196936125000001 0.47573789218750007 0.6206768458333334 0.517984978125
3 0.4348908083333333 0.5008523640625 0.49921764583333333 0.5000102421875 0.49816157916666665 0.45463374375 0.4338347416666667 0.455475865625 0.4348908083333333 0.5008523640625
3 0.26783133125 0.518691225 0.32763790625 0.5179082796875 0.3265697020833333 0.47201021093750006 0.26676312708333333 0.47279315625 0.26783133125 0.518691225
3 0.90855854375 0.5654759968749999 0.9363755541666666 0.5651118359375 0.9359628395833333 0.547378490625 0.9081458291666666 0.5477426515625 0.90855854375 0.5654759968749999
5 0.9303404145833334 0.58227743125 0.9567665729166667 0.581931478125 0.9564084833333334 0.56654519375 0.9299823229166667 0.566891146875 0.9303404145833334 0.58227743125
5 0.97272885625 0.5728531375 0.9960256 0.572548153125 0.9955825375 0.5535108859375 0.97228579375 0.5538158703125 0.97272885625 0.5728531375
4 0.9172839854166667 0.7535750984375 0.951359825 0.7531290015625001 0.9507832374999999 0.7283544765625 0.9167073979166667 0.7288005734375 0.9172839854166667 0.7535750984375
4 1 0.7442750234375 0.9786379395833333 0.74455468125 0.9793419833333333 0.7748056812499999 1 0.774535240625 1 0.7442750234375
4 0.92559619375 0.722162609375 0.9548040541666667 0.721780240625 0.9543245770833334 0.7011782656250001 0.9251167145833333 0.701560634375 0.92559619375 0.722162609375
4 0.8752502062499999 0.755820990625 0.9027195041666667 0.7554613812500001 0.9021611249999999 0.7314692093749999 0.8746918270833334 0.73182881875 0.8752502062499999 0.755820990625
4 0.9254035541666668 0.803554678125 0.9650427958333334 0.8030357499999999 0.9643508895833333 0.77330631875 0.9247116479166666 0.7738252484375 0.9254035541666668 0.803554678125
4 0.8824410749999999 0.818203765625 0.9224280270833333 0.817680284375 0.9217179125 0.7871685 0.8817309604166667 0.78769198125 0.8824410749999999 0.818203765625
4 1 0.8051867546875 0.978490425 0.8054683421875 0.9793340625 0.841717384375 1 0.841446840625 1 0.8051867546875
5 0.9313613729166667 0.8727360578125 0.9776071541666667 0.8721306406249999 0.9767513770833334 0.835360028125 0.93050559375 0.8359654453124999 0.9313613729166667 0.8727360578125
5 0.8995542854166667 0.90341266875 0.9471909166666667 0.90278904375 0.9462987229166667 0.8644537265625001 0.8986620916666667 0.8650773515625 0.8995542854166667 0.90341266875
3 1 0.8719679203125 0.992387975 0.872067571875 0.993140575 0.9044048468750001 1 0.9043150484375 1 0.8719679203125
5 1 0.907445415625 0.9657441083333332 0.9078938703125001 0.9664602916666667 0.9386664390625 1 0.9382273609375 1 0.907445415625
4 0.8871074875 0.7945344890625 0.9239650270833334 0.7940519765625 0.9234612708333334 0.772406865625 0.88660373125 0.7728893796875 0.8871074875 0.7945344890625
4 0.6149863833333333 0.5350156296875 0.6494099333333333 0.53456498125 0.6486269875 0.5009237828125 0.6142034375000001 0.50137443125 0.6149863833333333 0.5350156296875
4 0.9799310708333333 0.5908888937500001 0.9980121270833333 0.590652190625 0.9976904520833333 0.5768306125 0.9796093958333334 0.5770673171875 0.9799310708333333 0.5908888937500001