4 0.26756230833333333 0.0732151234375 0.22826387083333335 0.0664105546875 0.2175010875 0.1013746046875 0.25679952500000003 0.10817917343750001 0.26756230833333333 0.0732151234375
4 0.14177460833333333 0 0.12852188125 0.0430529015625 0.21829183958333334 0.05859667187499999 0.23632931666666668 0 0.14177460833333333 0
4 0.19001311875000002 0.095093228125 0.13838576041666667 0.0861538921875 0.12424293125 0.1320983875 0.17587028958333334 0.1410377234375 0.19001311875000002 0.095093228125
4 0.14157700833333334 0.162796621875 0.09919633958333333 0.1554583609375 0.08709932708333333 0.194756796875 0.12947999583333333 0.20209505781249998 0.14157700833333334 0.162796621875
4 0.10484085833333333 0.166783978125 0.09020026458333333 0.16424894375000001 0.07703586875 0.2070148890625 0.09167646458333333 0.209549925 0.10484085833333333 0.166783978125
3 0.21715692708333334 0.48283108593749996 0.10850830625 0.464018453125 0.08831697083333333 0.5296121671875 0.1969655916666667 0.5484248 0.21715692708333334 0.48283108593749996
5 0.20471663333333331 0.54170134375 0.092215225 0.5222215968749999 0.06953332708333333 0.5959061671875 0.18203473541666665 0.6153859140625 0.20471663333333331 0.54170134375
5 0.24823095833333333 0.60797750625 0.14536152291666668 0.5901655453125 0.12463649375 0.6574930140624999 0.22750593125000002 0.675304975 0.24823095833333333 0.60797750625
5 0 0.63682514375 0.06619255 0.648286459375 0.09447821041666667 0.55639746875 0 0.5400384578125 0 0.63682514375
3 0 0.7124587640625 0.08512101041666667 0.727197565625 0.10833659999999999 0.6517792421874999 0 0.6330206375 0 0.7124587640625
5 0 0.786266225 0.05507483541666667 0.7958024953125 0.084694725 0.699579115625 0 0.684914128125 0 0.786266225
3 0.74158245 0.20429431875 0.6302368791666667 0.1850147046875 0.6042638812500001 0.26939076093750003 0.7156094520833334 0.2886703734375 0.74158245 0.20429431875
4 0.6375826958333334 0.219157590625 0.5404924375 0.2023463015625 0.5223469208333333 0.26129395781250003 0.6194371770833332 0.278105246875 0.6375826958333334 0.219157590625
4 0.6877661833333334 0.27958822968749997 0.5818145166666666 0.26124257812499996 0.5569978520833333 0.341862165625 0.6629495187500001 0.3602078171875 0.6877661833333334 0.27958822968749997
4 0.6181656333333333 0.2552102078125 0.5349454145833333 0.24080053281249997 0.51297510625 0.3121734296875 0.596195325 0.32658310468749996 0.6181656333333333 0.2552102078125
4 0.5841194979166667 0.3150569828125 0.49357898125 0.29937978906249996 0.47418818333333335 0.362372871875 0.5647287 0.378050065625 0.5841194979166667 0.3150569828125
4 0.6099292125000001 0.351179471875 0.5386526354166666 0.33883785 0.52041816875 0.3980744640625 0.5916947458333334 0.410416084375 0.6099292125000001 0.351179471875
4 0.6397411166666667 0.378255403125 0.5530533895833333 0.3632453234375 0.5338404874999999 0.4256604890625 0.6205282145833333 0.4406705671875 0.6397411166666667 0.378255403125
4 0.6534297875 0.408931153125 0.5678978958333333 0.3941212078125 0.5482402520833334 0.45798116718750004 0.63377214375 0.47279111250000005 0.6534297875 0.408931153125
4 0.85927025625 0.10673234375 0.7433013416666667 0.08665219375 0.71421514375 0.1811418171875 0.8301840583333333 0.20122196875 0.85927025625 0.10673234375
4 0.7862663624999999 0.27929509218750004 0.70111975 0.264551859375 0.6805726208333333 0.331301409375 0.7657192333333334 0.3460446421875 0.7862663624999999 0.27929509218750004
4 0.8120895791666667 0.3259203609375 0.7292546395833334 0.311577396875 0.7151118083333333 0.35752189375 0.7979467479166666 0.3718648578125 0.8120895791666667 0.3259203609375
4 0.80617425 0.3471144421875 0.7210276375000001 0.33237120781249996 0.7075963958333333 0.3760040328125 0.7927430083333333 0.390747265625 0.80617425 0.3471144421875
4 0.84101819375 0.30642835156250003 0.7786030291666666 0.29562109375 0.7647270458333334 0.3406987125 0.8271422104166667 0.35150597031249997 0.84101819375 0.30642835156250003
5 1 0.0734235171875 0.9701340458333333 0.06825219375 0.9585262520833333 0.10596135468750001 1 0.11314258125000001 1 0.0734235171875
4 0.9008834604166667 0.20752861875 0.80263736875 0.1905171953125 0.7772870125 0.2728705359375 0.87553310625 0.289881959375 0.9008834604166667 0.20752861875
4 0.94179189375 0.13791307656250001 0.8905498145833334 0.1290404515625 0.8764069854166666 0.1749849484375 0.9276490645833333 0.18385757187500001 0.94179189375 0.13791307656250001
4 1 0.11983851718750001 0.9434699020833333 0.110050265625 0.9205211583333334 0.1846017109375 1 0.1983635640625 1 0.11983851718750001
4 1 0.2329084984375 0.9608970125 0.226137771875 0.947287875 0.27034851249999997 1 0.27947567812499996 1 0.2329084984375
4 0.95096078125 0.2874199546875 0.8627319395833334 0.27214303125 0.8405837333333334 0.34409384374999996 0.9288125770833333 0.35937076874999996 0.95096078125 0.2874199546875
4 0.97552471875 0.33154447343750004 0.88267253125 0.3154670109375 0.8615027583333333 0.384239275 0.9543549479166666 0.40031673906250004 0.97552471875 0.33154447343750004
4 0.9326946020833333 0.363238734375 0.8618033020833333 0.350963825 0.8476604729166667 0.3969083203125 0.9185517708333334 0.40918322968750004 0.9326946020833333 0.363238734375
3 1 0.4873559625 0.9870140749999999 0.5295421265625 1 0.5317906546875 1 0.4873559625
5 0.9086759958333332 0.461040703125 0.8689922812499999 0.454169421875 0.8578737041666666 0.4902893078125 0.8975574187500001 0.4971605890625 0.9086759958333332 0.461040703125
4 0.9776748458333333 0.43859517812500004 0.9295149958333333 0.43025624531249995 0.9194638020833333 0.46290862343750006 0.9676236520833333 0.47124755625 0.9776748458333333 0.43859517812500004
4 0.9225067625 0.42204246718749994 0.8512301854166666 0.409700846875 0.8363757666666667 0.4579570140625 0.90765234375 0.470298634375 0.9225067625 0.42204246718749994
4 0.8775276291666666 0.4561038671875 0.8228180416666666 0.44663083906249995 0.8112547208333333 0.484195521875 0.8659643083333334 0.49366855000000004 0.8775276291666666 0.4561038671875
4 0.85890455 0.18702023437499998 0.8072771916666667 0.178080896875 0.7959807166666667 0.214778703125 0.8476080770833333 0.22371803906249998 0.85890455 0.18702023437499998
4 0.19596039166666665 0.765259890625 0.14972693541666665 0.757254515625 0.13762992291666667 0.796552953125 0.18386337916666667 0.8045583296875 0.19596039166666665 0.765259890625