4 0.5968107125 0.551942184375 0.3934434 0.546615878125 0.38652732500000003 0.695153765625 0.5898946354166666 0.7004800734375001 0.5968107125 0.551942184375
4 0.7179934979166667 0.5216792046875 0.5681264125 0.5177540984375 0.5629625625 0.628659065625 0.71282965 0.6325841718749999 0.7179934979166667 0.5216792046875
4 0.7137057541666666 0.653068459375 0.6871217916666666 0.6523722109375 0.6861354395833333 0.673556303125 0.7127194020833334 0.674252553125 0.7137057541666666 0.653068459375
4 0.9658288125 0.533035959375 0.9269497687499999 0.5320176953125 0.9256152916666667 0.5606785296875 0.9644943354166667 0.5616967953125 0.9658288125 0.533035959375
4 0.96513468125 0.5050705828125001 0.9319047291666667 0.5042002703125 0.9308371479166666 0.5271289375 0.9640670979166667 0.5279992484375 0.96513468125 0.5050705828125001
4 0.9839280708333333 0.4837290421875 0.9526919145833334 0.48291094843750004 0.9515315 0.5078334140625 0.9827676541666667 0.50865150625 0.9839280708333333 0.4837290421875
4 1 0.47903463906250005 0.98350135625 0.47860253124999996 0.9824685875 0.500783525 1 0.50124268125 1 0.47903463906250005
4 0.5104249875 0.4207981875 0.31237447083333336 0.41561113125000004 0.30580651875 0.55667228125 0.5038570375 0.5618593375 0.5104249875 0.4207981875
4 0.6286582166666667 0.41815562812499996 0.4910862125 0.4145525375 0.4855858416666667 0.53268501875 0.6231578458333333 0.536288109375 0.6286582166666667 0.41815562812499996
4 0.4574838958333334 0.28591384999999997 0.26940236458333333 0.2809878859375 0.2629504541666667 0.41955678750000003 0.4510319875 0.42448275156250004 0.4574838958333334 0.28591384999999997
4 0.57483045625 0.32017829375 0.44423674375 0.31675796875 0.43921214375 0.4246722390625 0.5698058583333334 0.4280925640625 0.57483045625 0.32017829375
4 0.48035877083333334 0.24122352187499999 0.34777126041666667 0.237750978125 0.34331526458333333 0.33345324062500004 0.475902775 0.336925784375 0.48035877083333334 0.24122352187499999
4 0.3300871270833333 0.21383213437499998 0.17324175 0.20972426406250003 0.16754411041666667 0.3320935640625 0.3243894875 0.33620143593749996 0.3300871270833333 0.21383213437499998
4 0.37749941875000004 0.1816370609375 0.27282506666666667 0.1788955796875 0.26841548750000005 0.2736009453125 0.37308983958333336 0.27634242656249997 0.37749941875000004 0.1816370609375
4 0.8008938583333334 0.1453155796875 0.7596887166666666 0.14423639375 0.75815696875 0.17713404531250002 0.7993621104166666 0.1782132328125 0.8008938583333334 0.1453155796875
4 0.8219289520833333 0.111556321875 0.7823853083333333 0.11052065156249999 0.7809812041666666 0.140676834375 0.82052485 0.14171250468750002 0.8219289520833333 0.111556321875
4 0.8533977187499999 0.096660209375 0.8131894770833333 0.0956071328125 0.8117389583333333 0.1267602109375 0.8519472 0.1278132890625 0.8533977187499999 0.096660209375
4 0.8834977354166667 0.0611421390625 0.8459478874999999 0.0601586859375 0.8446598270833333 0.08782262187499999 0.8822096729166666 0.088806075 0.8834977354166667 0.0611421390625
4 0.7681692083333334 0.1621750296875 0.7329454583333334 0.1612524984375 0.73171541875 0.1876703125 0.76693916875 0.1885928421875 0.7681692083333334 0.1621750296875
4 1 0.23973674531250003 0.9869868520833334 0.2393959234375 0.9859192708333333 0.26232459218750004 1 0.2626933734375 1 0.23973674531250003
4 0.99757455 0.2299416078125 0.9689967895833332 0.2291931390625 0.9679756229166667 0.2511249078125 0.9965533833333333 0.2518733765625 0.99757455 0.2299416078125
4 0.7672545979166667 0.1389449203125 0.73535384375 0.1381094203125 0.7342514479166666 0.1617857609375 0.7661522041666667 0.162621259375 0.7672545979166667 0.1389449203125
4 0.7355701083333333 0.101309621875 0.70699235 0.100561153125 0.7059827875 0.122243696875 0.7345605479166667 0.12299216406249999 0.7355701083333333 0.101309621875
4 0.7794558020833333 0.0841186625 0.7528718395833334 0.0834224140625 0.7518042583333333 0.10635108124999999 0.7783882208333334 0.1070473296875 0.7794558020833333 0.0841186625
4 0.8974711979166667 0.0325627984375 0.8985155708333333 0.01013258125 0.8629595229166667 0.009201346874999999 0.86191515 0.031631565625000004 0.8974711979166667 0.0325627984375