5 0.63830128125 0.2887019234375 0.48862179583333337 0.2887019234375 0.48862179583333337 0.4009615390625 0.63830128125 0.4009615390625 0.63830128125 0.2887019234375
3 0.3762820520833333 0.28485576875 0.18461538541666667 0.28485576875 0.18461538541666667 0.4324519234375 0.3762820520833333 0.4324519234375 0.3762820520833333 0.28485576875
5 0.5607371791666667 0.38076923125 0.4040064104166667 0.38076923125 0.4040064104166667 0.4925480765625 0.5607371791666667 0.4925480765625 0.5607371791666667 0.38076923125
4 0.563141025 0.536658653125 0.4092948708333333 0.536658653125 0.4092948708333333 0.645072115625 0.563141025 0.645072115625 0.563141025 0.536658653125
4 0.5613782041666667 0.672596153125 0.43573717916666665 0.672596153125 0.43573717916666665 0.775240384375 0.5613782041666667 0.775240384375 0.5613782041666667 0.672596153125
4 0.39647435833333333 0.6407451921875 0.23301282083333333 0.6407451921875 0.23301282083333333 0.758533653125 0.39647435833333333 0.758533653125 0.39647435833333333 0.6407451921875
4 0.38798076875000004 0.74735576875 0.24503205208333334 0.74735576875 0.24503205208333334 0.8415865390624999 0.38798076875000004 0.8415865390624999 0.38798076875000004 0.74735576875
4 0.52516025625 0.760697115625 0.40977564166666663 0.760697115625 0.40977564166666663 0.8472355765625 0.52516025625 0.8472355765625 0.52516025625 0.760697115625
4 0.4290064104166667 0.8286057687499999 0.35753205208333333 0.8286057687499999 0.35753205208333333 0.8862980765625 0.4290064104166667 0.8862980765625 0.4290064104166667 0.8286057687499999
4 0.3533653854166667 0.8391826921875 0.24951923125 0.8391826921875 0.24951923125 0.9197115390624999 0.3533653854166667 0.9197115390624999 0.3533653854166667 0.8391826921875
4 0.09375 0.8509615390624999 0.03830128125 0.8509615390624999 0.03830128125 0.8949519234375 0.09375 0.8949519234375 0.09375 0.8509615390624999
5 0.15496794791666665 0.7985576921875001 0.11105769166666667 0.7985576921875001 0.11105769166666667 0.8350961531250001 0.15496794791666665 0.8350961531250001 0.15496794791666665 0.7985576921875001
5 0.07996794791666666 0.7675480765625 0.02772435833333333 0.7675480765625 0.02772435833333333 0.8045673078125001 0.07996794791666666 0.8045673078125001 0.07996794791666666 0.7675480765625
4 0.10224358958333334 0.2902644234375 0.060897435416666666 0.2902644234375 0.060897435416666666 0.3222355765625 0.10224358958333334 0.3222355765625 0.10224358958333334 0.2902644234375
4 0.14102564166666667 0.3423076921875 0.10224358958333334 0.3423076921875 0.10224358958333334 0.3699519234375 0.14102564166666667 0.3699519234375 0.14102564166666667 0.3423076921875
4 0.15272435833333334 0.3735576921875 0.11554487083333333 0.3735576921875 0.11554487083333333 0.3987980765625 0.15272435833333334 0.3987980765625 0.15272435833333334 0.3735576921875
4 0.06666666666666667 0.35733173125 0.023397435416666668 0.35733173125 0.023397435416666668 0.38737980781250003 0.06666666666666667 0.38737980781250003 0.06666666666666667 0.35733173125
4 0.054326922916666666 0.3396634609375 0.014583333333333334 0.3396634609375 0.014583333333333334 0.3644230765625 0.054326922916666666 0.3644230765625 0.054326922916666666 0.3396634609375
4 0.09839743541666666 0.38858173125 0.0625 0.38858173125 0.0625 0.41646634687499995 0.09839743541666666 0.41646634687499995 0.09839743541666666 0.38858173125
4 0.13397435833333335 0.4140625 0.10128205208333334 0.4140625 0.10128205208333334 0.43641826874999995 0.13397435833333335 0.43641826874999995 0.13397435833333335 0.4140625
4 0 0.417427884375 0.027243589583333335 0.417427884375 0.027243589583333335 0.3878605765625 0 0.3878605765625 0 0.417427884375
4 0.13894230833333332 0.69891826875 0.10849358958333334 0.69891826875 0.10849358958333334 0.7222355765625 0.13894230833333332 0.7222355765625 0.13894230833333332 0.69891826875
3 0.13253205208333335 0.6813701921875001 0.09951923124999999 0.6813701921875001 0.09951923124999999 0.7051682687499999 0.13253205208333335 0.7051682687499999 0.13253205208333335 0.6813701921875001
4 0.18525641041666668 0.8519230765625 0.14583333333333334 0.8519230765625 0.14583333333333334 0.888221153125 0.18525641041666668 0.888221153125 0.18525641041666668 0.8519230765625
4 0.09294871875 0.8127403843750001 0.04358974375 0.8127403843750001 0.04358974375 0.8485576921875 0.09294871875 0.8485576921875 0.09294871875 0.8127403843750001
4 0 0.9002403843750001 0.039423077083333334 0.9002403843750001 0.039423077083333334 0.858653846875 0 0.858653846875 0 0.9002403843750001
3 0 0.8741586531250001 0.022756410416666664 0.8741586531250001 0.022756410416666664 0.8344951921874999 0 0.8344951921874999 0 0.8741586531250001
4 0.20753205208333333 0.7737980765625 0.17291666666666666 0.7737980765625 0.17291666666666666 0.7985576921875001 0.20753205208333333 0.7985576921875001 0.20753205208333333 0.7737980765625
4 0.15737179583333333 0.89735576875 0.11730769166666667 0.89735576875 0.11730769166666667 0.9293269234375 0.15737179583333333 0.9293269234375 0.15737179583333333 0.89735576875
4 0.09903846250000001 0.9456730765625 0.05512820416666667 0.9456730765625 0.05512820416666667 0.9841346156249999 0.09903846250000001 0.9841346156249999 0.09903846250000001 0.9456730765625
4 0.13557692291666665 0.9456730765625 0.09647435833333334 0.9456730765625 0.09647435833333334 0.9810096156249999 0.13557692291666665 0.9810096156249999 0.13557692291666665 0.9456730765625
5 0.15272435833333334 0.7610576921875001 0.12644230833333334 0.7610576921875001 0.12644230833333334 0.7865384609375 0.15272435833333334 0.7865384609375 0.15272435833333334 0.7610576921875001