4 0.29745370416666667 0.9208829359375 0.24189814791666667 0.9208829359375 0.24189814791666667 0.9618055562500001 0.29745370416666667 0.9618055562500001 0.29745370416666667 0.9208829359375
4 0.25115740833333333 0.928943453125 0.20849867708333333 0.928943453125 0.20849867708333333 0.9649057546875 0.25115740833333333 0.9649057546875 0.25115740833333333 0.928943453125
5 0.23859127083333334 0.9058779765624999 0.18667328125 0.9058779765624999 0.18667328125 0.9465525796875 0.23859127083333334 0.9465525796875 0.23859127083333334 0.9058779765624999
4 0.49074074166666665 0.796626984375 0.44609788333333333 0.796626984375 0.44609788333333333 0.83134920625 0.49074074166666665 0.83134920625 0.49074074166666665 0.796626984375
4 0.48908730208333334 0.8463541671874999 0.44675925833333335 0.8463541671874999 0.44675925833333335 0.8785962296875001 0.48908730208333334 0.8785962296875001 0.48908730208333334 0.8463541671874999
4 0.46693121666666665 0.45225694375 0.43055555624999997 0.45225694375 0.43055555624999997 0.476810515625 0.46693121666666665 0.476810515625 0.46693121666666665 0.45225694375
4 0.4237764541666667 0.445064484375 0.38773148125 0.445064484375 0.38773148125 0.47209821406249997 0.4237764541666667 0.47209821406249997 0.4237764541666667 0.445064484375
4 0.4161706354166667 0.46180555625 0.37549603125 0.46180555625 0.37549603125 0.4918154765625 0.4161706354166667 0.4918154765625 0.4161706354166667 0.46180555625
4 0.4361772479166667 0.5017361109375 0.3998015875 0.5017361109375 0.3998015875 0.531001984375 0.4361772479166667 0.531001984375 0.4361772479166667 0.5017361109375
4 0.3864087291666667 0.4853670640625 0.3487103166666667 0.4853670640625 0.3487103166666667 0.5133928578125 0.3864087291666667 0.5133928578125 0.3864087291666667 0.4853670640625
4 0.3700396833333333 0.45684523749999995 0.32572751250000004 0.45684523749999995 0.32572751250000004 0.486855159375 0.3700396833333333 0.486855159375 0.3700396833333333 0.45684523749999995
4 0.42542989374999995 0.5233134921875 0.39401454999999996 0.5233134921875 0.39401454999999996 0.54637896875 0.42542989374999995 0.54637896875 0.42542989374999995 0.5233134921875