4 0.4802884625 0.2515625 0.34823717916666663 0.2515625 0.34823717916666663 0.37415865312499996 0.4802884625 0.37415865312499996 0.4802884625 0.2515625
4 0.24631410208333332 0.2546875 0.10945512916666668 0.2546875 0.10945512916666668 0.3756009609375 0.24631410208333332 0.3756009609375 0.24631410208333332 0.2546875
4 0.3091346145833333 0.3427884609375 0.1915064104166667 0.3427884609375 0.1915064104166667 0.4512019234375 0.3091346145833333 0.4512019234375 0.3091346145833333 0.3427884609375
4 0.5072115375 0.36983173125 0.40240384583333333 0.36983173125 0.40240384583333333 0.466947115625 0.5072115375 0.466947115625 0.5072115375 0.36983173125
4 0.8634615375 0.228125 0.8237179479166666 0.228125 0.8237179479166666 0.2605769234375 0.8634615375 0.2605769234375 0.8634615375 0.228125
4 0.8334935895833334 0.24014423125 0.7979166666666667 0.24014423125 0.7979166666666667 0.2730769234375 0.8334935895833334 0.2730769234375 0.8334935895833334 0.24014423125
4 0.8911858979166667 0.2390625 0.8572115375 0.2390625 0.8572115375 0.2717548078125 0.8911858979166667 0.2717548078125 0.8911858979166667 0.2390625
4 0.8006410249999999 0.255528846875 0.7737179479166667 0.255528846875 0.7737179479166667 0.2790865390625 0.8006410249999999 0.2790865390625 0.8006410249999999 0.255528846875
4 0.74375 0.356971153125 0.6511217958333333 0.356971153125 0.6511217958333333 0.45048076875 0.74375 0.45048076875 0.74375 0.356971153125
4 0.6094551291666667 0.4012019234375 0.5261217958333334 0.4012019234375 0.5261217958333334 0.4853365390625 0.6094551291666667 0.4853365390625 0.6094551291666667 0.4012019234375
4 0.7560897437499999 0.43858173125000005 0.6785256416666667 0.43858173125000005 0.6785256416666667 0.517908653125 0.7560897437499999 0.517908653125 0.7560897437499999 0.43858173125000005
4 0.3451923083333333 0.399158653125 0.313141025 0.399158653125 0.313141025 0.4359375 0.3451923083333333 0.4359375 0.3451923083333333 0.399158653125
4 0.36987179583333335 0.43353365312500003 0.33782051249999995 0.43353365312500003 0.33782051249999995 0.46165865312500004 0.36987179583333335 0.46165865312500004 0.36987179583333335 0.43353365312500003
4 0.45320512916666666 0.4775240390625 0.41955128125 0.4775240390625 0.41955128125 0.503966346875 0.45320512916666666 0.503966346875 0.45320512916666666 0.4775240390625
4 0.39278846250000005 0.4699519234375 0.3584935895833333 0.4699519234375 0.3584935895833333 0.500721153125 0.39278846250000005 0.500721153125 0.39278846250000005 0.4699519234375
4 0.41746794791666664 0.504927884375 0.38573717916666667 0.504927884375 0.38573717916666667 0.535216346875 0.41746794791666664 0.535216346875 0.41746794791666664 0.504927884375
4 0.47692307708333337 0.51298076875 0.4592948708333333 0.51298076875 0.4592948708333333 0.5326923078125 0.47692307708333337 0.5326923078125 0.47692307708333337 0.51298076875
4 0.463141025 0.5438701921875 0.4455128208333334 0.5438701921875 0.4455128208333334 0.56141826875 0.463141025 0.56141826875 0.463141025 0.5438701921875
4 0.3104166666666667 0.4831730765625 0.23605769166666668 0.4831730765625 0.23605769166666668 0.5425480765625 0.3104166666666667 0.5425480765625 0.3104166666666667 0.4831730765625
4 0.3953525645833333 0.580528846875 0.3764423083333333 0.580528846875 0.3764423083333333 0.5925480765625 0.3953525645833333 0.5925480765625 0.3953525645833333 0.580528846875
4 0.3217948708333333 0.5423076921875001 0.25192307708333334 0.5423076921875001 0.25192307708333334 0.606971153125 0.3217948708333333 0.606971153125 0.3217948708333333 0.5423076921875001
4 0.25977564166666667 0.5801682687499999 0.20272435833333333 0.5801682687499999 0.20272435833333333 0.63545673125 0.25977564166666667 0.63545673125 0.25977564166666667 0.5801682687499999
4 0.3342948708333333 0.6234375 0.3016025645833333 0.6234375 0.3016025645833333 0.6534855765625001 0.3342948708333333 0.6534855765625001 0.3342948708333333 0.6234375
4 0.3038461541666667 0.6234375 0.25929487083333336 0.6234375 0.25929487083333336 0.6558894234375 0.3038461541666667 0.6558894234375 0.3038461541666667 0.6234375
4 0.5838141020833334 0.7037259609375 0.5389423083333333 0.7037259609375 0.5389423083333333 0.747716346875 0.5838141020833334 0.747716346875 0.5838141020833334 0.7037259609375
4 0.58125 0.7490384609375 0.53766025625 0.7490384609375 0.53766025625 0.790865384375 0.58125 0.790865384375 0.58125 0.7490384609375
4 0.5735576916666666 0.7878605765625 0.53669871875 0.7878605765625 0.53669871875 0.81766826875 0.5735576916666666 0.81766826875 0.5735576916666666 0.7878605765625
4 0.6411858979166667 0.734375 0.5966346145833333 0.734375 0.5966346145833333 0.7721153843749999 0.6411858979166667 0.7721153843749999 0.6411858979166667 0.734375
4 0.65080128125 0.6875 0.60625 0.6875 0.60625 0.7278846156250001 0.65080128125 0.7278846156250001 0.65080128125 0.6875
4 0.6806089750000001 0.6987980765625 0.6366987187500001 0.6987980765625 0.6366987187500001 0.747115384375 0.6806089750000001 0.747115384375 0.6806089750000001 0.6987980765625
4 0.7256410249999999 0.6936298078124999 0.68205128125 0.6936298078124999 0.68205128125 0.7364182687499999 0.7256410249999999 0.7364182687499999 0.7256410249999999 0.6936298078124999
4 0.7621794875 0.755528846875 0.7208333333333333 0.755528846875 0.7208333333333333 0.7882211531250001 0.7621794875 0.7882211531250001 0.7621794875 0.755528846875
3 0.906891025 0.8431490390624999 0.8299679479166666 0.8431490390624999 0.8299679479166666 0.9121394234375 0.906891025 0.9121394234375 0.906891025 0.8431490390624999
4 0.93205128125 0.2014423078125 0.9035256416666667 0.2014423078125 0.9035256416666667 0.23317307656250003 0.93205128125 0.23317307656250003 0.93205128125 0.2014423078125
4 0.475641025 0.9143028843750001 0.44294871875 0.9143028843750001 0.44294871875 0.9393028843750001 0.475641025 0.9393028843750001 0.475641025 0.9143028843750001
3 0.48653846250000005 0.8421875 0.45512820416666666 0.8421875 0.45512820416666666 0.8686298078125001 0.48653846250000005 0.8686298078125001 0.48653846250000005 0.8421875
3 0.42163461458333334 0.9459134609375001 0.39631410208333334 0.9459134609375001 0.39631410208333334 0.969471153125 0.42163461458333334 0.969471153125 0.42163461458333334 0.9459134609375001
3 0.39294871875 0.9699519234375 0.36378205208333336 0.9699519234375 0.36378205208333336 0.9889423078125 0.39294871875 0.9889423078125 0.39294871875 0.9699519234375
3 0.39967948750000004 0.9786057687499999 0.3621794875 0.9786057687499999 0.3621794875 0.9995192312500001 0.39967948750000004 0.9995192312500001 0.39967948750000004 0.9786057687499999
4 0.47051282083333335 0.97920673125 0.44102564166666663 0.97920673125 0.44102564166666663 0.9996394234375 0.47051282083333335 0.9996394234375 0.47051282083333335 0.97920673125
3 0.380608975 0.9677884609375 0.3533653854166667 0.9677884609375 0.3533653854166667 0.9956730765625 0.380608975 0.9956730765625 0.380608975 0.9677884609375
4 0.06298076875 0.8402644234375 0.0315705125 0.8402644234375 0.0315705125 0.86454326875 0.06298076875 0.86454326875 0.06298076875 0.8402644234375
4 0.09423076875 0.8741586531250001 0.06025641041666666 0.8741586531250001 0.06025641041666666 0.8986778843750001 0.09423076875 0.8986778843750001 0.09423076875 0.8741586531250001
4 0.144391025 0.909375 0.11650641041666666 0.909375 0.11650641041666666 0.928125 0.144391025 0.928125 0.144391025 0.909375
4 0.06987179583333333 0.9427884609375001 0.0378205125 0.9427884609375001 0.0378205125 0.9685096156249999 0.06987179583333333 0.9685096156249999 0.06987179583333333 0.9427884609375001
4 0.12147435833333334 0.9097355765625 0.10128205208333334 0.9097355765625 0.10128205208333334 0.9277644234375 0.12147435833333334 0.9277644234375 0.12147435833333334 0.9097355765625
4 0.12660256458333333 0.927283653125 0.10416666666666667 0.927283653125 0.10416666666666667 0.9433894234375 0.12660256458333333 0.9433894234375 0.12660256458333333 0.927283653125
4 0.6110576916666666 0.8287259609375001 0.57516025625 0.8287259609375001 0.57516025625 0.8640625 0.6110576916666666 0.8640625 0.6110576916666666 0.8287259609375001
4 0.6392628208333334 0.8432692312500001 0.6068910249999999 0.8432692312500001 0.6068910249999999 0.8752403843750001 0.6392628208333334 0.8752403843750001 0.6392628208333334 0.8432692312500001
4 0.7703525645833333 0.8026442312500001 0.7389423083333334 0.8026442312500001 0.7389423083333334 0.8221153843750001 0.7703525645833333 0.8221153843750001 0.7703525645833333 0.8026442312500001