3 1 0.4541629796875 0.8541854166666667 0.42485980312500005 0.8124690416666667 0.541625528125 0.9694816770833333 0.573179084375 1 0.4877571359375 1 0.4541629796875
3 0.9174285020833334 0.48137144843749996 0.7408721 0.44589033906250003 0.6964929770833332 0.5701091953125 0.8730493791666666 0.6055903046875 0.9174285020833334 0.48137144843749996
4 0.98012351875 0.20998875 0.9085734583333333 0.1956099140625 0.8889578854166668 0.25051465 0.9605079458333333 0.26489348437500004 0.98012351875 0.20998875
3 0.9246177083333333 0.10151078124999999 0.8414738875 0.08480204062499999 0.8208819729166666 0.1424395890625 0.9040257958333334 0.15914832968749998 0.9246177083333333 0.10151078124999999
3 0.8100662750000001 0.060916174999999996 0.7401724645833333 0.04687018125 0.7185154520833333 0.1074889828125 0.7884092625 0.12153497656250001 0.8100662750000001 0.060916174999999996
5 0.91399601875 0.1337256671875 0.93671813125 0.0701256125 0.8386680458333333 0.050421281250000005 0.8159459354166666 0.11402133750000001 0.91399601875 0.1337256671875
5 1 0.12464799062500001 0.9337143458333333 0.11132709999999998 0.9111697520833334 0.1744302796875 1 0.19228177500000002 1 0.12464799062500001
4 1 0.0828428578125 0.9546056458333333 0.073720321875 0.9368983770833333 0.1232836453125 1 0.1359646671875 1 0.0828428578125
5 0.89455095 0.5593191015625 0.82763839375 0.5458722265625 0.80598138125 0.606491028125 0.8728939395833333 0.6199379031250001 0.89455095 0.5593191015625
4 0.9337217229166667 0.5634630875 0.8522341541666666 0.547087190625 0.8268492937499999 0.618140378125 0.9083368645833333 0.6345162734375001 0.9337217229166667 0.5634630875
5 0.8338100479166666 0.55443505 0.6479786395833333 0.5170900171875 0.60146931875 0.6472713796875 0.7873007270833334 0.6846164109374999 0.8338100479166666 0.55443505
4 0.6999489708333333 0.6608045796875001 0.5909676270833334 0.6389034828125 0.5741035604166667 0.686106646875 0.6830849041666667 0.7080077453125 0.6999489708333333 0.6608045796875001
4 0.7164343875 0.69167695625 0.583271775 0.6649163453125 0.5478572354166666 0.7640429937500001 0.6810198479166666 0.7908036046875 0.7164343875 0.69167695625
4 0.7117787437499999 0.48757372343750005 0.6114099083333334 0.46740341250000006 0.5903742041666666 0.52628315 0.6907430395833334 0.5464534609375 0.7117787437499999 0.48757372343750005
3 0.7235736333333332 0.4123249609375 0.5649047500000001 0.3804385609375 0.52798131875 0.48378865156249995 0.6866502041666667 0.51567505 0.7235736333333332 0.4123249609375
3 0.6712165770833334 0.3655898234375 0.5552789770833333 0.342290784375 0.5263437895833333 0.4232814796875 0.6422813895833334 0.44658051875 0.6712165770833334 0.3655898234375
5 0.6157813645833333 0.4412550234375 0.44319996666666667 0.40657273906249997 0.39819953541666664 0.532530659375 0.5707809333333334 0.56721294375 0.6157813645833333 0.4412550234375
5 0.51943264375 0.6219980671875 0.36010125625 0.5899785296875 0.3165209583333333 0.7119614453125 0.47585234374999996 0.7439809828125 0.51943264375 0.6219980671875
3 0.4007191916666667 0.4832436390625 0.19931901875 0.442769878125 0.14934812708333334 0.582640309375 0.3507483 0.6231140703125 0.4007191916666667 0.4832436390625
3 0.38024904375 0.3815402265625 0.19441763541666665 0.3441951953125 0.15314505 0.4597187296875 0.3389764604166666 0.4970637625 0.38024904375 0.3815402265625
3 0.31061309375 0.2336098609375 0.16121921458333333 0.203587384375 0.12181055416666667 0.313893728125 0.27120443333333333 0.3439162046875 0.31061309375 0.2336098609375
5 0.22144952083333333 0.4315070546875 0.13996195208333334 0.4151311578125 0.10516871874999999 0.5125187421875 0.18665628958333333 0.5288946375 0.22144952083333333 0.4315070546875
4 0.27132567916666667 0.3440737078125 0.17327559375 0.324369378125 0.14540550416666667 0.4023788203125 0.24345558958333333 0.42208315 0.27132567916666667 0.3440737078125
4 0.8343714416666667 0.6109981125 0.79395890625 0.6028767328125 0.77416581875 0.6582783421875 0.8145783541666667 0.666399721875 0.8343714416666667 0.6109981125