1 0.28259183125000004 0.9086098078125 0.3624748895833333 0.9044203312500001 0.3565710208333333 0.8410983953125 0.2766879625 0.8452878703125 0.28259183125000004 0.9086098078125
2 0.3776257895833333 0.9129257390625 0.49712565000000003 0.90665855625 0.48733885208333333 0.80169026875 0.36783899375 0.8079574515625 0.3776257895833333 0.9129257390625
1 0.32123348749999997 0.8663240390625001 0.43066678333333336 0.8605847984375 0.42192451666666664 0.7668196234375 0.31249122083333336 0.7725588640625001 0.32123348749999997 0.8663240390625001
1 0.41253782916666665 0.8218882140625 0.5209969416666667 0.8162000640624999 0.51334461875 0.7341250921875 0.4048855083333333 0.739813240625 0.41253782916666665 0.8218882140625
0 0.22940207499999998 0.7038625515625 0.3722823416666667 0.6963691796875 0.3634038333333333 0.6011427281249999 0.22052356458333333 0.6086361 0.22940207499999998 0.7038625515625
0 0.11951804791666666 0.7030175375 0.25655321458333336 0.6958307125000001 0.2465166375 0.5881834203125 0.10948147291666667 0.5953702453124999 0.11951804791666666 0.7030175375
1 0.21804150208333334 0.6205136375 0.3274748 0.614774396875 0.32048098541666664 0.53976225625 0.21104768958333334 0.5455014968749999 0.21804150208333334 0.6205136375
2 0.04920490208333333 0.554356465625 0.11967085208333333 0.5506608703125 0.11596958125 0.5109628875000001 0.04550363125 0.51465848125 0.04920490208333333 0.554356465625
1 0.015228989583333333 0.51893834375 0.09511204791666666 0.5147488671875 0.09043436666666667 0.46457841093749996 0.010551308333333334 0.46876788593749996 0.015228989583333333 0.51893834375
1 0.16101104583333334 0.32382440468749996 0.21848787916666668 0.3208100265625 0.21490014583333333 0.282329771875 0.15742331041666666 0.28534415156250004 0.16101104583333334 0.32382440468749996
0 0 0.42869494374999995 0.0303246875 0.42710456093750004 0.0265325875 0.38643239375 0 0.3878238984375 0 0.42869494374999995
1 0.46414237291666666 0.2799042875 0.5514941729166666 0.2753231125 0.5451815750000001 0.20761734999999998 0.45782977500000005 0.21219852343749998 0.46414237291666666 0.2799042875
2 0.48129307083333334 0.21011141093750002 0.5725416062500001 0.2053258703125 0.5658884000000001 0.13396691875 0.47463986666666663 0.1387524578125 0.48129307083333334 0.21011141093750002
0 0.7095245833333333 0.45132199375 0.7686250583333333 0.4482224640625 0.7649237854166666 0.4085244796875 0.7058233125 0.4116240109375 0.7095245833333333 0.45132199375
0 0.7881297958333333 0.5646731953125 0.9319842458333334 0.5571287328125 0.92158435625 0.44558470625 0.7777299041666667 0.45312916875000003 0.7881297958333333 0.5646731953125
1 0.8248274604166668 0.561035425 0.9443273208333333 0.5547682421875 0.9364479270833334 0.47025781093749996 0.8169480666666666 0.47652499375 0.8248274604166668 0.561035425
2 0.75834320625 0.6091866640625 0.8817398020833332 0.602715115625 0.8749503541666667 0.5298948875 0.7515537583333334 0.5363664359375 0.75834320625 0.6091866640625
2 0.6984764791666667 0.5778184921875 0.7923228354166666 0.5728967109374999 0.7849657083333333 0.4939878359375 0.6911193499999999 0.49890961718750004 0.6984764791666667 0.5778184921875