1 0.3438690520833333 0.5085557671875 0.5294375979166667 0.4712635609375 0.4601408875 0.277299421875 0.2745723395833333 0.3145916296875 0.3438690520833333 0.5085557671875
1 0.23153081666666667 0.564388328125 0.4063668520833333 0.529252946875 0.3494081083333333 0.369823253125 0.17457207291666668 0.40495863437499996 0.23153081666666667 0.564388328125
1 0.6354751937500001 0 0.6417179 0.0174735734375 0.68534035625 0.008707121875 0.6822296020833334 0 0.6354751937500001 0
1 0.547945975 0 0.5319806354166666 0.003208425 0.5459884041666666 0.0424167046875 0.5916881208333333 0.0332328046875 0.5798151833333333 0 0.547945975 0
1 0.5788655083333333 0.08562536875 0.6439529833333334 0.0725452671875 0.6217817458333333 0.010487128125 0.5566942708333333 0.02356723125 0.5788655083333333 0.08562536875
1 0.38877818333333336 0.7490267359375 0.5456113020833333 0.71750925625 0.5031241604166666 0.5985861296875 0.34629104166666663 0.630103609375 0.38877818333333336 0.7490267359375
1 0.47929972708333335 0.8388157734374999 0.6115519354166667 0.8122381187500001 0.5709201291666666 0.69850814375 0.43866791875 0.7250857984375 0.47929972708333335 0.8388157734374999
2 0.6738087208333333 0.8338186343749999 0.77697929375 0.8130852796875001 0.7452530875 0.7242824234375 0.6420825166666667 0.7450157765625 0.6738087208333333 0.8338186343749999
2 0.6059560291666667 0.886416446875 0.7063569208333333 0.8662396937500001 0.6776920145833334 0.7860055312500001 0.5772911229166666 0.8061822843750001 0.6059560291666667 0.886416446875
1 0.6496022729166667 0.950420678125 0.7853165833333333 0.9231472734375 0.7465401104166667 0.814610446875 0.6108258000000001 0.8418838515625 0.6496022729166667 0.950420678125
1 0.8035150270833333 0.9263084312500001 0.81362659375 0.9546110953125 0.8818299583333334 0.94090481875 0.8717183916666666 0.912602153125 0.8035150270833333 0.9263084312500001
2 0.7523827208333334 0.2223270015625 0.7911582374999999 0.2145346 0.7747385354166667 0.16857522656249999 0.73596301875 0.1763676265625 0.7523827208333334 0.2223270015625
2 0.8814500625 0.2688865453125 0.9314774041666667 0.25883295624999997 0.9160781354166667 0.2157298140625 0.86605079375 0.22578340312499998 0.8814500625 0.2688865453125