1 0.153436503131524 0.21547748437499997 0.05641204801670146 0.20397612187499997 0.040059467640918583 0.28124939531250004 0.13708392275574113 0.29275075781250004 0.153436503131524 0.21547748437499997
2 0 0.5934766046875 0.11923435490605427 0.607610746875 0.13968839457202506 0.51095623125 0.0028116096033402923 0.49473073906250004 0 0.5080168546875 0 0.5934766046875
1 0 0.6463704234375001 0.029619133611691023 0.6498815015625 0.0523636012526096 0.5424036937500001 0 0.5361964671874999 0 0.6463704234375001
2 0.16762225260960334 0.5654842328125 0.04856971607515658 0.55137164375 0.03173774321503132 0.63091025625 0.1507902797494781 0.6450228453125 0.16762225260960334 0.5654842328125
2 0 0.695135946875 0.10430117536534446 0.707499896875 0.12219846137787056 0.6229271953125 0.002473311064718163 0.6087348734375 0 0.6204223765625 0 0.695135946875
2 0 0.7223569125 0.0706000375782881 0.7307259015625001 0.07768437995824636 0.6972492078125 0.004369542797494781 0.6885584031249999 0 0.709206453125 0 0.7223569125
1 0.24230603340292275 0.828356659375 0.08356931941544886 0.8095398734374999 0.05549827766179541 0.942188128125 0.21423499373695198 0.9610049140625 0.24230603340292275 0.828356659375
1 0.4878103006263048 1 0.5352404947807934 0.7758710609375 0.246353127348643 0.74162610625 0.19793457620041752 0.97042546875 0.4474226597077244 1 0.4878103006263048 1
1 0.7228247995824634 0.679547903125 0.4931273924843424 0.6523193765624999 0.45285849895615865 0.8426079546875 0.6825559060542797 0.8698364828124999 0.7228247995824634 0.679547903125
2 0.5185286743215032 0.9028993468750001 0.45362149895615866 0.8952051937500001 0.4385472985386221 0.9664375578125 0.503454471816284 0.9741317109375001 0.5185286743215032 0.9028993468750001
2 0.5471061064718163 1 0.5521238830897703 0.9762887640625 0.42029169728601257 0.9606612640625001 0.4128344926931107 0.9958998890625 0.4474226597077244 1 0.5471061064718163 1