3 0.28339947083333333 0.00049603125 0.13591269791666666 0.00049603125 0.13591269791666666 0.14905753906250002 0.28339947083333333 0.14905753906250002 0.28339947083333333 0.00049603125
3 0.008432539583333334 0 0.008432539583333334 0.1304563484375 0.2306547625 0.1304563484375 0.2306547625 0 0.008432539583333334 0
3 0.14864417916666667 0.49578372968749995 0.02628968333333333 0.49578372968749995 0.02628968333333333 0.580853175 0.14864417916666667 0.580853175 0.14864417916666667 0.49578372968749995
3 0.2526455020833333 0.4856150796875 0.15476190416666666 0.4856150796875 0.15476190416666666 0.5580357140625 0.2526455020833333 0.5580357140625 0.2526455020833333 0.4856150796875
4 0.17294973541666667 0.5833333328125 0.11011904791666667 0.5833333328125 0.11011904791666667 0.644097221875 0.17294973541666667 0.644097221875 0.17294973541666667 0.5833333328125
4 0.30439814791666664 0.572792659375 0.21544312083333333 0.572792659375 0.21544312083333333 0.6375248015625 0.30439814791666664 0.6375248015625 0.30439814791666664 0.572792659375
4 0.250661375 0.6485615078125 0.17691798958333335 0.6485615078125 0.17691798958333335 0.7053571421875 0.250661375 0.7053571421875 0.250661375 0.6485615078125
4 0.42956349166666663 0.739211309375 0.3012566145833333 0.739211309375 0.3012566145833333 0.8339533734375 0.42956349166666663 0.8339533734375 0.42956349166666663 0.739211309375
5 0.52397486875 0.6531498015625 0.3172949729166667 0.6531498015625 0.3172949729166667 0.8086557546875 0.52397486875 0.8086557546875 0.52397486875 0.6531498015625
4 0.5510912708333334 0.7094494046875 0.4889219583333333 0.7094494046875 0.4889219583333333 0.7868303578125 0.5510912708333334 0.7868303578125 0.5510912708333334 0.7094494046875
3 0.47800925833333335 0.43390377031250005 0.2984457666666666 0.43390377031250005 0.2984457666666666 0.5631200390625 0.47800925833333335 0.5631200390625 0.47800925833333335 0.43390377031250005
5 0.6483134916666666 0.4890873015625 0.5011574083333333 0.4890873015625 0.5011574083333333 0.58134920625 0.6483134916666666 0.58134920625 0.6483134916666666 0.4890873015625
4 0.5530753958333333 0.604538690625 0.42212301666666663 0.604538690625 0.42212301666666663 0.7002728171875 0.5530753958333333 0.7002728171875 0.5530753958333333 0.604538690625
3 0.65641534375 0.36805555624999997 0.4775132270833333 0.36805555624999997 0.4775132270833333 0.499751984375 0.65641534375 0.499751984375 0.65641534375 0.36805555624999997