4 0.2828525645833333 0.8376201921875 0.194391025 0.8376201921875 0.194391025 0.9054086531250001 0.2828525645833333 0.9054086531250001 0.2828525645833333 0.8376201921875
4 0.12644230833333334 0.8447115390625 0.016185897916666667 0.8447115390625 0.016185897916666667 0.931971153125 0.12644230833333334 0.931971153125 0.12644230833333334 0.8447115390625
4 0.5613782041666667 0.8201923078125001 0.46298076875 0.8201923078125001 0.46298076875 0.893509615625 0.5613782041666667 0.893509615625 0.5613782041666667 0.8201923078125001
4 0.52580128125 0.909375 0.4985576916666667 0.909375 0.4985576916666667 0.9324519234374999 0.52580128125 0.9324519234374999 0.52580128125 0.909375
4 0.494391025 0.6805288468749999 0.38125 0.6805288468749999 0.38125 0.7651442312500001 0.494391025 0.7651442312500001 0.494391025 0.6805288468749999
4 0.41794871875 0.7079326921875 0.35576923125 0.7079326921875 0.35576923125 0.7704326921875 0.41794871875 0.7704326921875 0.41794871875 0.7079326921875
3 0.65048076875 0.6756009609375 0.5264423083333333 0.6756009609375 0.5264423083333333 0.7743990390625 0.65048076875 0.7743990390625 0.65048076875 0.6756009609375
4 0.58701923125 0.7581730765625 0.5408653854166666 0.7581730765625 0.5408653854166666 0.7860576921875 0.58701923125 0.7860576921875 0.58701923125 0.7581730765625
4 0.23285256458333334 0.70048076875 0.17419871875 0.70048076875 0.17419871875 0.755528846875 0.23285256458333334 0.755528846875 0.23285256458333334 0.70048076875
4 0.17996794791666665 0.7537259609375 0.13798076874999998 0.7537259609375 0.13798076874999998 0.7905048078125 0.17996794791666665 0.7905048078125 0.17996794791666665 0.7537259609375
4 0.37099358958333334 0.64326923125 0.2639423083333333 0.64326923125 0.2639423083333333 0.7302884609375 0.37099358958333334 0.7302884609375 0.37099358958333334 0.64326923125
4 0.24342948749999999 0.6254807687499999 0.14567307708333335 0.6254807687499999 0.14567307708333335 0.6966346156250001 0.24342948749999999 0.6966346156250001 0.24342948749999999 0.6254807687499999
4 0.48108974375 0.6180288468749999 0.37788461458333333 0.6180288468749999 0.37788461458333333 0.691346153125 0.48108974375 0.691346153125 0.48108974375 0.6180288468749999
5 0.37852564166666663 0.5533653843749999 0.28173076875 0.5533653843749999 0.28173076875 0.6254807687499999 0.37852564166666663 0.6254807687499999 0.37852564166666663 0.5533653843749999
3 0.2427884625 0.5402644234375 0.13669871875 0.5402644234375 0.13669871875 0.623197115625 0.2427884625 0.623197115625 0.2427884625 0.5402644234375
5 0.053044870833333334 0.503125 0.006891024999999999 0.503125 0.006891024999999999 0.535096153125 0.053044870833333334 0.535096153125 0.053044870833333334 0.503125
4 0.6685897437499999 0.6201923078125 0.561858975 0.6201923078125 0.561858975 0.7019230765625 0.6685897437499999 0.7019230765625 0.6685897437499999 0.6201923078125
3 0.6294871791666666 0.5878605765625 0.5426282041666667 0.5878605765625 0.5426282041666667 0.63016826875 0.6294871791666666 0.63016826875 0.6294871791666666 0.5878605765625
5 0.6685897437499999 0.5254807687499999 0.5490384625 0.5254807687499999 0.5490384625 0.614903846875 0.6685897437499999 0.614903846875 0.6685897437499999 0.5254807687499999
4 0.69294871875 0.504927884375 0.6201923083333334 0.504927884375 0.6201923083333334 0.55733173125 0.69294871875 0.55733173125 0.69294871875 0.504927884375
4 0.7623397437499999 0.572115384375 0.6527243583333333 0.572115384375 0.6527243583333333 0.652403846875 0.7623397437499999 0.652403846875 0.7623397437499999 0.572115384375
5 0.7073717958333333 0.4328125 0.61955128125 0.4328125 0.61955128125 0.49483173125 0.7073717958333333 0.49483173125 0.7073717958333333 0.4328125
5 0.6533653854166667 0.4581730765625 0.5841346145833334 0.4581730765625 0.5841346145833334 0.5144230765625 0.6533653854166667 0.5144230765625 0.6533653854166667 0.4581730765625
5 0.5852564104166667 0.45072115312500005 0.5211538458333334 0.45072115312500005 0.5211538458333334 0.5040865390625 0.5852564104166667 0.5040865390625 0.5852564104166667 0.45072115312500005
3 0.8698717958333333 0.3527644234375 0.775 0.3527644234375 0.775 0.4275240390625 0.8698717958333333 0.4275240390625 0.8698717958333333 0.3527644234375
3 0.6613782041666667 0.38257211562500004 0.5927884625 0.38257211562500004 0.5927884625 0.4441105765625 0.6613782041666667 0.4441105765625 0.6613782041666667 0.38257211562500004
3 0.5634615375 0.3894230765625 0.48782051249999997 0.3894230765625 0.48782051249999997 0.4478365390625 0.5634615375 0.4478365390625 0.5634615375 0.3894230765625
5 0.5923076916666666 0.3737980765625 0.5288461541666667 0.3737980765625 0.5288461541666667 0.427403846875 0.5923076916666666 0.427403846875 0.5923076916666666 0.3737980765625