3 0 0.6594951921875001 0.09615384583333333 0.6594951921875001 0.09615384583333333 0.5525240390625 0 0.5525240390625 0 0.6594951921875001
3 0.6253205125 0.5621394234375 0.5397435895833333 0.5621394234375 0.5397435895833333 0.6323317312500001 0.6253205125 0.6323317312500001 0.6253205125 0.5621394234375
3 0.6916666666666667 0.5568509609375 0.6144230770833333 0.5568509609375 0.6144230770833333 0.628966346875 0.6916666666666667 0.628966346875 0.6916666666666667 0.5568509609375
3 0.8019230770833333 0.6332932687499999 0.6823717958333333 0.6332932687499999 0.6823717958333333 0.7183894234375 0.8019230770833333 0.7183894234375 0.8019230770833333 0.6332932687499999
3 0.8198717958333333 0.6826923078125 0.7221153854166666 0.6826923078125 0.7221153854166666 0.7485576921875 0.8198717958333333 0.7485576921875 0.8198717958333333 0.6826923078125
4 0.8786858979166666 0.6951923078125 0.8030448708333334 0.6951923078125 0.8030448708333334 0.7512019234375 0.8786858979166666 0.7512019234375 0.8786858979166666 0.6951923078125
4 0.8386217958333333 0.5808894234374999 0.7559294875 0.5808894234374999 0.7559294875 0.6402644234375 0.8386217958333333 0.6402644234375 0.8386217958333333 0.5808894234374999
3 0.24487179583333332 0.2753605765625 0.20897435833333333 0.2753605765625 0.20897435833333333 0.30901442343749996 0.24487179583333332 0.30901442343749996 0.24487179583333332 0.2753605765625
5 0.26298076875 0.259615384375 0.2309294875 0.259615384375 0.2309294875 0.290865384375 0.26298076875 0.290865384375 0.26298076875 0.259615384375
4 0.37980769166666667 0.00048076875000000005 0.2673076916666667 0.00048076875000000005 0.2673076916666667 0.056009615624999995 0.37980769166666667 0.056009615624999995 0.37980769166666667 0.00048076875000000005
4 0.3774038458333333 0.0590144234375 0.27483974375000003 0.0590144234375 0.27483974375000003 0.13329326875 0.3774038458333333 0.13329326875 0.3774038458333333 0.0590144234375
4 0.5176282041666667 0.00048076875000000005 0.4163461541666667 0.00048076875000000005 0.4163461541666667 0.051923076562500003 0.5176282041666667 0.051923076562500003 0.5176282041666667 0.00048076875000000005
5 0.5463141020833333 0.000841346875 0.4459935895833333 0.000841346875 0.4459935895833333 0.03233173125 0.5463141020833333 0.03233173125 0.5463141020833333 0.000841346875
5 0.7104166666666667 0.00048076875000000005 0.59919871875 0.00048076875000000005 0.59919871875 0.08076923124999999 0.7104166666666667 0.08076923124999999 0.7104166666666667 0.00048076875000000005
5 0.6655448708333334 0.0610576921875 0.5565705125 0.0610576921875 0.5565705125 0.15625 0.6655448708333334 0.15625 0.6655448708333334 0.0610576921875
4 0.4983974354166667 0.1376201921875 0.41987179583333334 0.1376201921875 0.41987179583333334 0.21838942343749998 0.4983974354166667 0.21838942343749998 0.4983974354166667 0.1376201921875
4 0.5637820520833333 0.16502403906250002 0.49262820416666664 0.16502403906250002 0.49262820416666664 0.23665865312499998 0.5637820520833333 0.23665865312499998 0.5637820520833333 0.16502403906250002
4 0.6051282041666667 0.142908653125 0.5282051291666667 0.142908653125 0.5282051291666667 0.23233173125 0.6051282041666667 0.23233173125 0.6051282041666667 0.142908653125
5 0.7272435895833333 0 0.7272435895833333 0.04375 0.8298076916666666 0.04375 0.8298076916666666 0 0.7272435895833333 0
4 0.7389423083333334 0.0546875 0.6511217958333333 0.0546875 0.6511217958333333 0.14891826875 0.7389423083333334 0.14891826875 0.7389423083333334 0.0546875
4 0.8913461541666667 0.00048076875000000005 0.7971153854166667 0.00048076875000000005 0.7971153854166667 0.0920673078125 0.8913461541666667 0.0920673078125 0.8913461541666667 0.00048076875000000005
4 0.7761217958333333 0.0887019234375 0.6975961541666666 0.0887019234375 0.6975961541666666 0.174278846875 0.7761217958333333 0.174278846875 0.7761217958333333 0.0887019234375
4 0.9107371791666666 0.07992788437500001 0.8222756416666667 0.07992788437500001 0.8222756416666667 0.160216346875 0.9107371791666666 0.160216346875 0.9107371791666666 0.07992788437500001
4 0.9608974354166667 0.1427884609375 0.8967948708333334 0.1427884609375 0.8967948708333334 0.20697115312499997 0.9608974354166667 0.20697115312499997 0.9608974354166667 0.1427884609375
4 0.9072115375 0.152403846875 0.8594551291666667 0.152403846875 0.8594551291666667 0.21875 0.9072115375 0.21875 0.9072115375 0.152403846875
4 0.825 0.160697115625 0.7657051291666667 0.160697115625 0.7657051291666667 0.21887019218749998 0.825 0.21887019218749998 0.825 0.160697115625
4 0.9713141020833334 0.172115384375 0.9158653854166666 0.172115384375 0.9158653854166666 0.22019230781250002 0.9713141020833334 0.22019230781250002 0.9713141020833334 0.172115384375
4 0.91298076875 0.210096153125 0.8552884625 0.210096153125 0.8552884625 0.26201923125 0.91298076875 0.26201923125 0.91298076875 0.210096153125
4 0.83733974375 0.2092548078125 0.79375 0.2092548078125 0.79375 0.2563701921875 0.83733974375 0.2563701921875 0.83733974375 0.2092548078125
3 0.93044871875 0.0771634609375 0.8990384625 0.0771634609375 0.8990384625 0.10432692343750001 0.93044871875 0.10432692343750001 0.93044871875 0.0771634609375
3 0.16666666666666666 0.20132211562500002 0.136858975 0.20132211562500002 0.136858975 0.2222355765625 0.16666666666666666 0.2222355765625 0.16666666666666666 0.20132211562500002