3 0.16283167849686847 0.64546658125 0.11911313361169103 0.638511603125 0.10996126722338205 0.6707364359375 0.15367981419624216 0.6776914140625 0.16283167849686847 0.64546658125
4 0.17550864509394573 0.6727438703125 0.13775171816283927 0.6667372984375 0.12859985386221295 0.69896213125 0.16635677870563675 0.704968703125 0.17550864509394573 0.6727438703125
4 0.24605747599164926 0.6425139109375 0.18412287056367432 0.632661025 0.16926868684759916 0.68496440625 0.2312032943632568 0.6948172921875 0.24605747599164926 0.6425139109375
4 0.3148088872651357 0.6496945484375 0.2465814592901879 0.6388405671874999 0.22982650521920667 0.6978367984375 0.29805393319415446 0.7086907796874999 0.3148088872651357 0.6496945484375
4 0.36752484551148223 0.6133891046875 0.2890301816283925 0.6009017578125 0.27220482881002084 0.6601458734375 0.35069949060542793 0.6726332203125 0.36752484551148223 0.6133891046875
4 0.24966046764091857 0.5981362328125 0.16917859916492692 0.58533275 0.1545356158663883 0.6368924812500001 0.2350174822546973 0.6496959640625 0.24966046764091857 0.5981362328125
4 0.2857802901878914 0.5428683750000001 0.19569359081419624 0.5285369046875 0.178164248434238 0.5902598515624999 0.2682509478079332 0.604591321875 0.2857802901878914 0.5428683750000001
4 0.42671587682672235 0.5481896921875 0.341265993736952 0.534595871875 0.3240182463465553 0.5953272859375 0.40946812943632566 0.6089211062500001 0.42671587682672235 0.5481896921875
3 0.33026406471816283 0.47338613125 0.23752775574112736 0.458633146875 0.2179568413361169 0.5275447125 0.3106931524008351 0.542297696875 0.33026406471816283 0.47338613125
3 0.46875396868475994 0.46355066093749997 0.3833040855949896 0.44995684062499997 0.36535234864300625 0.5131670875000001 0.4508022338204593 0.5267609078125 0.46875396868475994 0.46355066093749997
4 0.6865211482254697 0.83642676875 0.5838488058455115 0.8200931078125 0.5604763486430062 0.902390371875 0.6631486910229645 0.9187240328125 0.6865211482254697 0.83642676875
4 0.7949132087682672 0.7923972765625 0.6760120146137787 0.7734818453125001 0.648486018789144 0.870404225 0.7673872129436327 0.8893196578125 0.7949132087682672 0.7923972765625
4 0.644242260960334 0.7585826 0.5389203089770355 0.741827425 0.5146326659707725 0.8273471718750001 0.6199546158663883 0.844102346875 0.644242260960334 0.7585826
4 0.7683425824634655 0.7598007171875001 0.7166752108559499 0.7515811984375 0.7081569352818372 0.78157508125 0.7598243068893529 0.7897946 0.7683425824634655 0.7598007171875001
4 0.6301993903966596 0.6696853984375 0.5242150375782881 0.652824846875 0.5026025532359082 0.728925028125 0.6085869060542798 0.7457855796875 0.6301993903966596 0.6696853984375
4 0.8497406096033403 0.6413949859375 0.6930824906054279 0.61647298125 0.6568270208768267 0.74413289375 0.8134851419624217 0.7690548984375 0.8497406096033403 0.6413949859375
4 0.6573909227557411 0.5605329218749999 0.5179552609603341 0.5383507578125 0.488950885177453 0.6404786875 0.6283865490605428 0.6626608515625 0.6573909227557411 0.5605329218749999
4 0.5621801231732777 0.5282868203125 0.47408063256784966 0.5142714859375 0.45436892066805845 0.5836788171875 0.5424684133611691 0.5976941499999999 0.5621801231732777 0.5282868203125
4 0.9481724551148225 0.558084428125 0.7935015407098122 0.533478559375 0.7624555949895616 0.64279510625 0.9171265093945721 0.667400975 0.9481724551148225 0.558084428125
4 1 0.38691461562499996 0.8444056325678497 0.36216183750000003 0.7994206910229644 0.52055928125 0.9964304926931107 0.5519006453124999 1 0.5393319765625 1 0.38691461562499996
4 0.7072815010438414 0.4068021328125 0.5257832964509395 0.3779284375 0.4904430146137787 0.5023658656250001 0.6719412192066806 0.5312395609375 0.7072815010438414 0.4068021328125
4 0.8605266012526096 0.2249512953125 0.6777035949895616 0.1958668421875 0.6339858350730689 0.3498023859375 0.8168088434237996 0.3788868390625 0.8605266012526096 0.2249512953125
4 0.36490608768267224 0.21489182968749998 0.31853793528183716 0.20751533906250003 0.30959726513569935 0.23899652031250002 0.3559654196242171 0.24637301250000002 0.36490608768267224 0.21489182968749998
4 0.3678339039665971 0.175329315625 0.324115356993737 0.1683743375 0.3134851127348643 0.20580471875 0.3572036597077244 0.212759696875 0.3678339039665971 0.175329315625
4 0.3953313486430063 0.12970078125 0.35591841962421716 0.1234307625 0.3437393987473904 0.166314578125 0.3831523277661795 0.172584596875 0.3953313486430063 0.12970078125
4 0.39379847599164924 0.11559599375 0.33881909394572024 0.10684958281250001 0.32642887473903964 0.1504770484375 0.3814082588726514 0.1592234609375 0.39379847599164924 0.11559599375
4 0.4166711356993737 0.07467246250000001 0.36599736534446764 0.0666110109375 0.3516359770354906 0.117179209375 0.40230974739039665 0.1252406609375 0.4166711356993737 0.07467246250000001
4 0.4023316450939457 0.0227769109375 0.3374162275574113 0.0124498234375 0.32284364091858037 0.06376167187500001 0.3877590584551148 0.0740887609375 0.4023316450939457 0.0227769109375
4 0.49598992066805847 0.112292403125 0.4469721565762004 0.10449439687499999 0.43366675365344465 0.15134434531250002 0.48268451565762005 0.15914235000000002 0.49598992066805847 0.112292403125
4 0.4937366680584551 0.1842180359375 0.4447189039665971 0.17642002968749998 0.43486304801670145 0.21112369531250003 0.4838808121085595 0.21892170000000002 0.4937366680584551 0.1842180359375
4 0.44832065970772444 0.2063989109375 0.406258121085595 0.199707378125 0.3977398455114822 0.229701259375 0.43980238622129436 0.23639279218749998 0.44832065970772444 0.2063989109375
4 0.49310483716075154 0.2193527765625 0.4497174926931107 0.2124504875 0.4408472233820459 0.2436837859375 0.4842345678496869 0.250586075 0.49310483716075154 0.2193527765625
4 0.4835449832985386 0.2542330734375 0.4577112985386221 0.2501233140625 0.45144578914405015 0.27218492968749997 0.47727947599164927 0.2762946890625 0.4835449832985386 0.2542330734375
4 0.46509618371607514 0.2637341125 0.4316448705636743 0.2584125015625 0.4241825803757829 0.2846881328125 0.45763389352818373 0.2900097453125 0.46509618371607514 0.2637341125
4 0.4583700480167015 0.15760602031249998 0.41365789770354905 0.150492975 0.40239406263048016 0.1901543078125 0.44710621294363256 0.197267353125 0.4583700480167015 0.15760602031249998
4 0.37240194780793323 0.18240355156250002 0.3555106931106472 0.1797164015625 0.34804840292275574 0.2059920328125 0.36493965762004177 0.2086791828125 0.37240194780793323 0.18240355156250002
4 0.5688589018789144 0.6022811156250001 0.4923514488517745 0.590109903125 0.4755260960334029 0.6493540171875 0.5520335490605427 0.661525228125 0.5688589018789144 0.6022811156250001
4 0.954407521920668 0.5275977796875 0.7560180605427975 0.4960369328125 0.7291960542797495 0.5904804796875001 0.92758551565762 0.6220413265625 0.954407521920668 0.5275977796875
4 0.8450845949895616 0.47678443281250005 0.708629739039666 0.455076471875 0.6799773590814197 0.555964984375 0.8164322150313152 0.5776729453125 0.8450845949895616 0.47678443281250005
4 0.40362718789144053 0.25589841875 0.37679989979123174 0.2516305921875 0.3680704279749478 0.28236812499999997 0.39489771607515656 0.286635953125 0.40362718789144053 0.25589841875
4 0.25281886847599166 0.4328257171875 0.22433557411273486 0.42829444375000003 0.21799966597077244 0.45060394375 0.24648296033402922 0.4551352171875 0.25281886847599166 0.4328257171875
5 0.29443170146137787 0.4179418375 0.2702540229645094 0.414095525 0.26405891231732775 0.4359092578125 0.2882365929018789 0.43975557031249995 0.29443170146137787 0.4179418375
3 0.37711673277661795 0.42176883125 0.3526078496868476 0.41786982968749997 0.3470463319415449 0.4374526109375 0.37155521294363253 0.4413516140625 0.37711673277661795 0.42176883125
4 0.8620104697286012 0.687779634375 0.8199479290187892 0.6810881015625 0.8042489603340293 0.736366084375 0.8463114989561588 0.743057615625 0.8620104697286012 0.687779634375
4 1 0.5356281234375 0.9374706680584551 0.525680625 0.9169141691022964 0.5980625546875 0.9795111795407098 0.60802081875 1 0.5358771859375 1 0.5356281234375