4 0.42483615448851775 0 0.4212428100208768 0.011649043750000001 0.5353426722338205 0.03136440625 0.5450175532359081 0 0.42483615448851775 0
4 0.4270512588726514 0.10050588281249999 0.5145750647181628 0.11562915781250001 0.534781528183716 0.050123059375 0.4472577223382046 0.034999784374999995 0.4270512588726514 0.10050588281249999
3 0.1653258288100209 0.155845515625 0.35454733402922756 0.188541178125 0.4018320939457203 0.035251603124999996 0.2126105866388309 0.002555940625 0.1653258288100209 0.155845515625
3 0.15281178079331942 0.176449615625 0.19923128810020876 0.18447046250000002 0.21125699791231733 0.14548505312499999 0.1648374885177453 0.13746420625 0.15281178079331942 0.176449615625
5 0.30671635699373695 0.350256315625 0.49133134864300626 0.382156015625 0.5350165741127348 0.24053554375 0.3504015845511482 0.20863584375 0.30671635699373695 0.350256315625
4 0.09229675782881001 0.4101384890625 0.29250303549060547 0.4447322140625 0.33545199373695195 0.3054986046875 0.13524571816283923 0.2709048796875 0.09229675782881001 0.4101384890625
3 0.37605245511482255 0.41768640156250003 0.4642849561586639 0.43293213281250004 0.47590162630480165 0.3952727546875 0.3876691252609603 0.380027025 0.37605245511482255 0.41768640156250003
4 0.2222471127348643 0.430497596875 0.31366874112734866 0.4462943765625 0.3413196910229645 0.356654453125 0.24989806263048017 0.340857671875 0.2222471127348643 0.430497596875
4 0.29560898538622127 0.45644259062500003 0.3774632338204593 0.4705862203125 0.3985695803757829 0.4021628453125 0.3167153319415449 0.388019215625 0.29560898538622127 0.45644259062500003
4 0.2917587891440501 0.5106681015625 0.45475859081419623 0.5388329046875 0.49132656158663884 0.42028543125000006 0.3283267620041754 0.392120628125 0.2917587891440501 0.5106681015625
4 0.49429680793319414 0.5358877453125 0.5612684676409186 0.5474598046875 0.5765664780793319 0.4978661203125 0.5095948183716076 0.48629405937500003 0.49429680793319414 0.5358877453125
4 0.11146501043841336 0.5809163703125 0.27694524217119 0.6095097671875 0.3127769457202505 0.49334915625000003 0.1472967139874739 0.4647557578125 0.11146501043841336 0.5809163703125
4 0.27945598121085596 0.5856408078124999 0.4031232233820459 0.607009321875 0.4304469415448852 0.518430225 0.3067796993736952 0.49706171093749996 0.27945598121085596 0.5856408078124999
4 0.13211605636743215 0.6652146359375 0.26747675991649267 0.6886036671875 0.29823639457202505 0.5888858828125 0.1628756910229645 0.5654968515625 0.13211605636743215 0.6652146359375
4 0.22050966388308976 0.699902503125 0.3207899749478079 0.7172299796875 0.3505679206680585 0.6206946765625 0.25028760751565765 0.6033672 0.22050966388308976 0.699902503125
4 0.15165643215031316 0.6944302015625 0.18779986638830898 0.700675440625 0.19614423590814198 0.6736243390625 0.16000080167014613 0.6673791 0.15165643215031316 0.6944302015625
4 0.32682596242171186 0.622039471875 0.43809104175365343 0.6412650109375 0.4664782588726513 0.5492382250000001 0.3552131774530271 0.5300126859375001 0.32682596242171186 0.622039471875
4 0.4214482233820459 0.6552895078125001 0.5192481043841336 0.672188390625 0.541336139874739 0.600582534375 0.44353625887265136 0.5836836515625 0.4214482233820459 0.6552895078125001
4 0.4404828288100209 0.6964294062499999 0.5531652985386222 0.71589985625 0.5817161315240084 0.62334265625 0.4690336597077244 0.6038722062499999 0.4404828288100209 0.6964294062499999
4 0.5401704384133612 0.6582049953125 0.6018268830897704 0.6688586375 0.6252238392484342 0.5930094718750001 0.5635673945720251 0.5823558281250001 0.5401704384133612 0.6582049953125
3 0.5617539519832986 0.6971315671875 0.7251081002087683 0.725357596875 0.761021611691023 0.608931778125 0.5976674613778705 0.580705746875 0.5617539519832986 0.6971315671875
4 0.7525398329853863 0.64489809375 0.8000223841336116 0.6531026234375 0.8100847118997913 0.620482178125 0.7626021607515657 0.6122776484375 0.7525398329853863 0.64489809375
5 0.7736760229645094 0.77299728125 0.9210845386221295 0.798468059375 0.9554437056367432 0.6870811703124999 0.8080351920668059 0.6616103921875001 0.7736760229645094 0.77299728125
5 0.6512947995824635 0.8212675734375001 0.8057902630480167 0.8479629078125 0.8405584697286013 0.7352499859375 0.6860630041753654 0.7085546515625001 0.6512947995824635 0.8212675734375001
4 0.5141302275574113 0.83639545 0.6356713841336118 0.857396596875 0.6643858308977035 0.7643089828125 0.5428446743215032 0.7433078359375 0.5141302275574113 0.83639545
4 0.6098582567849686 0.855171075 0.7026972755741128 0.871212765625 0.7305118392484342 0.7810424296875 0.6376728204592902 0.7650007375000001 0.6098582567849686 0.855171075
4 0.6337164363256784 0.7965811625 0.7120272087682672 0.8101125124999999 0.740741655532359 0.7170249 0.6624308830897704 0.7034935484375 0.6337164363256784 0.7965811625