4 0.5253314112734865 0.11768240781249999 0.3306469018789144 0.1486538515625 0.3775606534446764 0.313842878125 0.5722451649269311 0.282871434375 0.5253314112734865 0.11768240781249999
4 0.9202305574112735 0.345328275 0.7644135407098122 0.37011647187499996 0.7962794864300626 0.48232033906250005 0.9520965010438412 0.45753214218749994 0.9202305574112735 0.345328275
4 0.6969070605427975 0.3176042046875 0.537272701461378 0.342999684375 0.5703926304801671 0.4596189828125 0.7300269895615866 0.434223503125 0.6969070605427975 0.3176042046875
4 0.449564369519833 0.3496232125 0.2559209540709812 0.380429034375 0.2985564070981211 0.5305536515625 0.4921998246346555 0.49974782968750003 0.449564369519833 0.3496232125
4 0.47536382463465554 0.49346781562500003 0.3358572755741127 0.5156612578125 0.36565783507306887 0.6205926515625 0.5051643841336116 0.598399209375 0.47536382463465554 0.49346781562500003
4 0.6381230334029228 0.489292490625 0.4937580480167015 0.5122588375 0.5245913006263048 0.62082646875 0.6689562839248435 0.5978601203125 0.6381230334029228 0.489292490625
5 0.08417300626304801 0.6173232843750001 0.024830668058455116 0.6267637781250001 0.050943039665970774 0.718708615625 0.11028537787056367 0.709268121875 0.08417300626304801 0.6173232843750001
4 0.11581899373695198 0.6272194984375 0.05161822129436326 0.6374328984375001 0.07278841962421713 0.7119757453125 0.13698919415448851 0.701762346875 0.11581899373695198 0.6272194984375
4 0.17908983089770356 0.6846133171875 0.06873390605427974 0.702169321875 0.09101056158663884 0.7806081375 0.20136648643006264 0.76305213125 0.17908983089770356 0.6846133171875
4 0.14135358246346555 0.76757718125 0.06812999582463465 0.779225978125 0.09062794363256785 0.8584439859374999 0.16385153027139873 0.8467951906250001 0.14135358246346555 0.76757718125
4 0.17125693528183716 0.7643130609375001 0.12787803549060542 0.7712140062499999 0.1455813382045929 0.8335494875 0.18896023799582465 0.8266485421875001 0.17125693528183716 0.7643130609375001
4 0.5018265052192067 0.600694746875 0.36370808141962424 0.6226673578125 0.39321358663883094 0.7265598265625 0.5313320104384134 0.7045872156249999 0.5018265052192067 0.600694746875
4 0.340809006263048 0.6352686390625 0.21726589561586637 0.65492253125 0.24418966805845513 0.7497244109375 0.3677327807933194 0.7300705171875 0.340809006263048 0.6352686390625
4 0.3187963924843424 0.7288972015625 0.2424495260960334 0.741042865625 0.2566859331941545 0.7911709828125 0.33303279958246346 0.77902531875 0.3187963924843424 0.7288972015625
4 0.44524149478079333 0.707967246875 0.3473786931106472 0.7235357812500001 0.3700241670146138 0.8032732499999999 0.4678869707724426 0.7877047171875 0.44524149478079333 0.707967246875
4 0.5852611106471817 0.672254621875 0.44228425052192066 0.6950001375 0.4737813778705637 0.80590535 0.6167582379958246 0.7831598328125 0.5852611106471817 0.672254621875
4 0.7688449603340293 0.613052146875 0.6421785678496869 0.6332029078125 0.6677745949895616 0.7233296265625 0.7944409853862213 0.703178865625 0.7688449603340293 0.613052146875
4 0.8692247787056367 0.6414678687500001 0.7675446325678498 0.6576436859375 0.7901901085594989 0.73738115625 0.891870254697286 0.7212053390625 0.8692247787056367 0.6414678687500001
4 0.7087217828810021 0.7123363421875 0.6098178872651357 0.7280704984375 0.6316519624217118 0.8049509265625 0.7305558580375783 0.7892167703124999 0.7087217828810021 0.7123363421875
4 0.7988951565762004 0.7507912015625 0.7565573486430063 0.7575265250000001 0.7670318016701462 0.7944083515625 0.8093696096033403 0.7876730296875001 0.7988951565762004 0.7507912015625