4 0.46826923125 0.3253605765625 0.34871794791666666 0.3253605765625 0.34871794791666666 0.4275240390625 0.46826923125 0.4275240390625 0.46826923125 0.3253605765625
5 0.488141025 0.415384615625 0.31858974375 0.415384615625 0.31858974375 0.54423076875 0.488141025 0.54423076875 0.488141025 0.415384615625
5 0.7464743583333333 0.420072115625 0.5432692312499999 0.420072115625 0.5432692312499999 0.5484375 0.7464743583333333 0.5484375 0.7464743583333333 0.420072115625
4 0.5200320520833334 0.4709134609375 0.40048076875 0.4709134609375 0.40048076875 0.572596153125 0.5200320520833334 0.572596153125 0.5200320520833334 0.4709134609375
4 0.4076923083333333 0.5420673078125 0.3657051291666667 0.5420673078125 0.3657051291666667 0.577403846875 0.4076923083333333 0.577403846875 0.4076923083333333 0.5420673078125
4 0.5543269229166667 0.503966346875 0.4581730770833333 0.503966346875 0.4581730770833333 0.5878605765625 0.5543269229166667 0.5878605765625 0.5543269229166667 0.503966346875
4 0.6953525645833333 0.53798076875 0.5735576916666666 0.53798076875 0.5735576916666666 0.5795673078125 0.6953525645833333 0.5795673078125 0.6953525645833333 0.53798076875
4 0.6889423083333334 0.5764423078124999 0.5293269229166666 0.5764423078124999 0.5293269229166666 0.6939903843749999 0.6889423083333334 0.6939903843749999 0.6889423083333334 0.5764423078124999
4 0.7524038458333333 0.5834134609375 0.6591346145833333 0.5834134609375 0.6591346145833333 0.677403846875 0.7524038458333333 0.677403846875 0.7524038458333333 0.5834134609375
4 0.6608974354166667 0.6865384609375 0.5291666666666667 0.6865384609375 0.5291666666666667 0.7795673078124999 0.6608974354166667 0.7795673078124999 0.6608974354166667 0.6865384609375
4 0.6591346145833333 0.7764423078125 0.5479166666666667 0.7764423078125 0.5479166666666667 0.8673076921874999 0.6591346145833333 0.8673076921874999 0.6591346145833333 0.7764423078125
3 0.38381410208333333 0.8447115390625 0.32836538541666666 0.8447115390625 0.32836538541666666 0.8983173078125001 0.38381410208333333 0.8983173078125001 0.38381410208333333 0.8447115390625
3 0.43798076875 0.8001201921875 0.40176282083333337 0.8001201921875 0.40176282083333337 0.8407451921875 0.43798076875 0.8407451921875 0.43798076875 0.8001201921875
4 0.7040064104166667 0.815384615625 0.6206730770833333 0.815384615625 0.6206730770833333 0.8865384609375001 0.7040064104166667 0.8865384609375001 0.7040064104166667 0.815384615625
4 0.78141025625 0.76826923125 0.6852564104166666 0.76826923125 0.6852564104166666 0.8432692312500001 0.78141025625 0.8432692312500001 0.78141025625 0.76826923125
4 0.8990384625 0.9058894234375 0.8512820520833333 0.9058894234375 0.8512820520833333 0.9599759609375 0.8990384625 0.9599759609375 0.8990384625 0.9058894234375
4 0.9200320520833334 0.9626201921875 0.8472756416666667 0.9626201921875 0.8472756416666667 0.9996394234375 0.9200320520833334 0.9996394234375 0.9200320520833334 0.9626201921875
3 0.8280448708333333 0.8027644234375 0.78830128125 0.8027644234375 0.78830128125 0.8515625 0.8280448708333333 0.8515625 0.8280448708333333 0.8027644234375
3 0.8448717958333333 0.6489182687499999 0.7698717958333333 0.6489182687499999 0.7698717958333333 0.6996394234375 0.8448717958333333 0.6996394234375 0.8448717958333333 0.6489182687499999
5 0.7604166666666666 0.7157451921875 0.7046474354166666 0.7157451921875 0.7046474354166666 0.761177884375 0.7604166666666666 0.761177884375 0.7604166666666666 0.7157451921875
4 0.5012820520833333 0.5704326921875 0.4490384625 0.5704326921875 0.4490384625 0.599278846875 0.5012820520833333 0.599278846875 0.5012820520833333 0.5704326921875