4 0.9902905875 0.92046145 0.9733326333333333 0.9202394484375 0.97273476875 0.9459282296874999 0.9896927229166667 0.9461502312500001 0.9902905875 0.92046145
4 0.9323113875 0.9653013125 0.97327911875 0.9658376328125 0.97402351875 0.9338525796875 0.9330557895833334 0.933316259375 0.9323113875 0.9653013125
4 0.934402775 0.9403878640625001 0.96428906875 0.9407791156249999 0.9646876479166667 0.9236532593750001 0.9348013520833334 0.923262009375 0.934402775 0.9403878640625001
4 0.9926791208333333 0.817832246875 0.9669903375000001 0.817495946875 0.9655249812500001 0.8804586484374999 0.9912137624999999 0.8807949484375 0.9926791208333333 0.817832246875
4 0.9932564708333333 0.79302494375 0.9598442645833334 0.792587534375 0.9586368104166667 0.8444687999999999 0.9920490166666667 0.8449062093749999 0.9932564708333333 0.79302494375
4 0.8927069895833333 1 0.8944173020833334 0.9265122421875001 0.8104670333333334 0.925413225 0.8087311458333333 1 0.8927069895833333 1
4 0.8306582083333333 0.9166081625 0.8981542229166667 0.9174917734375001 0.89988920625 0.8429439343749999 0.8323931916666666 0.8420603249999999 0.8306582083333333 0.9166081625
3 0.6979853958333333 0.9234368390625001 0.8410366541666666 0.925309565625 0.84348673125 0.8200359296874999 0.7004354729166666 0.818163203125 0.6979853958333333 0.9234368390625001
3 0.625938775 0.8510721968749999 0.73305931875 0.8524745453125 0.7352632145833333 0.7577786421875 0.6281426729166667 0.7563762953125 0.625938775 0.8510721968749999
3 0.6421232270833334 0.761849796875 0.7307747104166666 0.7630103609375001 0.73282035 0.675114428125 0.6441688666666666 0.6739538656249999 0.6421232270833334 0.761849796875
4 0.6714748166666666 0.749133815625 0.7937064041666667 0.7507339859375 0.7958047979166667 0.660571396875 0.6735732083333333 0.6589712265625 0.6714748166666666 0.749133815625
5 0.7658808708333333 0.6906628875 0.8810606395833334 0.6921707406250001 0.8831121395833333 0.6040229578125 0.7679323708333333 0.60251510625 0.7658808708333333 0.6906628875
4 0.65578539375 0.6655404046875 0.77801698125 0.667140575 0.7797812729166667 0.591333484375 0.6575496833333333 0.5897333140625001 0.65578539375 0.6655404046875
4 1 0.46132465624999996 0.85473460625 0.45942294375000003 0.852307975 0.5636891765625001 0.9985493416666666 0.5656036656250001 1 0.503272584375 1 0.46132465624999996
4 0.8108931625 0.6184450984375001 0.94185558125 0.6201595656250001 0.9440946479166666 0.523952559375 0.8131322291666667 0.5222380906249999 0.8108931625 0.6184450984375001
4 0.6441310625 0.6034136609375 0.76770585625 0.6050314140624999 0.7694935937499999 0.5282169203125 0.6459187979166666 0.526599165625 0.6441310625 0.6034136609375
3 0.38213418958333334 0.5886470421875 0.5312298645833333 0.5905988984375 0.5338557854166667 0.47776973749999996 0.38476010833333335 0.47581788124999996 0.38213418958333334 0.5886470421875
3 0.33993699375 0.5038248640625 0.48063764583333335 0.50566681875 0.4828767104166667 0.4094598109375 0.34217606041666665 0.40761785625 0.33993699375 0.5038248640625
3 0.24899284375 0.5939580203125 0.39439470833333334 0.59586151875 0.39693856666666666 0.4865582703125 0.2515367041666667 0.484654771875 0.24899284375 0.5939580203125
3 0.22119359791666668 0.48224212031249997 0.35618563124999997 0.484009340625 0.3584715875 0.385787528125 0.22347955416666665 0.38402030625 0.22119359791666668 0.48224212031249997
3 0.1341157875 0.586659796875 0.25533997708333334 0.5882467796874999 0.25745595208333333 0.49732863906249997 0.13623176458333336 0.49574165625 0.1341157875 0.586659796875
3 0.07665298125 0.46498231562500003 0.2270918625 0.46695175625 0.22959469375000002 0.3594114625 0.0791558125 0.35744202187499996 0.07665298125 0.46498231562500003
5 0.20604835208333333 0.3175351671875 0.3380181729166667 0.3192628234375 0.340403775 0.21675954531250002 0.20843395208333335 0.21503188906249998 0.20604835208333333 0.3175351671875
4 0.09265716874999999 0.24639276406250002 0.23302201874999998 0.248230321875 0.23534314375 0.1484974046875 0.09497829375000001 0.1466598453125 0.09265716874999999 0.24639276406250002
4 0.0470063625 0.32439652812499997 0.18636380833333333 0.3262208984375 0.1887376875 0.224221321875 0.049380241666666665 0.2223969515625 0.0470063625 0.32439652812499997
4 0.006658537500000001 0.21062689375 0.09933963541666667 0.2118402109375 0.10133252083333333 0.1262109375 0.008651422916666667 0.12499762031249999 0.006658537500000001 0.21062689375
5 0.31723262708333333 0 0.31619984166666665 0.0443761765625 0.4058587270833333 0.045549926562499995 0.40691882916666666 0 0.31723262708333333 0
4 0.48685943333333337 0.411527371875 0.5926367708333333 0.41291213437499996 0.59469999375 0.32426065 0.48892265625 0.3228758875 0.48685943333333337 0.411527371875
4 0.5577790791666666 0.3446872921875 0.6494527729166666 0.3458874203125 0.6509884666666667 0.2799025109375 0.5593147729166666 0.27870238281250004 0.5577790791666666 0.3446872921875
4 0.65574456875 0.5446146515625 0.7752897520833333 0.546179653125 0.77752295625 0.4502244984375 0.6579777729166667 0.44865949687500006 0.65574456875 0.5446146515625
4 0.6058289625000001 0.45225956875 0.7233593395833334 0.45379819374999997 0.7253229187500001 0.369428175 0.6077925416666666 0.3678895484375 0.6058289625000001 0.45225956875
4 0.6384011125 0.37332880468749996 0.7606327020833333 0.374928975 0.7625845583333334 0.2910626578125 0.6403529687499999 0.2894624875 0.6384011125 0.37332880468749996
4 0.8417643854166666 0.453836703125 0.9861588458333334 0.45572701562500006 0.9883744666666666 0.36052741250000003 0.84398000625 0.35863710000000004 0.8417643854166666 0.453836703125
4 0.7255604791666667 0.4602511625 0.8568587 0.4619700265625 0.8589043395833333 0.3740740953125 0.72760611875 0.37235523125 0.7255604791666667 0.4602511625
4 0.7353948687499999 0.376865928125 0.8519178416666667 0.37839136562500003 0.8538521125 0.2952805984375 0.7373291395833333 0.2937551609375 0.7353948687499999 0.376865928125
3 0.8841608125 0.255872828125 0.9503136249999999 0.2567388546875 0.95164416875 0.19956872187500002 0.88549135625 0.1987026953125 0.8841608125 0.255872828125
3 0.8514640833333333 0.2030438578125 0.9330637416666666 0.204112103125 0.9341422458333334 0.15777155468749998 0.8525425854166666 0.15670330937500002 0.8514640833333333 0.2030438578125
3 0.8539662354166667 0.18934656249999998 0.92683506875 0.1903005109375 0.9281187229166666 0.135145184375 0.8552498895833334 0.1341912359375 0.8539662354166667 0.18934656249999998
5 0.77746806875 0.1855739 0.8439566791666666 0.1864443234375 0.8451993020833334 0.1330519515625 0.7787106916666667 0.13218152968750002 0.77746806875 0.1855739
5 0.9013664729166667 0.15885404218750002 0.9836377354166667 0.1599310796875 0.9851382625 0.095457275 0.9028669979166666 0.09438023749999999 0.9013664729166667 0.15885404218750002
5 0.8882487791666667 0.10187265625 0.9762286604166667 0.1030244265625 0.9778112458333333 0.0350247078125 0.8898313645833333 0.0338729375 0.8882487791666667 0.10187265625
4 0.7585182833333334 0.155472409375 0.8246710958333333 0.15633843593750002 0.82598405625 0.09992385625 0.75983124375 0.0990578296875 0.7585182833333334 0.155472409375
4 0.8100465458333334 0.1352369953125 0.8872807916666667 0.1362480921875 0.8886875354166667 0.07580389843749999 0.8114532895833333 0.0747928015625 0.8100465458333334 0.1352369953125
4 0.8480236624999999 0.0044799171875 0.8469246458333333 0.05170194375 0.9197934791666668 0.052655890625 0.9208924958333333 0.005433865625 0.8480236624999999 0.0044799171875
4 0.8232691020833334 0.0578164140625 0.8884145104166666 0.058669251562500004 0.8896336875 0.006284284375 0.8244882791666667 0.005431446875 0.8232691020833334 0.0578164140625
4 0.7552560520833332 0.0935814921875 0.8157002437499999 0.09437278437499999 0.8169076979166667 0.04249151875 0.75646350625 0.0417002265625 0.7552560520833332 0.0935814921875
4 0.77549063125 0.0035303656250000003 0.7751506666666667 0.0181377125 0.8157825958333333 0.0186696375 0.8161225604166666 0.004062290625 0.77549063125 0.0035303656250000003
4 0.9952728041666667 0.706388265625 0.9583346854166667 0.705904696875 0.9575316708333333 0.740408259375 0.9944697875 0.7408918265625 0.9952728041666667 0.706388265625
4 0.9960670270833333 0.6722624828125 0.9750794583333333 0.671987728125 0.9743760874999999 0.7022098234375 0.99536365625 0.702484578125 0.9960670270833333 0.6722624828125
4 0.93631788125 0.6704725765624999 0.9732559979166666 0.6709561453124999 0.9739007562499999 0.6432525578125 0.9369626395833334 0.6427689890625 0.93631788125 0.6704725765624999
4 0.9984819354166666 0.5684999515625 0.9581858083333333 0.567972421875 0.9573300395833333 0.6047426390624999 0.9976261666666667 0.60527016875 0.9984819354166666 0.5684999515625