3 0.6779197770833334 0.5926399124999999 0.3752447958333333 0.5966023203125 0.3800860916666667 0.80462051875 0.6827610729166668 0.8006581109375001 0.6779197770833334 0.5926399124999999
5 0.9636834166666667 0.5604081609375 0.72146785625 0.563579078125 0.7253527645833333 0.7305037624999999 0.967568325 0.727332846875 0.9636834166666667 0.5604081609375
4 0.7330732354166667 0.44507011875 0.5139078291666667 0.44793927812499995 0.51733763125 0.5953091203125 0.7365030354166666 0.5924399609375001 0.7330732354166667 0.44507011875
4 0.9414604666666667 0.376997640625 0.7094474333333333 0.38003499218750003 0.7134180874999999 0.5506439234375 0.94543111875 0.5476065718750001 0.9414604666666667 0.376997640625
4 0.7438902229166667 0.4063738859375 0.6490445041666667 0.4076155390625 0.6509968520833334 0.4915029875 0.7458425708333334 0.49026133281249995 0.7438902229166667 0.4063738859375
3 0.6404027958333334 0.2149555453125 0.49341082708333334 0.2168798609375 0.49610849583333333 0.3327919109375 0.6431004645833334 0.3308675953125 0.6404027958333334 0.2149555453125
4 0.7216028979166667 0.1227505328125 0.5863249416666666 0.124521496875 0.5888775041666666 0.234198665625 0.7241554604166667 0.23242770156249998 0.7216028979166667 0.1227505328125
4 0.6054747895833333 0.1434063671875 0.5476604666666667 0.14416323281250001 0.5494083458333333 0.2192651703125 0.60722266875 0.21850830625 0.6054747895833333 0.1434063671875
3 0.3694053333333333 0.5324683078125 0.19520662291666666 0.5347487953125001 0.1979966333333333 0.6546284921875001 0.37219534374999996 0.65234800625 0.3694053333333333 0.5324683078125
3 0.3421069770833334 0.38271778125 0.1524155375 0.3852010890625 0.15579257291666665 0.530303703125 0.34548401041666665 0.5278203953125 0.3421069770833334 0.38271778125
3 0.20067859791666667 0.3151142390625 0.07787039583333333 0.3167219578125 0.0799876375 0.4076944953125 0.20279583958333333 0.4060867765625 0.20067859791666667 0.3151142390625
4 0.32223498958333335 0.27596049843750003 0.17713237708333332 0.27786007968750004 0.17963217291666667 0.3852700234375 0.3247347854166666 0.383370440625 0.32223498958333335 0.27596049843750003
5 0.21564748958333332 0.2599212390625 0.10455330208333334 0.26137560625 0.10615607291666666 0.3302426671875 0.21725026041666667 0.3287883 0.21564748958333332 0.2599212390625
3 0 0.3214267515625 0.10875266041666666 0.3200030375 0.10658265208333333 0.22676327187499998 0 0.228158578125 0 0.3214267515625
3 0.22329415625000001 0.1499688015625 0.07743579791666666 0.15187827812500002 0.08009389374999999 0.2660899046875 0.22595225000000002 0.2641804296875 0.22329415625000001 0.1499688015625