4 0.15432692291666666 0 0.15432692291666666 0.11442307656249999 0.3447115375 0.11442307656249999 0.3447115375 0 0.15432692291666666 0
4 0.14615384583333332 0.003846153125 0.014102564583333334 0.003846153125 0.014102564583333334 0.13485576875 0.14615384583333332 0.13485576875 0.14615384583333332 0.003846153125
4 0.5828525645833333 0 0.5828525645833333 0.1459134609375 0.73669871875 0.1459134609375 0.73669871875 0 0.5828525645833333 0
4 0.5737179479166666 0.128365384375 0.47403846250000004 0.128365384375 0.47403846250000004 0.2235576921875 0.5737179479166666 0.2235576921875 0.5737179479166666 0.128365384375
3 0.5206730770833333 0.172115384375 0.34887820416666665 0.172115384375 0.34887820416666665 0.30961538437499997 0.5206730770833333 0.30961538437499997 0.5206730770833333 0.172115384375
3 0.7426282041666667 0.1472355765625 0.5503205125 0.1472355765625 0.5503205125 0.2921875 0.7426282041666667 0.2921875 0.7426282041666667 0.1472355765625
3 0.7692307687500001 0.279927884375 0.6060897437499999 0.279927884375 0.6060897437499999 0.4222355765625 0.7692307687500001 0.4222355765625 0.7692307687500001 0.279927884375
4 0.5580128208333334 0.4112980765625 0.43269230833333333 0.4112980765625 0.43269230833333333 0.49519230781249995 0.5580128208333334 0.49519230781249995 0.5580128208333334 0.4112980765625
5 0.6586538458333333 0.4311298078125 0.47980769166666665 0.4311298078125 0.47980769166666665 0.5681490390625 0.6586538458333333 0.5681490390625 0.6586538458333333 0.4311298078125
4 0.7099358979166667 0.46514423125000004 0.5817307687500001 0.46514423125000004 0.5817307687500001 0.5769230765625 0.7099358979166667 0.5769230765625 0.7099358979166667 0.46514423125000004
3 0.7586538458333333 0.5293269234375 0.6801282041666667 0.5293269234375 0.6801282041666667 0.5951923078125 0.7586538458333333 0.5951923078125 0.7586538458333333 0.5293269234375
3 0.7232371791666666 0.5795673078125 0.6597756416666667 0.5795673078125 0.6597756416666667 0.6415865390625 0.7232371791666666 0.6415865390625 0.7232371791666666 0.5795673078125
4 0.6743589750000001 0.56514423125 0.5246794875 0.56514423125 0.5246794875 0.6646634609375 0.6743589750000001 0.6646634609375 0.6743589750000001 0.56514423125
3 0.8165064104166666 0.607091346875 0.7261217958333333 0.607091346875 0.7261217958333333 0.6888221156250001 0.8165064104166666 0.6888221156250001 0.8165064104166666 0.607091346875
3 0.7551282041666667 0.6162259609375 0.6323717958333333 0.6162259609375 0.6323717958333333 0.698677884375 0.7551282041666667 0.698677884375 0.7551282041666667 0.6162259609375
4 0.6161858979166667 0.637259615625 0.480608975 0.637259615625 0.480608975 0.7394230765625001 0.6161858979166667 0.7394230765625001 0.6161858979166667 0.637259615625
4 0.5017628208333333 0.590625 0.35753205208333333 0.590625 0.35753205208333333 0.71201923125 0.5017628208333333 0.71201923125 0.5017628208333333 0.590625
4 0.40112179583333335 0.6710336531250001 0.2613782041666667 0.6710336531250001 0.2613782041666667 0.77704326875 0.40112179583333335 0.77704326875 0.40112179583333335 0.6710336531250001
4 0.3641025645833333 0.7621394234375 0.2602564104166667 0.7621394234375 0.2602564104166667 0.8248798078125 0.3641025645833333 0.8248798078125 0.3641025645833333 0.7621394234375
4 0.4724358979166666 0.7253605765625 0.3586538458333333 0.7253605765625 0.3586538458333333 0.8078125 0.4724358979166666 0.8078125 0.4724358979166666 0.7253605765625
4 0.4384615375 0.7865384609375 0.3509615375 0.7865384609375 0.3509615375 0.8377403843750001 0.4384615375 0.8377403843750001 0.4384615375 0.7865384609375
4 0.6663461541666666 0.7146634609375 0.5516025645833333 0.7146634609375 0.5516025645833333 0.80625 0.6663461541666666 0.80625 0.6663461541666666 0.7146634609375
3 0.5777243583333332 0.7719951921875 0.5261217958333334 0.7719951921875 0.5261217958333334 0.8157451921875 0.5777243583333332 0.8157451921875 0.5777243583333332 0.7719951921875
4 0.59951923125 0.799759615625 0.5527243583333333 0.799759615625 0.5527243583333333 0.828125 0.59951923125 0.828125 0.59951923125 0.799759615625
4 0.686858975 0.7182692312500001 0.6352564104166666 0.7182692312500001 0.6352564104166666 0.7865384609375 0.686858975 0.7865384609375 0.686858975 0.7182692312500001
4 0.7208333333333333 0.7993990390625 0.6394230770833332 0.7993990390625 0.6394230770833332 0.8729567312500001 0.7208333333333333 0.8729567312500001 0.7208333333333333 0.7993990390625
3 0.6948717958333333 0.724158653125 0.6644230770833333 0.724158653125 0.6644230770833333 0.7597355765625 0.6948717958333333 0.7597355765625 0.6948717958333333 0.724158653125
3 0.7339743583333332 0.7669471156250001 0.6762820520833334 0.7669471156250001 0.6762820520833334 0.8145432687499999 0.7339743583333332 0.8145432687499999 0.7339743583333332 0.7669471156250001
4 0.7714743583333333 0.692427884375 0.6903846145833333 0.692427884375 0.6903846145833333 0.7558894234375 0.7714743583333333 0.7558894234375 0.7714743583333333 0.692427884375
3 0.82548076875 0.7308894234375 0.72451923125 0.7308894234375 0.72451923125 0.8090144234375 0.82548076875 0.8090144234375 0.82548076875 0.7308894234375
4 0.8206730770833333 0.78389423125 0.7286858979166666 0.78389423125 0.7286858979166666 0.8201923078125001 0.8206730770833333 0.8201923078125001 0.8206730770833333 0.78389423125
5 0.8551282041666667 0.9650240390624999 0.7884615375 0.9650240390624999 0.7884615375 0.9996394234375 0.8551282041666667 0.9996394234375 0.8551282041666667 0.9650240390624999
3 0.6474358979166667 0.4109375 0.6214743583333333 0.4109375 0.6214743583333333 0.4431490390625 0.6474358979166667 0.4431490390625 0.6474358979166667 0.4109375
3 0.7011217958333333 0.43269230781249995 0.6799679479166667 0.43269230781249995 0.6799679479166667 0.47139423125 0.7011217958333333 0.47139423125 0.7011217958333333 0.43269230781249995
3 0.46233974375000003 0.4034855765625 0.42580128125 0.4034855765625 0.42580128125 0.4287259609375 0.46233974375000003 0.4287259609375 0.46233974375000003 0.4034855765625