4 0.22642338125 0.540439959375 0.12914319791666667 0.5353380890625 0.12286016666666667 0.602726725 0.22014034999999998 0.6078285953125 0.22642338125 0.540439959375
4 0.2924017125 0.4828472234375 0.19123032499999998 0.477541278125 0.18487308541666667 0.54572584375 0.28604447499999996 0.5510317875 0.2924017125 0.4828472234375
4 0.38947843958333334 0.6331058734375 0.31519175625 0.6292099 0.30715244583333334 0.7154355156250001 0.38143913124999995 0.7193314890625 0.38947843958333334 0.6331058734375
4 0.47925461458333335 0.66340845625 0.35862718958333334 0.6570821375 0.3498952604166667 0.750736421875 0.4705226875 0.757062740625 0.47925461458333335 0.66340845625
4 0.5652759625 0.7682973484375 0.4467710125 0.7620823437500001 0.4393006375 0.8422058375000001 0.5578055895833334 0.8484208437499999 0.5652759625 0.7682973484375
4 0.5372131979166667 0.6384543765624999 0.42542942499999997 0.6325918640625 0.4173901145833333 0.7188174796875 0.5291738875 0.7246799921875 0.5372131979166667 0.6384543765624999
4 0.6410663854166666 0.7026877875 0.5398949958333333 0.6973818421875 0.5318556854166666 0.783607459375 0.633027075 0.788913403125 0.6410663854166666 0.7026877875
4 0.65627584375 0.6139055359375 0.5568731833333334 0.6086923515625 0.5492296562500001 0.6906730140625 0.6486323166666667 0.695886196875 0.65627584375 0.6139055359375
4 0.6800027833333334 0.6091512406249999 0.6216346729166666 0.60609011875 0.6175037041666667 0.6503968203125 0.6758718145833333 0.6534579421875 0.6800027833333334 0.6091512406249999
4 0.5153202208333333 0.5682550140625 0.42794492916666665 0.56367260625 0.42143927291666666 0.633449028125 0.5088145625 0.638031434375 0.5153202208333333 0.5682550140625
4 0.41790745833333337 0.5092915984374999 0.34574325208333334 0.5055069390625 0.33985600416666667 0.5686506203125 0.41202021041666664 0.5724352796875001 0.41790745833333337 0.5092915984374999
4 0.4803732333333333 0.4893728234375 0.39441292708333336 0.484864625 0.38884725000000003 0.544559284375 0.4748075583333333 0.54906748125 0.4803732333333333 0.4893728234375
4 0.5197314416666666 0.404656428125 0.4174988145833333 0.3992948265625 0.41116631249999996 0.46721408125 0.5133989395833333 0.47257568125000005 0.5197314416666666 0.404656428125
4 0.75626215 0.5823575765625 0.6784380020833333 0.5782760812500001 0.67302074375 0.63637888125 0.7508448916666667 0.6404603765625 0.75626215 0.5823575765625
4 0.7987365833333333 0.6224433312500001 0.7194974541666667 0.6182876265624999 0.7134370520833334 0.683288475 0.7926761812500001 0.6874441796874999 0.7987365833333333 0.6224433312500001
4 0.67852796875 0.5029643546875 0.64209211875 0.5010534718749999 0.6380848312499999 0.544033625 0.67452068125 0.5459445078125 0.67852796875 0.5029643546875
4 0.9548109 0.755667296875 0.8437346208333333 0.7498418890625 0.8367095 0.8251898125 0.9477857791666667 0.8310152203125 0.9548109 0.755667296875
4 0.9267917125 0.6920784234374999 0.8475525833333334 0.6879227171875 0.842407425 0.7431071109375 0.9216465541666667 0.7472628171875 0.9267917125 0.6920784234374999
4 0.8658805270833334 0.674353853125 0.8198935312500001 0.6719420609375 0.8156388812500001 0.717575309375 0.861625875 0.719987103125 0.8658805270833334 0.674353853125
4 0.674614425 0.19989368125 0.5918378354166667 0.1955524546875 0.5854311229166667 0.2642676390625 0.6682077145833334 0.26860886562499997 0.674614425 0.19989368125
4 0.6512823854166666 0.28238459374999997 0.5688595416666666 0.27806191875 0.56297229375 0.3412056 0.6453951375 0.345528275 0.6512823854166666 0.28238459374999997
4 1 0.20029563437500003 0.9745452958333334 0.19896065937500002 0.9703153833333332 0.2443286 1 0.24588541249999998 1 0.20029563437500003
4 0.9694159770833333 0.19869165312499998 0.9216602520833334 0.19618709843749998 0.918271375 0.2325345125 0.9660271 0.23503906562500002 0.9694159770833333 0.19869165312499998
4 0.9178469708333333 0.19705353750000001 0.863016325 0.1941779390625 0.8595037645833333 0.23185189843749998 0.9143344125 0.2347274984375 0.9178469708333333 0.19705353750000001
4 0.8711549083333333 0.183140671875 0.82587540625 0.1807659828125 0.8228328375 0.2133990609375 0.8681123395833333 0.21577375000000001 0.8711549083333333 0.183140671875
4 0.5183984104166667 0.192100828125 0.4108595916666667 0.1864609421875 0.4025234458333333 0.2758702734375 0.5100622645833334 0.281510159375 0.5183984104166667 0.192100828125
4 0.5527255291666666 0.22616055 0.4894049729166667 0.22283969531249997 0.48386403333333333 0.28226904375 0.5471845895833333 0.2855898984375 0.5527255291666666 0.22616055
4 0.5468419999999999 0.291170675 0.46335791458333336 0.28679234375 0.45722330208333334 0.352589121875 0.5407073874999999 0.356967453125 0.5468419999999999 0.291170675
4 0.4638620916666667 0.1784430859375 0.40549398125 0.1753819640625 0.4010661770833333 0.2228723796875 0.4594342875 0.2259335015625 0.4638620916666667 0.1784430859375
4 0.5591991749999999 0.19104134374999998 0.5323144708333333 0.1896313734375 0.53026135625 0.2116520703125 0.5571460604166667 0.21306204062499998 0.5591991749999999 0.19104134374999998
4 0.4864408020833333 0.079249734375 0.4556648916666666 0.0776356890625 0.4532407291666667 0.10363602812499999 0.4840166416666667 0.1052500734375 0.4864408020833333 0.079249734375
4 0.4520863 0.2914000359375 0.35339113333333333 0.2862239578125 0.34629180416666666 0.362367809375 0.44498697083333333 0.3675438890625 0.4520863 0.2914000359375
4 0.23587740416666667 0.105433425 0.20580898333333333 0.10385648437499999 0.20358271249999998 0.12773434687500002 0.23365113333333334 0.1293112890625 0.23587740416666667 0.105433425
4 0.3459398229166667 0.1983861140625 0.2511358645833333 0.1934141109375 0.24403653541666664 0.2695579625 0.33884049375 0.274529965625 0.3459398229166667 0.1983861140625
4 0.5557043854166667 0.0474235546875 0.5266972041666667 0.04590226875 0.5248419791666666 0.0658004890625 0.5538491604166667 0.0673217734375 0.5557043854166667 0.0474235546875