1 0.47403846250000004 0.09170673124999999 0.35929487083333334 0.09170673124999999 0.35929487083333334 0.18737980781250002 0.47403846250000004 0.18737980781250002 0.47403846250000004 0.09170673124999999
1 0.5217948708333333 0.09170673124999999 0.32852564166666665 0.09170673124999999 0.32852564166666665 0.2568509609375 0.5217948708333333 0.2568509609375 0.5217948708333333 0.09170673124999999
1 0.656891025 0.1344951921875 0.4908653854166667 0.1344951921875 0.4908653854166667 0.276802884375 0.656891025 0.276802884375 0.656891025 0.1344951921875
1 0.075 0.353365384375 0.000641025 0.353365384375 0.000641025 0.418509615625 0.075 0.418509615625 0.075 0.353365384375
1 0.10256410208333334 0.30793269218749997 0.025 0.30793269218749997 0.025 0.369471153125 0.10256410208333334 0.369471153125 0.10256410208333334 0.30793269218749997
1 0.15192307708333336 0.37992788437499997 0.0634615375 0.37992788437499997 0.0634615375 0.44242788437499997 0.15192307708333336 0.44242788437499997 0.15192307708333336 0.37992788437499997
1 0.15384615416666667 0.3485576921875 0.09551282083333333 0.3485576921875 0.09551282083333333 0.412740384375 0.15384615416666667 0.412740384375 0.15384615416666667 0.3485576921875
1 0.42628205208333336 0.426322115625 0.36858974375000003 0.426322115625 0.36858974375000003 0.4900240390625 0.42628205208333336 0.4900240390625 0.42628205208333336 0.426322115625
1 0.5344551291666666 0.41610576874999994 0.42580128125 0.41610576874999994 0.42580128125 0.4987980765625 0.5344551291666666 0.4987980765625 0.5344551291666666 0.41610576874999994
1 0.47419871875 0.46766826874999995 0.40240384583333333 0.46766826874999995 0.40240384583333333 0.5181490390625 0.47419871875 0.5181490390625 0.47419871875 0.46766826874999995
0 0.40897435833333334 0.5409855765625 0.3407051291666667 0.5409855765625 0.3407051291666667 0.588822115625 0.40897435833333334 0.588822115625 0.40897435833333334 0.5409855765625
1 0.6482371791666667 0.6558894234375 0.5729166666666666 0.6558894234375 0.5729166666666666 0.7150240390625 0.6482371791666667 0.7150240390625 0.6482371791666667 0.6558894234375
0 0.9876602562500001 0.7235576921875 0.8347756416666667 0.7235576921875 0.8347756416666667 0.8331730765625001 0.9876602562500001 0.8331730765625001 0.9876602562500001 0.7235576921875
2 0.8362179479166667 0.7010817312500001 0.7067307687500001 0.7010817312500001 0.7067307687500001 0.79795673125 0.8362179479166667 0.79795673125 0.8362179479166667 0.7010817312500001
1 0.7753205125 0.774158653125 0.6753205125 0.774158653125 0.6753205125 0.8537259609375001 0.7753205125 0.8537259609375001 0.7753205125 0.774158653125
1 0.8810897437499999 0.7793269234375 0.7730769229166667 0.7793269234375 0.7730769229166667 0.8668269234375 0.8810897437499999 0.8668269234375 0.8810897437499999 0.7793269234375