3 0.43205128125 0.4673076921875 0.32788461458333334 0.4673076921875 0.32788461458333334 0.5612980765625 0.43205128125 0.5612980765625 0.43205128125 0.4673076921875
3 0.33205128125 0.46862980781249997 0.19102564166666666 0.46862980781249997 0.19102564166666666 0.5743990390625 0.33205128125 0.5743990390625 0.33205128125 0.46862980781249997
3 0.5229166666666667 0.4275240390625 0.3783653854166667 0.4275240390625 0.3783653854166667 0.5265625 0.5229166666666667 0.5265625 0.5229166666666667 0.4275240390625
3 0.38253205208333335 0.588341346875 0.2719551291666667 0.588341346875 0.2719551291666667 0.6777644234375 0.38253205208333335 0.6777644234375 0.38253205208333335 0.588341346875
5 0.29294871875 0.5709134609375 0.13910256458333334 0.5709134609375 0.13910256458333334 0.6865384609375 0.29294871875 0.6865384609375 0.29294871875 0.5709134609375
5 0.7725961541666667 0.5590144234375 0.6213141020833334 0.5590144234375 0.6213141020833334 0.6686298078124999 0.7725961541666667 0.6686298078124999 0.7725961541666667 0.5590144234375
5 0.655608975 0.591346153125 0.5514423083333334 0.591346153125 0.5514423083333334 0.672596153125 0.655608975 0.672596153125 0.655608975 0.591346153125
4 0.39198717916666664 0.6397836531250001 0.3413461541666667 0.6397836531250001 0.3413461541666667 0.6948317312500001 0.39198717916666664 0.6948317312500001 0.39198717916666664 0.6397836531250001
4 0.3576923083333333 0.6681490390625 0.24455128125 0.6681490390625 0.24455128125 0.7467548078124999 0.3576923083333333 0.7467548078124999 0.3576923083333333 0.6681490390625
4 0.27772435833333337 0.6834134609375 0.21714743541666665 0.6834134609375 0.21714743541666665 0.7459134609375 0.27772435833333337 0.7459134609375 0.27772435833333337 0.6834134609375
4 0.6434294875000001 0.65204326875 0.5472756416666668 0.65204326875 0.5472756416666668 0.704927884375 0.6434294875000001 0.704927884375 0.6434294875000001 0.65204326875
4 0.7681089750000001 0.661658653125 0.6485576916666667 0.661658653125 0.6485576916666667 0.746033653125 0.7681089750000001 0.746033653125 0.7681089750000001 0.661658653125
4 0.39887820416666664 0.5331730765625 0.28894230833333334 0.5331730765625 0.28894230833333334 0.5947115390625 0.39887820416666664 0.5947115390625 0.39887820416666664 0.5331730765625
5 0.08493589791666666 0.1109375 0.022115385416666668 0.1109375 0.022115385416666668 0.158052884375 0.08493589791666666 0.158052884375 0.08493589791666666 0.1109375
4 0 0.20348557656250002 0.05769230833333334 0.20348557656250002 0.05769230833333334 0.1590144234375 0 0.1590144234375 0 0.20348557656250002
4 0.11474358958333333 0.15625 0.05993589791666667 0.15625 0.05993589791666667 0.19423076875 0.11474358958333333 0.19423076875 0.11474358958333333 0.15625
4 0.08685897499999999 0.19435096093749998 0.038461537500000004 0.19435096093749998 0.038461537500000004 0.2318509609375 0.08685897499999999 0.2318509609375 0.08685897499999999 0.19435096093749998
3 0.05464743541666666 0.3162259609375 0.016826922916666667 0.3162259609375 0.016826922916666667 0.3441105765625 0.05464743541666666 0.3441105765625 0.05464743541666666 0.3162259609375