3 0.5058178770833334 1 0.5678774583333334 0.999187559375 0.5639627291666667 0.8309815703125001 0.339688075 0.8339176171875 0.34355338124999996 1 0.5058178770833334 1
3 0.73707564375 0.744456246875 0.5600899083333334 0.7467732203125 0.563749725 0.9040262609375 0.7407354583333333 0.9017092874999999 0.73707564375 0.744456246875
5 0.8819635354166666 0.678126084375 0.7077595041666667 0.6804066421875 0.71095805 0.8178400609375001 0.88516208125 0.8155595046874999 0.8819635354166666 0.678126084375
4 1 0.6731896015625 0.9867199937500001 0.6733634546875 0.9878549625 0.7221301515625 1 0.7219711578125 1 0.6731896015625
3 0.5112985229166667 0.608110621875 0.3231859854166667 0.610573259375 0.3265908895833334 0.7568733515625 0.5147034270833334 0.7544107140625 0.5112985229166667 0.608110621875
4 0.7441303125 0.591758490625 0.5772282437499999 0.5939434546875 0.5801293916666667 0.7185984359375001 0.7470314604166667 0.7164134703125 0.7441303125 0.591758490625
3 0.6503316854166666 0.5293356359375 0.49490413541666667 0.531370384375 0.4978599083333333 0.658372425 0.6532874562500001 0.6563376765625 0.6503316854166666 0.5293356359375
4 0.8693242791666667 0.5460335328125 0.7191124187500001 0.5480000015625001 0.7219103874999999 0.668221646875 0.8721222479166666 0.666255178125 0.8693242791666667 0.5460335328125
3 0.8680865291666666 0.5152677921875 0.7644681604166668 0.5166242921875 0.7658883875 0.5776478593750001 0.8695067562500001 0.5762913609375 0.8680865291666666 0.5152677921875
5 0.5218532291666667 0.49371404218750004 0.35460345 0.495903559375 0.35740141875000003 0.6161252046875 0.5246511979166667 0.6139356874999999 0.5218532291666667 0.49371404218750004
4 1 0.5475836171874999 0.9206877604166667 0.5486219171875 0.9220776416666666 0.6083415640625 1 0.607321459375 1 0.5475836171874999
4 1 0.49672744843750005 0.9998176333333333 0.48889161875 0.96608950625 0.4893331640625 0.9674369020833333 0.54722731875 1 0.5468010249999999 1 0.49672744843750005
4 0.9546340791666666 0.4828311 0.8944797916666667 0.4836185984375 0.8955358583333334 0.528995096875 0.9556901458333333 0.5282076 0.9546340791666666 0.4828311
4 0.8483988541666666 0.4315273421875 0.7378262354166666 0.43297488125 0.7401083104166666 0.5310298453125 0.8506809291666666 0.52958230625 0.8483988541666666 0.4315273421875
4 0.7763499895833333 0.3994712671875 0.6264858416666667 0.401433184375 0.6291867 0.5174822781249999 0.7790508500000001 0.5155203625 0.7763499895833333 0.3994712671875
4 0.6531369645833334 0.4331705515625 0.5199630229166667 0.4349139703125 0.5225000104166667 0.5439218828125 0.6556739520833333 0.5421784640625 0.6531369645833334 0.4331705515625
4 0.9699355895833333 0.49019583750000006 0.9998388770833333 0.48980436406249994 0.9990134458333333 0.454337675 0.9691101583333332 0.4547291484375 0.9699355895833333 0.49019583750000006
4 0.8097798375 0.3936859171875 0.7263288041666667 0.3947784 0.7272999 0.436503915625 0.8107509333333333 0.4354114328125 0.8097798375 0.3936859171875
4 0.66753863125 0.3122020109375 0.5514026104166666 0.3137223828125 0.5538060708333333 0.4169930375 0.6699420916666666 0.415472665625 0.66753863125 0.3122020109375
4 0.75628905 0.299692571875 0.64432558125 0.30115831875 0.6464619916666667 0.39295445625 0.7584254604166667 0.391488709375 0.75628905 0.299692571875
4 0.5410444562500001 0.33942265 0.40404567708333333 0.3412161421875 0.40649769375000006 0.44657307343749997 0.5434964729166667 0.44477958125 0.5410444562500001 0.33942265
4 0.8326644458333334 0.29347544062500003 0.7506042625 0.294549715625 0.752145875 0.36078897187500003 0.8342060583333333 0.35971469843750004 0.8326644458333334 0.29347544062500003
4 0.54645758125 0.243223425 0.42753985833333336 0.24478021249999998 0.42974303125 0.339444978125 0.5486607541666667 0.33788819062500003 0.54645758125 0.243223425
4 0.6560899375000001 0.17148536406249998 0.5510807208333334 0.17286007187500002 0.5530896750000001 0.2591797359375 0.6580988916666667 0.257805028125 0.6560899375000001 0.17148536406249998
4 0.5241959291666667 0.131082503125 0.44665601250000003 0.1320976015625 0.4482765270833333 0.20172705624999998 0.5258164458333333 0.20071195937500003 0.5241959291666667 0.131082503125
3 0.4687138208333333 0.033723996875 0.46793694583333334 0.0003435828125 0.40430553125 0.0011766015625000001 0.40508240833333337 0.0345570140625 0.4687138208333333 0.033723996875