4 0.34182692291666666 0.1983173078125 0.22131410208333333 0.1983173078125 0.22131410208333333 0.290865384375 0.34182692291666666 0.290865384375 0.34182692291666666 0.1983173078125
3 0.5705128208333333 0.1900240390625 0.4227564104166667 0.1900240390625 0.4227564104166667 0.3061298078125 0.5705128208333333 0.3061298078125 0.5705128208333333 0.1900240390625
3 0.5713141020833333 0.290384615625 0.41746794791666664 0.290384615625 0.41746794791666664 0.4415865390625 0.5713141020833333 0.4415865390625 0.5713141020833333 0.290384615625
3 0.28701923125 0.2681490390625 0.0815705125 0.2681490390625 0.0815705125 0.42175480781249997 0.28701923125 0.42175480781249997 0.28701923125 0.2681490390625
3 0.9910256416666667 0.379447115625 0.71858974375 0.379447115625 0.71858974375 0.5765625 0.9910256416666667 0.5765625 0.9910256416666667 0.379447115625
3 0.25625 0.4328125 0.1059294875 0.4328125 0.1059294875 0.5563701921875001 0.25625 0.5563701921875001 0.25625 0.4328125
3 0.7902243583333333 0.44603365312500004 0.6078525645833334 0.44603365312500004 0.6078525645833334 0.5996394234375 0.7902243583333333 0.5996394234375 0.7902243583333333 0.44603365312500004
5 0.43557692291666666 0.48701923125 0.28525641041666666 0.48701923125 0.28525641041666666 0.6040865390625 0.43557692291666666 0.6040865390625 0.43557692291666666 0.48701923125
3 0.6137820520833334 0.50889423125 0.40576923125 0.50889423125 0.40576923125 0.66298076875 0.6137820520833334 0.66298076875 0.6137820520833334 0.50889423125
5 0.7296474354166667 0.5459134609375 0.5642628208333333 0.5459134609375 0.5642628208333333 0.677403846875 0.7296474354166667 0.677403846875 0.7296474354166667 0.5459134609375
4 0.3020833333333333 0.5691105765625 0.15144230833333333 0.5691105765625 0.15144230833333333 0.679927884375 0.3020833333333333 0.679927884375 0.3020833333333333 0.5691105765625
4 0.5834935895833334 0.653365384375 0.41233974375 0.653365384375 0.41233974375 0.771153846875 0.5834935895833334 0.771153846875 0.5834935895833334 0.653365384375
4 0.7703525645833333 0.6655048078125 0.6113782041666667 0.6655048078125 0.6113782041666667 0.79579326875 0.7703525645833333 0.79579326875 0.7703525645833333 0.6655048078125
5 0.10192307708333333 0.7021634609375 0.040705129166666666 0.7021634609375 0.040705129166666666 0.7581730765625 0.10192307708333333 0.7581730765625 0.10192307708333333 0.7021634609375
4 0.10368589791666666 0.7543269234375 0.014583333333333334 0.7543269234375 0.014583333333333334 0.8211538468749999 0.10368589791666666 0.8211538468749999 0.10368589791666666 0.7543269234375