4 0.3985008166666667 0.3956970546875 0.29559617083333334 0.384850325 0.2794855875 0.4708248890625 0.38239023541666667 0.4816716171875 0.3985008166666667 0.3956970546875
4 0.63499845 0.4975920359375 0.5177174166666666 0.48522995468749996 0.5025107291666667 0.5663808625 0.6197917625 0.57874294375 0.63499845 0.4975920359375
4 0.5921882875000001 0.5716378234375 0.5085782604166666 0.56282485625 0.49794421250000004 0.6195737421875 0.5815542395833333 0.628386709375 0.5921882875000001 0.5716378234375
4 0.6262858083333334 0.2342342453125 0.5748334833333334 0.22881088125 0.5641994354166666 0.2855597671875 0.6156517604166667 0.2909831328125 0.6262858083333334 0.2342342453125
4 0.4147278583333333 0.5891011046875 0.34549421666666663 0.5818034890625 0.3347538291666667 0.639119865625 0.40398746874999997 0.6464174796875 0.4147278583333333 0.5891011046875
4 0.6383523020833334 0.3829293734375 0.5592821874999999 0.37459493906249997 0.5460427979166667 0.44524730156250003 0.6251129125 0.45358173749999997 0.6383523020833334 0.3829293734375
4 0.15668398958333332 0.65159998125 0.06437246875 0.641869828125 0.05352574166666667 0.6997536921874999 0.1458372625 0.7094838453125 0.15668398958333332 0.65159998125
4 0.6676418875 0.3758894484375 0.5976515958333334 0.36851207812500003 0.5879214416666667 0.42043731093750003 0.6579117333333334 0.42781468125 0.6676418875 0.3758894484375
4 0.12860298333333334 0.709837371875 0.08850043541666668 0.7056103375 0.08254536875 0.7373897140625 0.12264791666666668 0.7416167484375 0.12860298333333334 0.709837371875
4 1 0.126347246875 0.9571451645833334 0.12183010624999999 0.9496481604166667 0.1618380703125 0.9969388979166667 0.16682277968749998 1 0.15048712656250002 1 0.126347246875
4 0.8126910520833334 0.306977925 0.7684269208333333 0.30231223749999997 0.7615679604166666 0.33891526875 0.8058320916666666 0.34358095624999996 0.8126910520833334 0.306977925