1 0.8320512812499999 0.154927884375 0.64326923125 0.154927884375 0.64326923125 0.28954326875 0.8320512812499999 0.28954326875 0.8320512812499999 0.154927884375
1 0.6903846145833333 0.1581730765625 0.5887820520833333 0.1581730765625 0.5887820520833333 0.2360576921875 0.6903846145833333 0.2360576921875 0.6903846145833333 0.1581730765625
1 0.7076923083333334 0.22620192343749998 0.5759615375 0.22620192343749998 0.5759615375 0.32524038437499997 0.7076923083333334 0.32524038437499997 0.7076923083333334 0.22620192343749998
2 0.4227564104166667 0.2834134609375 0.32371794791666664 0.2834134609375 0.32371794791666664 0.3418269234375 0.4227564104166667 0.3418269234375 0.4227564104166667 0.2834134609375
1 0.5173076916666667 0.3233173078125 0.42051282083333336 0.3233173078125 0.42051282083333336 0.4177884609375 0.5173076916666667 0.4177884609375 0.5173076916666667 0.3233173078125
1 0.43557692291666666 0.3087740390625 0.28397435833333334 0.3087740390625 0.28397435833333334 0.41454326874999997 0.43557692291666666 0.41454326874999997 0.43557692291666666 0.3087740390625
1 0.3990384625 0.38954326875 0.29551282083333336 0.38954326875 0.29551282083333336 0.4431490390625 0.3990384625 0.4431490390625 0.3990384625 0.38954326875
0 0.15673076875 0.789302884375 0.08108974375 0.789302884375 0.08108974375 0.8453125 0.15673076875 0.8453125 0.15673076875 0.789302884375
2 0.20737179583333332 0.7324519234375 0.12756410208333333 0.7324519234375 0.12756410208333333 0.7951923078124999 0.20737179583333332 0.7951923078124999 0.20737179583333332 0.7324519234375
2 0.28012820416666667 0.64170673125 0.16923076874999998 0.64170673125 0.16923076874999998 0.7195913468749999 0.28012820416666667 0.7195913468749999 0.28012820416666667 0.64170673125
1 0.3266025645833333 0.6792067312500001 0.22403846249999998 0.6792067312500001 0.22403846249999998 0.7534855765625 0.3266025645833333 0.7534855765625 0.3266025645833333 0.6792067312500001
2 0.8036858979166667 0.5987980765625001 0.7392628208333334 0.5987980765625001 0.7392628208333334 0.6254807687499999 0.8036858979166667 0.6254807687499999 0.8036858979166667 0.5987980765625001
1 0.8511217958333333 0.6050480765625 0.7969551291666667 0.6050480765625 0.7969551291666667 0.634375 0.8511217958333333 0.634375 0.8511217958333333 0.6050480765625