4 0.45496794791666667 0.6631009609375 0.41458333333333336 0.6631009609375 0.41458333333333336 0.6948317312500001 0.45496794791666667 0.6948317312500001 0.45496794791666667 0.6631009609375
4 0.43830128125 0.65360576875 0.39118589791666664 0.65360576875 0.39118589791666664 0.6891826921875001 0.43830128125 0.6891826921875001 0.43830128125 0.65360576875
4 0.3762820520833333 0.6393028843749999 0.3240384625 0.6393028843749999 0.3240384625 0.680408653125 0.3762820520833333 0.680408653125 0.3762820520833333 0.6393028843749999
4 0.32548076875000004 0.6788461531250001 0.2716346145833333 0.6788461531250001 0.2716346145833333 0.7122596156250001 0.32548076875000004 0.7122596156250001 0.32548076875000004 0.6788461531250001
4 0.3733974354166667 0.6855769234375 0.3233974354166667 0.6855769234375 0.3233974354166667 0.72764423125 0.3733974354166667 0.72764423125 0.3733974354166667 0.6855769234375
4 0.3240384625 0.7051682687499999 0.2717948708333333 0.7051682687499999 0.2717948708333333 0.7465144234375 0.3240384625 0.7465144234375 0.3240384625 0.7051682687499999
4 0.38942307708333335 0.693028846875 0.3467948708333333 0.693028846875 0.3467948708333333 0.7257211531250001 0.38942307708333335 0.7257211531250001 0.38942307708333335 0.693028846875
4 0.33926282083333337 0.7295673078125 0.29503205208333333 0.7295673078125 0.29503205208333333 0.765384615625 0.33926282083333337 0.765384615625 0.33926282083333337 0.7295673078125
4 0.3842948708333333 0.7328125 0.33621794791666665 0.7328125 0.33621794791666665 0.772716346875 0.3842948708333333 0.772716346875 0.3842948708333333 0.7328125
4 0.3552884625 0.7608173078125 0.31233974375 0.7608173078125 0.31233974375 0.790625 0.3552884625 0.790625 0.3552884625 0.7608173078125
5 0.286858975 0.6549278843749999 0.22788461458333334 0.6549278843749999 0.22788461458333334 0.696033653125 0.286858975 0.696033653125 0.286858975 0.6549278843749999
4 0.21490384583333333 0.6459134609375 0.16298076874999998 0.6459134609375 0.16298076874999998 0.6826923078125 0.21490384583333333 0.6826923078125 0.21490384583333333 0.6459134609375
3 0.26586538541666666 0.6144230765625001 0.20144230833333332 0.6144230765625001 0.20144230833333332 0.6661057687499999 0.26586538541666666 0.6661057687499999 0.26586538541666666 0.6144230765625001
3 0.23942307708333335 0.598197115625 0.1746794875 0.598197115625 0.1746794875 0.642427884375 0.23942307708333335 0.642427884375 0.23942307708333335 0.598197115625
5 0.18637820416666667 0.5862980765625 0.12996794791666666 0.5862980765625 0.12996794791666666 0.627403846875 0.18637820416666667 0.627403846875 0.18637820416666667 0.5862980765625
3 0.3171474354166667 0.5838942312500001 0.2591346145833333 0.5838942312500001 0.2591346145833333 0.627403846875 0.3171474354166667 0.627403846875 0.3171474354166667 0.5838942312500001
5 0.2665064104166667 0.5639423078125 0.20785256458333334 0.5639423078125 0.20785256458333334 0.606971153125 0.2665064104166667 0.606971153125 0.2665064104166667 0.5639423078125
3 0.244391025 0.5525240390625 0.19054487083333335 0.5525240390625 0.19054487083333335 0.58858173125 0.244391025 0.58858173125 0.244391025 0.5525240390625
3 0.29326923125 0.536658653125 0.23974358958333333 0.536658653125 0.23974358958333333 0.575841346875 0.29326923125 0.575841346875 0.29326923125 0.536658653125
5 0.32612179583333334 0.5611778843749999 0.280608975 0.5611778843749999 0.280608975 0.5938701921875 0.32612179583333334 0.5938701921875 0.32612179583333334 0.5611778843749999
3 0.37083333333333335 0.5806490390625 0.31666666666666665 0.5806490390625 0.31666666666666665 0.6246394234375 0.37083333333333335 0.6246394234375 0.37083333333333335 0.5806490390625
5 0.40448717916666665 0.6092548078125 0.35 0.6092548078125 0.35 0.6479567312500001 0.40448717916666665 0.6479567312500001 0.40448717916666665 0.6092548078125
4 0.38701923125 0.5472355765625 0.34631410208333335 0.5472355765625 0.34631410208333335 0.580408653125 0.38701923125 0.580408653125 0.38701923125 0.5472355765625
3 0.36858974375000003 0.5064903843749999 0.31730769166666667 0.5064903843749999 0.31730769166666667 0.5418269234374999 0.36858974375000003 0.5418269234374999 0.36858974375000003 0.5064903843749999
4 0.5358974354166667 0.572115384375 0.4894230770833333 0.572115384375 0.4894230770833333 0.606009615625 0.5358974354166667 0.606009615625 0.5358974354166667 0.572115384375
5 0.49919871875 0.5170673078125 0.4447115375 0.5170673078125 0.4447115375 0.5550480765625 0.49919871875 0.5550480765625 0.49919871875 0.5170673078125
3 0.50048076875 0.4751201921875 0.44503205208333335 0.4751201921875 0.44503205208333335 0.5176682687499999 0.50048076875 0.5176682687499999 0.50048076875 0.4751201921875
4 0.4272435895833333 0.48149038437499997 0.3772435895833333 0.48149038437499997 0.3772435895833333 0.5204326921875 0.4272435895833333 0.5204326921875 0.4272435895833333 0.48149038437499997
3 0.5980769229166667 0.49951923125000003 0.5387820520833333 0.49951923125000003 0.5387820520833333 0.541346153125 0.5980769229166667 0.541346153125 0.5980769229166667 0.49951923125000003
3 0.7524038458333333 0.48509615312500004 0.6972756416666667 0.48509615312500004 0.6972756416666667 0.527403846875 0.7524038458333333 0.527403846875 0.7524038458333333 0.48509615312500004
3 0.16298076874999998 0.4342548078125 0.13733974375000002 0.4342548078125 0.13733974375000002 0.4506009609375 0.16298076874999998 0.4506009609375 0.16298076874999998 0.4342548078125
5 0.14326923125000002 0.418509615625 0.11891025625 0.418509615625 0.11891025625 0.43269230781249995 0.14326923125000002 0.43269230781249995 0.14326923125000002 0.418509615625
5 0.10400641041666667 0.42668269218750005 0.08253205208333333 0.42668269218750005 0.08253205208333333 0.44423076874999995 0.10400641041666667 0.44423076874999995 0.10400641041666667 0.42668269218750005
4 0.15897435833333334 0.2608173078125 0.12756410208333333 0.2608173078125 0.12756410208333333 0.283653846875 0.15897435833333334 0.283653846875 0.15897435833333334 0.2608173078125
4 0.10224358958333334 0.2405048078125 0.06666666666666667 0.2405048078125 0.06666666666666667 0.2683894234375 0.10224358958333334 0.2683894234375 0.10224358958333334 0.2405048078125
4 0.150641025 0.2896634609375 0.12371794791666665 0.2896634609375 0.12371794791666665 0.308653846875 0.150641025 0.308653846875 0.150641025 0.2896634609375
4 0.19775641041666667 0.2592548078125 0.17243589791666666 0.2592548078125 0.17243589791666666 0.2813701921875 0.19775641041666667 0.2813701921875 0.19775641041666667 0.2592548078125
4 0.06891025625 0.24711538437499997 0.034615385416666665 0.24711538437499997 0.034615385416666665 0.2740384609375 0.06891025625 0.2740384609375 0.06891025625 0.24711538437499997
4 0.15256410208333332 0.2146634609375 0.11602564166666667 0.2146634609375 0.11602564166666667 0.24206730781250002 0.15256410208333332 0.24206730781250002 0.15256410208333332 0.2146634609375
4 0.19246794791666666 0.20168269218749998 0.15560897499999998 0.20168269218749998 0.15560897499999998 0.2298076921875 0.19246794791666666 0.2298076921875 0.19246794791666666 0.20168269218749998
4 0.10368589791666666 0.17884615312500002 0.0565705125 0.17884615312500002 0.0565705125 0.212259615625 0.10368589791666666 0.212259615625 0.10368589791666666 0.17884615312500002
4 0.08445512916666667 0.19098557656249998 0.046955129166666665 0.19098557656249998 0.046955129166666665 0.2203125 0.08445512916666667 0.2203125 0.08445512916666667 0.19098557656249998
5 0.14855769166666669 0.150841346875 0.1059294875 0.150841346875 0.1059294875 0.1847355765625 0.14855769166666669 0.1847355765625 0.14855769166666669 0.150841346875
5 0.17852564166666665 0.12295673124999999 0.13461538541666668 0.12295673124999999 0.13461538541666668 0.15829326875 0.17852564166666665 0.15829326875 0.17852564166666665 0.12295673124999999
3 0.09230769166666668 0.1209134609375 0.05 0.1209134609375 0.05 0.150721153125 0.09230769166666668 0.150721153125 0.09230769166666668 0.1209134609375
5 0.11762820416666667 0.0896634609375 0.08076923124999999 0.0896634609375 0.08076923124999999 0.118028846875 0.11762820416666667 0.118028846875 0.11762820416666667 0.0896634609375
4 0.18766025625 0.2234375 0.15368589791666667 0.2234375 0.15368589791666667 0.24338942343749997 0.18766025625 0.24338942343749997 0.18766025625 0.2234375
4 0.4328525645833333 0.46586538437499997 0.40112179583333335 0.46586538437499997 0.40112179583333335 0.496875 0.4328525645833333 0.496875 0.4328525645833333 0.46586538437499997
4 0.03766025625 0.2076923078125 0.01714743541666667 0.2076923078125 0.01714743541666667 0.2240384609375 0.03766025625 0.2240384609375 0.03766025625 0.2076923078125
4 0.03862179583333333 0.23052884687500003 0.015865385416666666 0.23052884687500003 0.015865385416666666 0.24663461562500003 0.03862179583333333 0.24663461562500003 0.03862179583333333 0.23052884687500003
4 0.07900641041666666 0.3222355765625 0.06041666666666667 0.3222355765625 0.06041666666666667 0.3359375 0.07900641041666666 0.3359375 0.07900641041666666 0.3222355765625
4 0.054807691666666665 0.3556490390625 0.033653845833333335 0.3556490390625 0.033653845833333335 0.3691105765625 0.054807691666666665 0.3691105765625 0.054807691666666665 0.3556490390625
4 0.09775641041666666 0.4099759609375 0.08108974375 0.4099759609375 0.08108974375 0.422716346875 0.09775641041666666 0.422716346875 0.09775641041666666 0.4099759609375