3 0.8877088833333333 0.68722509375 0.716829 0.70982314375 0.7518493708333334 0.8587809375000001 0.9227292541666666 0.8361828875 0.8877088833333333 0.68722509375
5 0.6794375458333334 0.5688583671874999 0.5242965958333333 0.58937501875 0.5507931416666667 0.7020770484375001 0.7059340895833334 0.6815603968749999 0.6794375458333334 0.5688583671874999
5 0.7490504145833333 0.500100409375 0.6092736666666667 0.51858521875 0.6338540020833333 0.623136725 0.77363075 0.6046519171875 0.7490504145833333 0.500100409375
5 0.5362651937499999 0.5334564734375 0.41447580208333334 0.549562540625 0.4383953770833333 0.651303525 0.56018476875 0.6351974578124999 0.5362651937499999 0.5334564734375
4 0.6100815583333333 0.50065625 0.48417006458333334 0.5173074453125001 0.5030017729166667 0.5974073921875 0.6289132666666667 0.580756196875 0.6100815583333333 0.50065625
4 0.4311294041666667 0.5480846578125 0.28048529375 0.5680066234375001 0.3063871541666667 0.67817918125 0.45703126250000004 0.6582572156250001 0.4311294041666667 0.5480846578125
4 0.95210071875 0.42369376406250003 0.7894650375 0.4452015578125 0.8188689333333333 0.57026989375 0.9815046145833333 0.5487621 0.95210071875 0.42369376406250003
4 0.6132692229166667 0.42793191718749996 0.49747561875 0.44324507031250004 0.5192146791666666 0.535711321875 0.6350082833333333 0.5203981703125 0.6132692229166667 0.42793191718749996
4 0.44361174999999997 0.45572943749999995 0.32032341249999996 0.4720337328125 0.3396176541666666 0.554101046875 0.4629059916666666 0.5377967515625001 0.44361174999999997 0.45572943749999995
4 0.1525310479166667 0.48639912343749997 0.03598796875 0.501811390625 0.05792525625 0.5951208015625 0.17446833541666665 0.5797085359375 0.1525310479166667 0.48639912343749997
4 0.09908135624999999 0.464488521875 0.0451192875 0.47162474843749996 0.05688084583333333 0.5216520828125 0.11084291458333334 0.51451585625 0.09908135624999999 0.464488521875
4 0.39878111875 0.3726923296875 0.2694969958333333 0.3897895390625 0.29374695 0.492935784375 0.42303107291666664 0.47583857500000004 0.39878111875 0.3726923296875
4 0.25591834166666666 0.3320332625 0.13263000416666668 0.3483375578125 0.15747464583333332 0.454013275 0.28076298125 0.43770897968750005 0.25591834166666666 0.3320332625
4 0.33004565416666665 0.2865860234375 0.2239952 0.300610690625 0.24665932708333335 0.397011678125 0.35270978124999997 0.3829870109375 0.33004565416666665 0.2865860234375
4 0.3544842458333333 0.20482085625000002 0.2675453583333333 0.216318109375 0.28637706875 0.29641805625 0.37331595624999997 0.2849208015625 0.3544842458333333 0.20482085625000002
4 0.5803224770833334 0.3297030609375 0.4727730770833333 0.34392595625 0.49437998541666667 0.435830103125 0.6019293854166666 0.42160720781250005 0.5803224770833334 0.3297030609375
4 0.49608654375 0.2672360234375 0.3810424104166667 0.28245006250000004 0.4038386895833333 0.379413153125 0.5188828229166667 0.3641991140625 0.49608654375 0.2672360234375
4 0.6962228541666666 0.332922390625 0.5770566187499999 0.3486815578125 0.6010422708333334 0.45070359375 0.72020850625 0.43494442656250004 0.6962228541666666 0.332922390625
4 0.7202314958333333 0.2517936640625 0.5770821166666666 0.2707244875 0.6026535958333333 0.3794917828125 0.7458029729166668 0.360560959375 0.7202314958333333 0.2517936640625
4 0.9296581479166667 0.2025085796875 0.78201193125 0.22203408906250002 0.8059975812500001 0.324056125 0.9536438 0.3045306171875 0.9296581479166667 0.2025085796875