4 0.15560897499999998 0.1525240390625 0.09375 0.1525240390625 0.09375 0.19435096093749998 0.15560897499999998 0.19435096093749998 0.15560897499999998 0.1525240390625
4 0 0.19387019218749998 0.04615384583333334 0.19387019218749998 0.04615384583333334 0.1376201921875 0 0.1376201921875 0 0.19387019218749998
4 0 0.1296875 0.06282051250000001 0.1296875 0.06282051250000001 0.058533653124999994 0 0.058533653124999994 0 0.1296875
3 0.5713141020833333 0.2737980765625 0.35977564166666665 0.2737980765625 0.35977564166666665 0.43581730781249994 0.5713141020833333 0.43581730781249994 0.5713141020833333 0.2737980765625
3 0.72548076875 0.3746394234375 0.5456730770833332 0.3746394234375 0.5456730770833332 0.5082932687499999 0.72548076875 0.5082932687499999 0.72548076875 0.3746394234375
3 0.513141025 0.4034855765625 0.3121794875 0.4034855765625 0.3121794875 0.5472355765625 0.513141025 0.5472355765625 0.513141025 0.4034855765625
3 0.6725961541666667 0.48918269218750005 0.48862179583333337 0.48918269218750005 0.48862179583333337 0.6302884609375 0.6725961541666667 0.6302884609375 0.6725961541666667 0.48918269218750005
5 0.5107371791666666 0.5359375 0.29919871875 0.5359375 0.29919871875 0.6847355765625001 0.5107371791666666 0.6847355765625001 0.5107371791666666 0.5359375
5 0.5427884625 0.690865384375 0.3469551291666667 0.690865384375 0.3469551291666667 0.84735576875 0.5427884625 0.84735576875 0.5427884625 0.690865384375
5 0 0.9704326921875 0.1253205125 0.9704326921875 0.1253205125 0.8651442312500001 0 0.8651442312500001 0 0.9704326921875
4 0.12980769166666667 0.9556490390624999 0.020833333333333332 0.9556490390624999 0.020833333333333332 0.9996394234375 0.12980769166666667 0.9996394234375 0.12980769166666667 0.9556490390624999
5 0 0.9110576921875 0.04006410208333333 0.9110576921875 0.04006410208333333 0.8237980765625 0 0.8237980765625 0 0.9110576921875