4 0.6779100520833333 0 0.6779100520833333 0.1326884921875 1 0.1326884921875 1 0 0.6779100520833333 0
4 0.9449404770833334 0.00049603125 0.5970568791666667 0.00049603125 0.5970568791666667 0.2457837296875 0.9449404770833334 0.2457837296875 0.9449404770833334 0.00049603125
4 0.9799933854166666 0.1536458328125 0.8579695770833333 0.1536458328125 0.8579695770833333 0.2399553578125 0.9799933854166666 0.2399553578125 0.9799933854166666 0.1536458328125
4 0.9348544979166667 0.2969990078125 0.8330026458333334 0.2969990078125 0.8330026458333334 0.3743799609375 0.9348544979166667 0.3743799609375 0.9348544979166667 0.2969990078125
5 0.6630290999999999 0.0064484125 0.5386904770833334 0.0064484125 0.5386904770833334 0.1269841265625 0.6630290999999999 0.1269841265625 0.6630290999999999 0.0064484125
3 0.5985449729166666 0.06634424531250001 0.33829365 0.06634424531250001 0.33829365 0.27938988125 0.5985449729166666 0.27938988125 0.5985449729166666 0.06634424531250001
3 0.47503306875 0.18043154687500002 0.16683201041666665 0.18043154687500002 0.16683201041666665 0.4093501984375 0.47503306875 0.4093501984375 0.47503306875 0.18043154687500002
4 0.6739417979166666 0.2486359125 0.4262566145833333 0.2486359125 0.4262566145833333 0.44308035781250005 0.6739417979166666 0.44308035781250005 0.6739417979166666 0.2486359125
5 0.5023148145833333 0.4861111109375 0.26785714374999997 0.4861111109375 0.26785714374999997 0.6579861109375 0.5023148145833333 0.6579861109375 0.5023148145833333 0.4861111109375
4 0.6542658729166667 0.62686011875 0.5143849208333333 0.62686011875 0.5143849208333333 0.7382192453124999 0.6542658729166667 0.7382192453124999 0.6542658729166667 0.62686011875
4 0.5671296291666666 0.6618303578125 0.38955026458333336 0.6618303578125 0.38955026458333336 0.798487103125 0.5671296291666666 0.798487103125 0.5671296291666666 0.6618303578125
4 0.5603505291666667 0.76612103125 0.42476851875 0.76612103125 0.42476851875 0.8487103171875001 0.5603505291666667 0.8487103171875001 0.5603505291666667 0.76612103125
4 0.8434193125 0.21961805625 0.7461970895833333 0.21961805625 0.7461970895833333 0.27294146874999997 0.8434193125 0.27294146874999997 0.8434193125 0.21961805625