3 0.28066429375 0.0485644359375 0.09286512291666667 0.0836821296875 0.14310293541666666 0.23480177812499997 0.33090210625 0.1996840828125 0.28066429375 0.0485644359375
3 0.36109358541666664 0.20351858906250003 0.18470582291666665 0.2365023953125 0.22827777708333336 0.3675705671875 0.40466553958333334 0.334586759375 0.36109358541666664 0.20351858906250003
3 0.5418701875 0.1847784984375 0.3759157083333333 0.2158113234375 0.40558690833333333 0.3050648359375 0.5715413874999999 0.27403201250000003 0.5418701875 0.1847784984375
4 0.32860592083333334 0.3615364359375 0.2588333125 0.3745836359375 0.27858701458333335 0.43400446875 0.34835962499999995 0.42095727031249996 0.32860592083333334 0.3615364359375
4 0.29944000625 0.44620838125000006 0.17978324166666668 0.46858371718749997 0.20636538333333335 0.5485450828125 0.32602215 0.5261697468750001 0.29944000625 0.44620838125000006
5 0.37168147291666664 0.45308841875 0.21420404166666665 0.48253606875 0.25818245 0.6148268906250001 0.41565988125 0.585379240625 0.37168147291666664 0.45308841875
4 0.70643594375 0.44750168125 0.5417856270833333 0.47829063281249995 0.5810491604166667 0.59639870625 0.7456994770833333 0.56560975625 0.70643594375 0.44750168125
4 0.43061971666666665 0.579335171875 0.32270040000000005 0.5995156515625 0.35489162083333337 0.6963496015625 0.46281093749999996 0.6761691203125 0.43061971666666665 0.579335171875
4 0.34218020833333335 0.5971716625 0.19774438541666667 0.624180584375 0.23115497083333333 0.7246824859375 0.37559079375 0.6976735640625 0.34218020833333335 0.5971716625
4 0.5022329895833333 0.6546420015625001 0.3855105875 0.6764686234374999 0.4153443708333333 0.766211196875 0.5320667729166667 0.7443845734375001 0.5022329895833333 0.6546420015625001
4 0.6522403104166667 0.640746584375 0.4853077125 0.6719623125 0.5245712458333334 0.7900703874999999 0.6915038437500001 0.7588546578125 0.6522403104166667 0.640746584375
4 0.465375875 0.7271162765625 0.3320254208333333 0.7520522781250001 0.36551729583333337 0.8527987093749999 0.49886775208333334 0.8278627078125 0.465375875 0.7271162765625
4 0.63038313125 0.7562585000000001 0.5087701270833334 0.7789996453125 0.5424245833333334 0.8802351359375 0.6640375895833334 0.857493990625 0.63038313125 0.7562585000000001
4 0.6788800833333333 0.7490078828125 0.62214908125 0.759616353125 0.6507635 0.8456909734375 0.7074945020833333 0.8350825015625001 0.6788800833333333 0.7490078828125
4 0.59572569375 0.8296201015625 0.4972615458333333 0.848032503125 0.5245753083333333 0.930194640625 0.62303945625 0.9117822390624999 0.59572569375 0.8296201015625
4 0.6743620854166666 0.8395898781250001 0.60524155625 0.852515140625 0.6258894604166667 0.9146258046875 0.6950099895833334 0.9017005421875 0.6743620854166666 0.8395898781250001
4 0.537525975 0.74570130625 0.4664492041666667 0.758992378125 0.49319393125000005 0.8394428046875 0.5642707 0.8261517328125001 0.537525975 0.74570130625