3 0.7208333333333333 0.0733173078125 0.5948717958333333 0.0733173078125 0.5948717958333333 0.17764423125 0.7208333333333333 0.17764423125 0.7208333333333333 0.0733173078125
3 0.8889423083333334 0.1300480765625 0.68669871875 0.1300480765625 0.68669871875 0.2860576921875 0.8889423083333334 0.2860576921875 0.8889423083333334 0.1300480765625
4 0.7349358979166667 0.30384615312499996 0.599358975 0.30384615312499996 0.599358975 0.4021634609375 0.7349358979166667 0.4021634609375 0.7349358979166667 0.30384615312499996
3 0.6966346145833333 0.3318509609375 0.5014423083333334 0.3318509609375 0.5014423083333334 0.47920673125 0.6966346145833333 0.47920673125 0.6966346145833333 0.3318509609375
4 0.8951923083333334 0.34350961562500004 0.6971153854166666 0.34350961562500004 0.6971153854166666 0.49014423125000006 0.8951923083333334 0.49014423125000006 0.8951923083333334 0.34350961562500004
4 0.6059294875 0.4550480765625 0.47996794791666664 0.4550480765625 0.47996794791666664 0.568028846875 0.6059294875 0.568028846875 0.6059294875 0.4550480765625
4 0.7411858979166667 0.46899038437499996 0.5565705125 0.46899038437499996 0.5565705125 0.6105769234375 0.7411858979166667 0.6105769234375 0.7411858979166667 0.46899038437499996
4 0.7274038458333333 0.5918269234375 0.5828525645833333 0.5918269234375 0.5828525645833333 0.68485576875 0.7274038458333333 0.68485576875 0.7274038458333333 0.5918269234375
4 0.5684294875 0.6009615390625 0.49567307708333336 0.6009615390625 0.49567307708333336 0.6793269234375 0.5684294875 0.6793269234375 0.5684294875 0.6009615390625
4 0.6480769229166667 0.610096153125 0.5253205125 0.610096153125 0.5253205125 0.71201923125 0.6480769229166667 0.71201923125 0.6480769229166667 0.610096153125
4 0.5802884625 0.6623798078124999 0.4905448708333333 0.6623798078124999 0.4905448708333333 0.726802884375 0.5802884625 0.726802884375 0.5802884625 0.6623798078124999
4 0.7102564104166667 0.6723557687499999 0.63173076875 0.6723557687499999 0.63173076875 0.7076923078124999 0.7102564104166667 0.7076923078124999 0.7102564104166667 0.6723557687499999
4 0.6160256416666667 0.7105769234375 0.536858975 0.7105769234375 0.536858975 0.7615384609375 0.6160256416666667 0.7615384609375 0.6160256416666667 0.7105769234375
4 0.7274038458333333 0.713341346875 0.6482371791666667 0.713341346875 0.6482371791666667 0.78233173125 0.7274038458333333 0.78233173125 0.7274038458333333 0.713341346875
4 0.6839743583333333 0.7265625 0.5759615375 0.7265625 0.5759615375 0.8150240390624999 0.6839743583333333 0.8150240390624999 0.6839743583333333 0.7265625
4 0.6772435895833334 0.8080528843750001 0.6076923083333334 0.8080528843750001 0.6076923083333334 0.8546875 0.6772435895833334 0.8546875 0.6772435895833334 0.8080528843750001
4 0.363141025 0.8219951921875 0.31698717916666663 0.8219951921875 0.31698717916666663 0.8691105765625 0.363141025 0.8691105765625 0.363141025 0.8219951921875
4 0.338141025 0.8110576921874999 0.26987179583333337 0.8110576921874999 0.26987179583333337 0.865865384375 0.338141025 0.865865384375 0.338141025 0.8110576921874999
4 0.36362179583333337 0.740384615625 0.2834935895833333 0.740384615625 0.2834935895833333 0.8028846156249999 0.36362179583333337 0.8028846156249999 0.36362179583333337 0.740384615625
5 0.29983974375 0.620552884375 0.17740384583333332 0.620552884375 0.17740384583333332 0.7152644234375 0.29983974375 0.7152644234375 0.29983974375 0.620552884375
4 0.31875 0.6215144234375 0.26298076875 0.6215144234375 0.26298076875 0.6842548078124999 0.31875 0.6842548078124999 0.31875 0.6215144234375
4 0.33157051249999997 0.6777644234375 0.24567307708333336 0.6777644234375 0.24567307708333336 0.7381009609375 0.33157051249999997 0.7381009609375 0.33157051249999997 0.6777644234375
3 0.31073717916666665 0.49603365312500003 0.17259615416666665 0.49603365312500003 0.17259615416666665 0.5921875 0.31073717916666665 0.5921875 0.31073717916666665 0.49603365312500003
3 0.34967948750000005 0.5091346156250001 0.26121794791666664 0.5091346156250001 0.26121794791666664 0.5954326921875001 0.34967948750000005 0.5954326921875001 0.34967948750000005 0.5091346156250001
3 0.25352564166666663 0.44819711562500003 0.125 0.44819711562500003 0.125 0.5385817312500001 0.25352564166666663 0.5385817312500001 0.25352564166666663 0.44819711562500003