3 1 0.5985880796874999 0.9784445708333334 0.44477342656249996 0.621608625 0.472902153125 0.6501875687500001 0.6768350140625 1 0.6492599390625 1 0.5985880796874999
3 0.7792908895833333 0.340432734375 0.5114776895833333 0.3615439609375 0.5374727833333334 0.5470390578125001 0.8052859833333332 0.52592783125 0.7792908895833333 0.340432734375
3 0.8586785875 0.14507705312500002 0.6515796458333334 0.1614022859375 0.6729159791666667 0.31365353125 0.8800149208333334 0.29732829843749997 0.8586785875 0.14507705312500002
3 0.6825574854166666 0.2373391640625 0.4646566208333333 0.25451589218750004 0.48853765625 0.42492554218749995 0.70643851875 0.4077488140625 0.6825574854166666 0.2373391640625
5 1 0.59291193125 0.7753526937499999 0.61062046875 0.8096474270833334 0.8553399015625001 1 0.8403347546875001 1 0.59291193125
4 0.78765331875 0.7548281515624999 0.5261722833333333 0.775440225 0.5517367333333334 0.9578623593750001 0.8132177708333334 0.9372502859375 0.78765331875 0.7548281515624999
4 0.5907263 0.50245138125 0.4156606479166667 0.5162514875 0.43918933958333334 0.6841468953125001 0.6142549916666666 0.6703467890625 0.5907263 0.50245138125
4 0.46534606875 0.37902029375 0.3070420208333333 0.39149911406250004 0.3259902520833334 0.52670939375 0.4842943 0.514230575 0.46534606875 0.37902029375
4 0.3555040395833334 0.479332715625 0.20092479375 0.49151791562499997 0.21830705625 0.6155537921875001 0.3728863 0.6033685921874999 0.3555040395833334 0.479332715625
4 0.44144727916666665 0.5739561328125 0.25073746041666667 0.5889894390625 0.2714082583333333 0.7364915640625 0.462118075 0.7214582578125001 0.44144727916666665 0.5739561328125
4 0.2864636583333333 0.598035946875 0.17360218541666667 0.6069326109375 0.19106274583333333 0.731527209375 0.30392421875 0.7226305453124999 0.2864636583333333 0.598035946875
4 0.49329570624999997 0.6859543828125 0.28619676250000003 0.7022796140625001 0.30878587291666665 0.8634703828125 0.5158848145833334 0.84714515 0.49329570624999997 0.6859543828125
4 0.56472285 0.77776783125 0.3993416791666667 0.7908045265625 0.4166456416666667 0.9142816843749999 0.5820268125 0.9012449874999999 0.56472285 0.77776783125
4 0.7346281104166666 0.69220951875 0.5625423020833333 0.7057747296875 0.5768709229166666 0.80802051875 0.7489567312500001 0.7944553078125 0.7346281104166666 0.69220951875