3 0.69731004375 0.49135160625 0.5972549895833333 0.50056551875 0.6073698166666667 0.562349515625 0.7074248708333334 0.5531356046875 0.69731004375 0.49135160625
5 0.42789213541666665 0.637530246875 0.31749805833333333 0.6476962640624999 0.3309708458333333 0.729991546875 0.4413649229166667 0.7198255296875 0.42789213541666665 0.637530246875
5 0.37246566458333336 0.5853779671875 0.24806387916666667 0.5968339312500001 0.26309279375 0.68863444375 0.3874945791666667 0.6771784796875 0.37246566458333336 0.5853779671875
4 0.4212049541666667 0.515000328125 0.3201493458333333 0.5243063796875 0.33300787291666667 0.602849596875 0.43406347916666665 0.5935435453125 0.4212049541666667 0.515000328125
4 0.38106029166666666 0.5106990609375 0.31335637083333334 0.516933809375 0.32080940208333336 0.5624588578124999 0.3885133229166666 0.5562241109375 0.38106029166666666 0.5106990609375
4 0.8513148166666666 0.5118280921875 0.7409207375 0.5219941078125 0.7541478208333333 0.6027885656249999 0.8645419000000001 0.5926225484375001 0.8513148166666666 0.5118280921875
4 0.6785317916666667 0.4562641 0.5834794875 0.4650173171875 0.5942495270833333 0.5308035171875 0.68930183125 0.5220503 0.6785317916666667 0.4562641
4 0.5676380770833334 0.4447669328125 0.4665824708333333 0.45407298437500004 0.478130575 0.5246117984375 0.57918618125 0.515305746875 0.5676380770833334 0.4447669328125
4 0.4381284208333333 0.4498377359375 0.34607776875 0.4583145359375 0.3570116125 0.525101284375 0.4490622625 0.5166244859375 0.4381284208333333 0.4498377359375
4 0.37512984166666663 0.42174236093750006 0.33944353958333334 0.42502865625 0.3440709708333333 0.453294209375 0.37975727291666667 0.4500079140625 0.37512984166666663 0.42174236093750006
4 0.49479548125 0.39790015156249997 0.420421225 0.404749159375 0.43045415 0.46603287968749996 0.5048284083333333 0.459183871875 0.49479548125 0.39790015156249997
4 0.6546256166666667 0.4001935296875 0.5765826729166666 0.40738038125 0.5860422895833334 0.46516217656250003 0.6640852333333334 0.45797532500000004 0.6546256166666667 0.4001935296875
4 0.5661953291666666 0.360475140625 0.48081501458333337 0.36833767812499996 0.4921993145833333 0.43787594218750003 0.5775796291666667 0.4300134046875 0.5661953291666666 0.360475140625
4 0.6433491791666667 0.3437216328125 0.56597326875 0.3508470578125 0.5751052791666668 0.4066277515625 0.6524811895833333 0.3995023265625 0.6433491791666667 0.3437216328125
4 0.6842144666666666 0.41549625937499995 0.6338534229166667 0.420133928125 0.6436815958333334 0.48016696249999996 0.6940426395833333 0.47552929375 0.6842144666666666 0.41549625937499995
4 0.6707862270833334 0.310725953125 0.5890745979166667 0.31825064687500004 0.5983704104166667 0.375031890625 0.6800820395833332 0.367507196875 0.6707862270833334 0.310725953125
4 0.5941121770833333 0.32730832187500003 0.5304104583333333 0.33317451249999996 0.5388463062500001 0.384702865625 0.602548025 0.37883667499999996 0.5941121770833333 0.32730832187500003
4 0.40508340625 0.569551859375 0.31770198958333334 0.5775986750000001 0.326834 0.63337936875 0.41421541666666667 0.6253325515625 0.40508340625 0.569551859375