4 0.7857644175365344 0.60572016875 0.6989720730688935 0.598892740625 0.6856776409185804 0.6935611546875 0.7724699853862214 0.7003885828125 0.7857644175365344 0.60572016875
5 0.6795894947807933 0.66304426875 0.6146634384133611 0.657936928125 0.6037733194154489 0.7354844593750001 0.6686993757828811 0.7405917984375 0.6795894947807933 0.66304426875
4 0.851508630480167 0.5020678734375 0.8017207724425888 0.4981513640625 0.7958867807933194 0.5396946828125 0.845674636743215 0.5436111921875 0.851508630480167 0.5020678734375
4 0.8440667870563675 0.47513560468750005 0.8218640939457204 0.473389053125 0.8188587035490605 0.4947901578125 0.8410613966597077 0.49653670937500005 0.8440667870563675 0.47513560468750005
4 0.7898344029227556 0.42657619531249996 0.7366825010438414 0.42239505624999996 0.7285856263048017 0.48005214843750005 0.781737528183716 0.48423328750000005 0.7898344029227556 0.42657619531249996
4 0.7310429749478079 0.46255359843750005 0.6731814112734864 0.4580019796875 0.6666402672233821 0.504580853125 0.7245018308977036 0.5091324734375 0.7310429749478079 0.46255359843750005
4 0.7181515511482255 0.49501402343749995 0.6697093110647181 0.491203365625 0.6601627787056367 0.5591833453125 0.7086050187891441 0.562994003125 0.7181515511482255 0.49501402343749995
5 0.6676186450939458 0.48429309218750005 0.5559323736951983 0.475507409375 0.5412589979123174 0.5799951515624999 0.6529452713987474 0.5887808359375 0.6676186450939458 0.48429309218750005
4 0.6055888121085595 0.4016457875 0.5093771440501044 0.394077396875 0.49693129227557414 0.48270314687500004 0.5931429603340292 0.49027153593749995 0.6055888121085595 0.4016457875
4 0.5050550354906054 0.5108345703125 0.3980784258872651 0.5024193671875 0.38407684342379955 0.602123334375 0.4910534530271399 0.6105385375 0.5050550354906054 0.5108345703125
4 0.5049320083507307 0.26224797187500004 0.43798752609603336 0.2569818546875 0.428440993736952 0.3249618328125 0.4953854759916493 0.33022795 0.5049320083507307 0.26224797187500004
4 0.4402096576200417 0.384054346875 0.34635282045929017 0.3766711984375 0.3331644613778706 0.47058427812500003 0.42702129853862214 0.47796742812500004 0.4402096576200417 0.384054346875
4 0.39613199582463465 0.29709165312499997 0.32077740083507306 0.2911639625 0.3099226388308977 0.368459715625 0.3852772338204593 0.3743874046875 0.39613199582463465 0.29709165312499997
4 0.3924325135699374 0.2592531765625 0.3722482463465553 0.2576654015625 0.36917214196242176 0.2795700609375 0.3893564070981211 0.28115783437499997 0.3924325135699374 0.2592531765625
3 0.8087240542797495 0.418007046875 0.7660006910229645 0.4146462578125 0.7606617035490606 0.452664690625 0.8033850668058454 0.45602547812500005 0.8087240542797495 0.418007046875