1 0.02382194375 0 0.02382194375 0.10250391249999999 0.10450356458333333 0.10250391249999999 0.10450356458333333 0 0.02382194375 0
1 0.7363936708333333 0 0.7363936708333333 0.056468440625000005 0.8198574166666667 0.056468440625000005 0.8198574166666667 0 0.7363936708333333 0
1 0.43575030416666666 0.284037559375 0.270213875 0.284037559375 0.270213875 0.3868022953125 0.43575030416666666 0.3868022953125 0.43575030416666666 0.284037559375
1 0.4785254729166667 0.330985915625 0.298035125 0.330985915625 0.298035125 0.46087636875 0.4785254729166667 0.46087636875 0.4785254729166667 0.330985915625
2 0.8525473833333332 0.3590245171875 0.6651017208333333 0.3590245171875 0.6651017208333333 0.4983046421875 0.8525473833333332 0.4983046421875 0.8525473833333332 0.3590245171875
1 0.7982959479166667 0.42618675 0.6132846458333333 0.42618675 0.6132846458333333 0.566510171875 0.7982959479166667 0.566510171875 0.7982959479166667 0.42618675
1 0.17162232708333333 0.3887584765625 0.07042253541666667 0.3887584765625 0.07042253541666667 0.48787167499999995 0.17162232708333333 0.48787167499999995 0.17162232708333333 0.3887584765625
1 0 0.48161189374999996 0.06781429374999999 0.48161189374999996 0.06781429374999999 0.38928012500000003 0 0.38928012500000003 0 0.48161189374999996
1 0.8457659541666666 0.49634846093749996 0.6864893062499999 0.49634846093749996 0.6864893062499999 0.614501825 0.8457659541666666 0.614501825 0.8457659541666666 0.49634846093749996
1 0.4112328291666667 0.5324726140625 0.23143801041666665 0.5324726140625 0.23143801041666665 0.6568857593749999 0.4112328291666667 0.6568857593749999 0.4112328291666667 0.5324726140625
2 0.23317683958333332 0.566510171875 0.09685272083333334 0.566510171875 0.09685272083333334 0.6880542515625 0.23317683958333332 0.6880542515625 0.23317683958333332 0.566510171875
2 0.09580942499999999 0.631977046875 0.027647366666666666 0.631977046875 0.027647366666666666 0.679447053125 0.09580942499999999 0.679447053125 0.09580942499999999 0.631977046875
1 0.32046600625 0.605372978125 0.17162232708333333 0.605372978125 0.17162232708333333 0.7091810125 0.32046600625 0.7091810125 0.32046600625 0.605372978125
2 0.35906798749999996 0.9315336468750001 0.27769083541666667 0.9315336468750001 0.27769083541666667 0.9962180484375001 0.35906798749999996 0.9962180484375001 0.35906798749999996 0.9315336468750001