3 0.32003205208333335 0.598197115625 0.07964743541666668 0.598197115625 0.07964743541666668 0.7796875 0.32003205208333335 0.7796875 0.32003205208333335 0.598197115625
3 0.430608975 0.6902644234374999 0.24086538541666666 0.6902644234374999 0.24086538541666666 0.7974759609375 0.430608975 0.7974759609375 0.430608975 0.6902644234374999
3 0.44294871875 0.7655048078125 0.19455128124999999 0.7655048078125 0.19455128124999999 0.9751201921874999 0.44294871875 0.9751201921874999 0.44294871875 0.7655048078125
4 0.47275641041666666 0.8034855765625 0.40192307708333336 0.8034855765625 0.40192307708333336 0.933533653125 0.47275641041666666 0.933533653125 0.47275641041666666 0.8034855765625
4 0.5641025645833333 0.6519230765625 0.5038461541666667 0.6519230765625 0.5038461541666667 0.69951923125 0.5641025645833333 0.69951923125 0.5641025645833333 0.6519230765625
4 0.5059294875 0.612259615625 0.4155448708333333 0.612259615625 0.4155448708333333 0.675721153125 0.5059294875 0.675721153125 0.5059294875 0.612259615625
4 0.50673076875 0.5396634609375 0.39839743541666667 0.5396634609375 0.39839743541666667 0.6175480765625 0.50673076875 0.6175480765625 0.50673076875 0.5396634609375
4 0.5860576916666667 0.553125 0.5033653854166666 0.553125 0.5033653854166666 0.6165865390625 0.5860576916666667 0.6165865390625 0.5860576916666667 0.553125
5 0.6059294875 0.478846153125 0.505608975 0.478846153125 0.505608975 0.5581730765625 0.6059294875 0.5581730765625 0.6059294875 0.478846153125
3 0.5128205124999999 0.4623798078125 0.3852564104166667 0.4623798078125 0.3852564104166667 0.5438701921875 0.5128205124999999 0.5438701921875 0.5128205124999999 0.4623798078125
3 0.52483974375 0.3365384609375 0.3434294875 0.3365384609375 0.3434294875 0.4733173078125 0.52483974375 0.4733173078125 0.52483974375 0.3365384609375
3 0.6666666666666666 0.3748798078125 0.5346153854166666 0.3748798078125 0.5346153854166666 0.4777644234375 0.6666666666666666 0.4777644234375 0.6666666666666666 0.3748798078125
3 0.5429487187500001 0.1686298078125 0.3967948708333333 0.1686298078125 0.3967948708333333 0.2842548078125 0.5429487187500001 0.2842548078125 0.5429487187500001 0.1686298078125
3 0.4302884625 0.21766826875 0.33637820416666664 0.21766826875 0.33637820416666664 0.292908653125 0.4302884625 0.292908653125 0.4302884625 0.21766826875
3 0.7599358979166666 0.20276442343749998 0.6057692312499999 0.20276442343749998 0.6057692312499999 0.3203125 0.7599358979166666 0.3203125 0.7599358979166666 0.20276442343749998