4 0.5596891541666668 0.026413690625000003 0.5028108458333334 0.026413690625000003 0.5028108458333334 0.0747767859375 0.5596891541666668 0.0747767859375 0.5596891541666668 0.026413690625000003
4 1 0.10602678593749999 0.9490740750000001 0.10602678593749999 0.9490740750000001 0.2007688484375 1 0.2007688484375 1 0.10602678593749999
4 1 0.3069196421875 0.9500661375 0.3069196421875 0.9500661375 0.37388392812500004 1 0.37388392812500004 1 0.3069196421875
4 0.95667989375 0.2748015875 0.8584656083333333 0.2748015875 0.8584656083333333 0.343005953125 0.95667989375 0.343005953125 0.95667989375 0.2748015875
4 0.9905753958333333 0.268105159375 0.9171626979166666 0.268105159375 0.9171626979166666 0.3226686515625 0.9905753958333333 0.3226686515625 0.9905753958333333 0.268105159375
4 0.9036044979166667 0.17001488125 0.84970238125 0.17001488125 0.84970238125 0.2096974203125 0.9036044979166667 0.2096974203125 0.9036044979166667 0.17001488125
4 0.9085648145833333 0.20039682499999997 0.8103505291666667 0.20039682499999997 0.8103505291666667 0.27157738125 0.9085648145833333 0.27157738125 0.9085648145833333 0.20039682499999997
4 0.8531746041666667 0.1810515875 0.7734788354166666 0.1810515875 0.7734788354166666 0.24479166718749998 0.8531746041666667 0.24479166718749998 0.8531746041666667 0.1810515875
4 0.9793320104166666 0.21614583281250002 0.8943452375 0.21614583281250002 0.8943452375 0.2751736109375 0.9793320104166666 0.2751736109375 0.9793320104166666 0.21614583281250002
4 0.9049272479166667 0.2632688484375 0.8328373020833334 0.2632688484375 0.8328373020833334 0.317584325 0.9049272479166667 0.317584325 0.9049272479166667 0.2632688484375
4 0.7880290999999999 0.255704365625 0.71825396875 0.255704365625 0.71825396875 0.3077876984375 0.7880290999999999 0.3077876984375 0.7880290999999999 0.255704365625
4 0.8508597874999999 0.3139880953125 0.7900132270833333 0.3139880953125 0.7900132270833333 0.3606150796875 0.8508597874999999 0.3606150796875 0.8508597874999999 0.3139880953125
4 0.7364417979166666 0.32353670625 0.6841931208333333 0.32353670625 0.6841931208333333 0.3649553578125 0.7364417979166666 0.3649553578125 0.7364417979166666 0.32353670625
4 0.7359457666666667 0.3909970234375 0.7141203708333334 0.3909970234375 0.7141203708333334 0.40811011875 0.7359457666666667 0.40811011875 0.7359457666666667 0.3909970234375
4 0.7141203708333334 0.3730158734375 0.6952711645833334 0.3730158734375 0.6952711645833334 0.3888888890625 0.7141203708333334 0.3888888890625 0.7141203708333334 0.3730158734375
4 0.83167989375 0.3821924609375 0.7728174604166667 0.3821924609375 0.7728174604166667 0.4298115078125 0.83167989375 0.4298115078125 0.83167989375 0.3821924609375
4 0.9836309520833333 0.3570188484375 0.8996362437500001 0.3570188484375 0.8996362437500001 0.417038690625 0.9836309520833333 0.417038690625 0.9836309520833333 0.3570188484375
4 0.999338625 0.42274305625 0.9583333333333334 0.42274305625 0.9583333333333334 0.470362103125 0.999338625 0.470362103125 0.999338625 0.42274305625
4 0.9257605812499999 0.4300595234375 0.9032738104166668 0.4300595234375 0.9032738104166668 0.446428571875 0.9257605812499999 0.446428571875 0.9257605812499999 0.4300595234375
4 0.8344907416666667 0.43799603125 0.8050595229166666 0.43799603125 0.8050595229166666 0.4580853171875 0.8344907416666667 0.4580853171875 0.8344907416666667 0.43799603125
4 0.93204365 0.64248511875 0.8318452375 0.64248511875 0.8318452375 0.71688988125 0.93204365 0.71688988125 0.93204365 0.64248511875
4 0.5777116395833333 0.3721478171875 0.47420635 0.3721478171875 0.47420635 0.46143353125 0.5777116395833333 0.46143353125 0.5777116395833333 0.3721478171875
4 0.6350859791666666 0.529141865625 0.50545635 0.529141865625 0.50545635 0.6248759921875 0.6350859791666666 0.6248759921875 0.6350859791666666 0.529141865625
4 0.53174603125 0.5146329359374999 0.46858465625 0.5146329359374999 0.46858465625 0.563244046875 0.53174603125 0.563244046875 0.53174603125 0.5146329359374999
4 0.47718253958333334 0.3970734125 0.34391534375 0.3970734125 0.34391534375 0.49578372968749995 0.47718253958333334 0.49578372968749995 0.47718253958333334 0.3970734125
4 0.36590608541666664 0.3882688484375 0.33482142916666663 0.3882688484375 0.33482142916666663 0.4086061515625 0.36590608541666664 0.4086061515625 0.36590608541666664 0.3882688484375
5 0.37417328125 0.45907738125 0.3229166666666667 0.45907738125 0.3229166666666667 0.5039682546875001 0.37417328125 0.5039682546875001 0.37417328125 0.45907738125
4 0.33482142916666663 0.4169146828125 0.2915013229166667 0.4169146828125 0.2915013229166667 0.4456845234375 0.33482142916666663 0.4456845234375 0.33482142916666663 0.4169146828125
4 0.40162037083333335 0.5008680562500001 0.32721560833333335 0.5008680562500001 0.32721560833333335 0.5502232140625 0.40162037083333335 0.5502232140625 0.40162037083333335 0.5008680562500001
5 0.4270833333333333 0.5559275796875001 0.33482142916666663 0.5559275796875001 0.33482142916666663 0.6248759921875 0.4270833333333333 0.6248759921875 0.4270833333333333 0.5559275796875001
5 0.37830687916666667 0.533358134375 0.29662698333333337 0.533358134375 0.29662698333333337 0.5973462296875 0.37830687916666667 0.5973462296875 0.37830687916666667 0.533358134375
4 0.3525132270833333 0.5819692453124999 0.287367725 0.5819692453124999 0.287367725 0.6340525796875001 0.3525132270833333 0.6340525796875001 0.3525132270833333 0.5819692453124999
5 0.311838625 0.6290922625 0.23875661458333333 0.6290922625 0.23875661458333333 0.6863839281249999 0.311838625 0.6863839281249999 0.311838625 0.6290922625
5 0.2673611104166667 0.5720486109375 0.19758597916666665 0.5720486109375 0.19758597916666665 0.6236359125 0.2673611104166667 0.6236359125 0.2673611104166667 0.5720486109375
3 0.18931878333333335 0.51884920625 0.13012566041666668 0.51884920625 0.13012566041666668 0.5540674609375 0.18931878333333335 0.5540674609375 0.18931878333333335 0.51884920625
4 0.2577711645833333 0.623387896875 0.20056216875 0.623387896875 0.20056216875 0.6685267859375 0.2577711645833333 0.6685267859375 0.2577711645833333 0.623387896875
4 0.3925264541666667 0.6540178578125 0.311838625 0.6540178578125 0.311838625 0.719494046875 0.3925264541666667 0.719494046875 0.3925264541666667 0.6540178578125
4 0.35466269791666666 0.6819196421875 0.2852182541666667 0.6819196421875 0.2852182541666667 0.735987103125 0.35466269791666666 0.735987103125 0.35466269791666666 0.6819196421875
4 0.38740079375 0.7485119046875 0.3235780416666667 0.7485119046875 0.3235780416666667 0.796626984375 0.38740079375 0.796626984375 0.38740079375 0.7485119046875
4 0.3225859791666667 0.7490079359374999 0.2700066145833333 0.7490079359374999 0.2700066145833333 0.7919146828125 0.3225859791666667 0.7919146828125 0.3225859791666667 0.7490079359374999
4 0.28207671875 0.7676091265625 0.23578042291666668 0.7676091265625 0.23578042291666668 0.8005952375 0.28207671875 0.8005952375 0.28207671875 0.7676091265625
4 0.4935515875 0.6030505953125 0.43171296249999996 0.6030505953125 0.43171296249999996 0.6531498015625 0.4935515875 0.6531498015625 0.4935515875 0.6030505953125
4 0.53141534375 0.6494295640625001 0.4880952375 0.6494295640625001 0.4880952375 0.680431546875 0.53141534375 0.680431546875 0.53141534375 0.6494295640625001
4 0.45221560833333335 0.65166170625 0.3837632270833333 0.65166170625 0.3837632270833333 0.698288690625 0.45221560833333335 0.698288690625 0.45221560833333335 0.65166170625
4 0.46147486875 0.6800595234375 0.4012896833333333 0.6800595234375 0.4012896833333333 0.728174603125 0.46147486875 0.728174603125 0.46147486875 0.6800595234375
4 0.7212301583333333 0.1113591265625 0.67526455 0.1113591265625 0.67526455 0.1458333328125 0.7212301583333333 0.1458333328125 0.7212301583333333 0.1113591265625
4 0.4424603166666667 0.5275297625 0.375661375 0.5275297625 0.375661375 0.577380953125 0.4424603166666667 0.577380953125 0.4424603166666667 0.5275297625