0 0.28894230833333334 0.8040865390624999 0.1072115375 0.8040865390624999 0.1072115375 0.94375 0.28894230833333334 0.94375 0.28894230833333334 0.8040865390624999
1 0.48381410208333336 0.278966346875 0.27003205208333336 0.278966346875 0.27003205208333336 0.42536057656250004 0.48381410208333336 0.42536057656250004 0.48381410208333336 0.278966346875
1 0.09983974375 0.24975961562500001 0.056891025 0.24975961562500001 0.056891025 0.28173076875 0.09983974375 0.28173076875 0.09983974375 0.24975961562500001
1 0.05849358958333333 0.2447115390625 0.0027243583333333337 0.2447115390625 0.0027243583333333337 0.2826923078125 0.05849358958333333 0.2826923078125 0.05849358958333333 0.2447115390625
1 0.08397435833333335 0.329927884375 0.02820512916666667 0.329927884375 0.02820512916666667 0.37415865312499996 0.08397435833333335 0.37415865312499996 0.08397435833333335 0.329927884375
2 0.03926282083333333 0.3722355765625 0.0014423083333333334 0.3722355765625 0.0014423083333333334 0.41045673125000004 0.03926282083333333 0.41045673125000004 0.03926282083333333 0.3722355765625
2 0.080608975 0.370552884375 0.043108975 0.370552884375 0.043108975 0.3936298078125 0.080608975 0.3936298078125 0.080608975 0.370552884375
1 0.3953525645833333 0.390625 0.180608975 0.390625 0.180608975 0.5567307687499999 0.3953525645833333 0.5567307687499999 0.3953525645833333 0.390625
0 0.5535256416666667 0.4834134609375 0.5051282041666666 0.4834134609375 0.5051282041666666 0.5177884609375 0.5535256416666667 0.5177884609375 0.5535256416666667 0.4834134609375
1 0.19054487083333335 0.41141826875 0.11137820416666666 0.41141826875 0.11137820416666666 0.4811298078125 0.19054487083333335 0.4811298078125 0.19054487083333335 0.41141826875
2 0.12355769166666668 0.412259615625 0.07099358958333334 0.412259615625 0.07099358958333334 0.45288461562500004 0.12355769166666668 0.45288461562500004 0.12355769166666668 0.412259615625
0 0.10192307708333333 0.43040865312500004 0.04262820416666667 0.43040865312500004 0.04262820416666667 0.4712740390625 0.10192307708333333 0.4712740390625 0.10192307708333333 0.43040865312500004
2 0.12948717916666666 0.48389423125000003 0.08012820416666666 0.48389423125000003 0.08012820416666666 0.5213942312500001 0.12948717916666666 0.5213942312500001 0.12948717916666666 0.48389423125000003
1 0.07307692291666666 0.397115384375 0.053525641666666665 0.397115384375 0.053525641666666665 0.41514423125000005 0.07307692291666666 0.41514423125000005 0.07307692291666666 0.397115384375
1 0.01330128125 0.26911057656250004 0.00016025625 0.26911057656250004 0.00016025625 0.310697115625 0.01330128125 0.310697115625 0.01330128125 0.26911057656250004
1 0.09182692291666666 0.5514423078124999 0.030288462500000002 0.5514423078124999 0.030288462500000002 0.578846153125 0.09182692291666666 0.578846153125 0.09182692291666666 0.5514423078124999
1 0.09759615416666666 0.5670673078124999 0.01233974375 0.5670673078124999 0.01233974375 0.6264423078125 0.09759615416666666 0.6264423078125 0.09759615416666666 0.5670673078124999
1 0.17772435833333333 0.596153846875 0.12836538541666667 0.596153846875 0.12836538541666667 0.6401442312500001 0.17772435833333333 0.6401442312500001 0.17772435833333333 0.596153846875
1 0.19599358958333332 0.6550480765625 0.14759615416666666 0.6550480765625 0.14759615416666666 0.6925480765625001 0.19599358958333332 0.6925480765625001 0.19599358958333332 0.6550480765625
1 0.30272435833333333 0.5551682687499999 0.22772435833333335 0.5551682687499999 0.22772435833333335 0.6027644234375 0.30272435833333333 0.6027644234375 0.30272435833333333 0.5551682687499999
1 0.2951923083333333 0.5902644234375 0.21891025625 0.5902644234375 0.21891025625 0.6409855765625 0.2951923083333333 0.6409855765625 0.2951923083333333 0.5902644234375
0 0.8711538458333333 0.61358173125 0.7977564104166667 0.61358173125 0.7977564104166667 0.664783653125 0.8711538458333333 0.664783653125 0.8711538458333333 0.61358173125
1 0.8554487187500001 0.652283653125 0.7788461541666667 0.652283653125 0.7788461541666667 0.7006009609375 0.8554487187500001 0.7006009609375 0.8554487187500001 0.652283653125
1 0.9333333333333333 0.6483173078125 0.85641025625 0.6483173078125 0.85641025625 0.6966346156250001 0.9333333333333333 0.6966346156250001 0.9333333333333333 0.6483173078125