3 0.8147435895833334 0.14927884687499998 0.6259615375 0.14927884687499998 0.6259615375 0.293028846875 0.8147435895833334 0.293028846875 0.8147435895833334 0.14927884687499998
5 0.6144230770833333 0.2540865390625 0.45128205208333333 0.2540865390625 0.45128205208333333 0.39086538437499996 0.6144230770833333 0.39086538437499996 0.6144230770833333 0.2540865390625
4 0.6533653854166667 0.3802884609375 0.48092948750000003 0.3802884609375 0.48092948750000003 0.5074519234375 0.6533653854166667 0.5074519234375 0.6533653854166667 0.3802884609375
4 0.8200320520833333 0.46117788437499996 0.6697115375 0.46117788437499996 0.6697115375 0.57391826875 0.8200320520833333 0.57391826875 0.8200320520833333 0.46117788437499996
4 0.6666666666666666 0.4787259609375 0.5282051291666667 0.4787259609375 0.5282051291666667 0.57295673125 0.6666666666666666 0.57295673125 0.6666666666666666 0.4787259609375
3 0.4397435895833333 0.502283653125 0.3365384625 0.502283653125 0.3365384625 0.5813701921875001 0.4397435895833333 0.5813701921875001 0.4397435895833333 0.502283653125
5 0.3610576916666667 0.5621394234375 0.27836538541666667 0.5621394234375 0.27836538541666667 0.621033653125 0.3610576916666667 0.621033653125 0.3610576916666667 0.5621394234375
3 0.5508012812499999 0.58125 0.41875 0.58125 0.41875 0.674759615625 0.5508012812499999 0.674759615625 0.5508012812499999 0.58125
4 0.4016025645833333 0.6574519234375 0.325 0.6574519234375 0.325 0.7199519234375 0.4016025645833333 0.7199519234375 0.4016025645833333 0.6574519234375
5 0.5354166666666667 0.6615384609375 0.39278846250000005 0.6615384609375 0.39278846250000005 0.7747596156250001 0.5354166666666667 0.7747596156250001 0.5354166666666667 0.6615384609375
3 0.35929487083333334 0.7615384609375 0.2983974354166667 0.7615384609375 0.2983974354166667 0.8209134609375001 0.35929487083333334 0.8209134609375001 0.35929487083333334 0.7615384609375
4 0.4583333333333333 0.709375 0.3288461541666667 0.709375 0.3288461541666667 0.8165865390624999 0.4583333333333333 0.8165865390624999 0.4583333333333333 0.709375
4 0.5905448708333334 0.7311298078124999 0.46618589791666665 0.7311298078124999 0.46618589791666665 0.8246394234375 0.5905448708333334 0.8246394234375 0.5905448708333334 0.7311298078124999
4 0.50544871875 0.8081730765625 0.3839743583333333 0.8081730765625 0.3839743583333333 0.9110576921875 0.50544871875 0.9110576921875 0.50544871875 0.8081730765625
4 0.3923076916666667 0.8490384609375001 0.32852564166666665 0.8490384609375001 0.32852564166666665 0.905528846875 0.3923076916666667 0.905528846875 0.3923076916666667 0.8490384609375001
4 0.4285256416666667 0.9074519234375 0.36762820416666664 0.9074519234375 0.36762820416666664 0.95673076875 0.4285256416666667 0.95673076875 0.4285256416666667 0.9074519234375
4 0.6028846145833333 0.8371394234375 0.49326923125 0.8371394234375 0.49326923125 0.9256009609375001 0.6028846145833333 0.9256009609375001 0.6028846145833333 0.8371394234375