5 0.4296110875 0.55784385 0.15593066875 0.565011696875 0.16511927291666667 0.7623570875000001 0.43879969166666666 0.755189240625 0.4296110875 0.55784385
3 0.73701270625 0.5903402265625 0.45313083541666666 0.5977752578125 0.4635355770833333 0.821239890625 0.74741745 0.8138048609374999 0.73701270625 0.5903402265625
4 0.7041843291666667 0.49042585625 0.5532731479166666 0.49437830624999995 0.5588379041666667 0.613893628125 0.7097490854166666 0.6099411781249999 0.7041843291666667 0.49042585625
4 0.6366671 0.42840135 0.40203363333333336 0.4345465359375 0.40987097083333335 0.6028705453125001 0.6445044395833333 0.5967253593749999 0.6366671 0.42840135
4 0.3441254229166667 0.344402278125 0.12180405625 0.350225003125 0.1291991625 0.5090511078125 0.35152052916666665 0.5032283828125 0.3441254229166667 0.344402278125
4 0.59461664375 0.2817093703125 0.4099351270833333 0.2865462859375 0.41611409583333336 0.41925314687500004 0.6007956104166666 0.41441623125 0.59461664375 0.2817093703125
4 0.51398604375 0.187669634375 0.37925648125 0.191198278125 0.3842193104166666 0.297785896875 0.5189488729166667 0.29425725156250004 0.51398604375 0.187669634375
3 0.40218715625 0.2714283671875 0.29419244166666664 0.2742568109375 0.2978285729166667 0.3523507078125 0.40582328749999996 0.34952226406250003 0.40218715625 0.2714283671875
3 0.3220976375 0.28356375 0.23380228541666667 0.28587625625 0.23721730208333333 0.3592212015625 0.32551265416666664 0.35690869531249997 0.3220976375 0.28356375
3 0.36450318125 0.20716967187500002 0.23610555625000001 0.21053247968750002 0.23998737291666666 0.29390299375 0.3683849979166667 0.290540184375 0.36450318125 0.20716967187500002
4 0.34095606875 0.151521909375 0.2290918375 0.1544516984375 0.23297365416666665 0.23782220937499998 0.34483788541666666 0.234892421875 0.34095606875 0.151521909375
4 0 0.33571690625 0.05062615 0.33439097812499996 0.048881789583333335 0.2969270140625 0 0.29820725625 0 0.33571690625
5 0.19911675416666666 0.1422932921875 0.10132349583333333 0.1448545546875 0.10507018541666667 0.225322928125 0.20286344375 0.22276166718749998 0.19911675416666666 0.1422932921875
4 0.41412010416666667 0.1721907359375 0.33813685416666667 0.17418078125 0.3413553208333333 0.243304434375 0.4173385729166667 0.24131438906249997 0.41412010416666667 0.1721907359375
3 0.26228313125 0.1070915640625 0.21409004999999998 0.10835376875 0.21589583125 0.1471368875 0.2640889125 0.1458746828125 0.26228313125 0.1070915640625
4 0.4094035291666666 0.12384228906250001 0.3654317395833333 0.1249939359375 0.3674954895833333 0.1693174984375 0.41146727916666664 0.1681658515625 0.4094035291666666 0.12384228906250001
4 0.11992565208333333 0.1245559171875 0.0316303 0.1268684234375 0.03473820833333333 0.1936176 0.1230335625 0.19130509375 0.11992565208333333 0.1245559171875
4 0.12257679791666667 0.094505178125 0.0504630625 0.096393878125 0.05287077083333334 0.1481047015625 0.12498450624999999 0.1462160015625 0.12257679791666667 0.094505178125
4 0 0.43173632812499996 0.019210485416666666 0.4312331953125 0.0164833875 0.3726627703125 0 0.3730944796875 0 0.43173632812499996
4 0.49653472708333335 0.40288265 0.3962790479166667 0.4055084046875 0.39915355625 0.4672447953125 0.4994092375 0.464619040625 0.49653472708333335 0.40288265
4 0.6076892666666667 0.399839371875 0.5380379541666667 0.4016635796875 0.5393155145833333 0.42910197656250004 0.6089668270833334 0.42727776874999995 0.6076892666666667 0.399839371875