4 0.23495502713987473 0.8201933984374999 0.14133500000000002 0.8140631781250001 0.13296625052192068 0.8856551515625 0.22658627766179543 0.8917853734375001 0.23495502713987473 0.8201933984374999
4 0 0.9052161562500001 0.05777596868475992 0.9089993156249999 0.06854850730688936 0.8168436890624999 0 0.812355146875 0 0.9052161562500001
4 0.5318739770354907 0.821088971875 0.4277386555323591 0.8142702125 0.4186873486430063 0.8917012468750001 0.5228226701461378 0.8985200078125001 0.5318739770354907 0.821088971875
4 0.4832124926931107 0.9128101609374999 0.4543802379958246 0.91092223125 0.45153130271398745 0.9352939656249999 0.4803635574112735 0.9371818953125001 0.4832124926931107 0.9128101609374999
4 0.4782225490605428 0.6689471078125 0.3584838893528184 0.6611066453125 0.34803778914405015 0.7504696765625 0.46777644885177455 0.758310140625 0.4782225490605428 0.6689471078125
4 0.39393952192066806 0.692591234375 0.32813413778705636 0.6882823109375 0.32041826931106476 0.754289096875 0.3862236534446764 0.75859801875 0.39393952192066806 0.692591234375
3 0.6440227766179542 0.67455945625 0.5127512150313153 0.6659638218749999 0.5005542066805846 0.770305315625 0.6318257703549061 0.7789009499999999 0.6440227766179542 0.67455945625
4 0.5666667327766179 0.7573668078125 0.5178215010438413 0.75416843125 0.5143790375782881 0.7836176125 0.5632242693110647 0.7868159875 0.5666667327766179 0.7573668078125
4 0.19896975574112735 0.671894375 0.13689560542797496 0.6678297718749999 0.13009970563674322 0.7259665171874999 0.1921738559498956 0.73003111875 0.19896975574112735 0.671894375
4 0.13642793319415447 0.724462271875 0.09199234029227558 0.7215526390625 0.08745184759916493 0.7603950921875 0.1318874425887265 0.763304725 0.13642793319415447 0.724462271875
4 0.3522292379958246 0.621045696875 0.23893543423799582 0.6136272421875 0.22819256993736953 0.7055289953125 0.34148637369519835 0.7129474499999999 0.3522292379958246 0.621045696875
4 0.21942249686847598 0.5934191953125 0.11596558037578289 0.5866448578125001 0.10718136116910229 0.6617910421875 0.2106382776617954 0.6685653796875 0.21942249686847598 0.5934191953125
4 0.4718614926931107 0.6020185703125 0.36263812526096034 0.594866646875 0.35358681837160755 0.6722976828125 0.4628101858037578 0.6794496062500001 0.4718614926931107 0.6020185703125
5 0.3712994864300626 0.5266194328125 0.2688601816283925 0.5199117281250001 0.25995725469728603 0.596073403125 0.36239656158663885 0.6027811078124999 0.3712994864300626 0.5266194328125
3 0.22926437995824636 0.5033770609375 0.11698818580375782 0.49602523906249996 0.10674982254697285 0.583611165625 0.21902601670146138 0.5909629875 0.22926437995824636 0.5033770609375
5 0.03304120876826722 0.45100492187499996 0.004039352818371608 0.4491058859375 0.00009239039665970773 0.4828708953125 0.029094246346555323 0.4847699296875 0.03304120876826722 0.45100492187499996
4 0.6700281607515658 0.6172968234375 0.5570735615866388 0.609900578125 0.5469835782881002 0.6962171421875001 0.6599381795407098 0.7036133859375 0.6700281607515658 0.6172968234375
3 0.6326368726513569 0.58044126875 0.5407128580375783 0.5744221031250001 0.5354898079331941 0.6191036203125 0.6274138225469729 0.6251227859374999 0.6326368726513569 0.58044126875
5 0.6817206701461378 0.51727115625 0.5551979498956159 0.508986475 0.5441583215031315 0.60342695 0.6706810438413361 0.6117116328125001 0.6817206701461378 0.51727115625
4 0.7100374300626305 0.49725311093749996 0.6330383507306889 0.49221122656249994 0.6265688914405011 0.547555378125 0.7035679707724426 0.5525972609375 0.7100374300626305 0.49725311093749996
4 0.7751803235908142 0.5730190734375 0.6591728956158663 0.56542293125 0.6492609728601253 0.6502162609375 0.7652684008350731 0.6578124046875 0.7751803235908142 0.5730190734375
5 0.7342044906054279 0.4220909296875 0.6412628684759917 0.41600513125000005 0.6336063528183715 0.4815041703125 0.726547974947808 0.48758996874999994 0.7342044906054279 0.4220909296875
5 0.6739179227557411 0.44513190781249995 0.6006500751565762 0.44033434375 0.5937057933194154 0.49974045 0.666973643006263 0.5045380140625 0.6739179227557411 0.44513190781249995
5 0.602757254697286 0.43254204218750003 0.5349166534446764 0.428099853125 0.5283284885177453 0.4844594921875 0.596169089770355 0.48890168125000005 0.602757254697286 0.43254204218750003
3 0.9160626597077244 0.3488124203125 0.8156585720250521 0.3422379796875 0.8064292045929019 0.4211922484375 0.9068332943632568 0.4277666875 0.9160626597077244 0.3488124203125
3 0.6917312317327766 0.365844359375 0.61914178914405 0.3610912171875 0.6115446263048017 0.4260825125 0.6841340688935282 0.4308356546875 0.6917312317327766 0.365844359375
3 0.5872589352818371 0.366294275 0.5072070271398748 0.3610524921875 0.4999956576200417 0.42274345 0.5800475657620041 0.4279852328125 0.5872589352818371 0.366294275
5 0.6197161753653444 0.3517915640625 0.552553981210856 0.347393796875 0.5459361398747391 0.404007309375 0.6130983340292275 0.408405075 0.6197161753653444 0.3517915640625