1 0.35753205208333333 0.2298076921875 0.293108975 0.2298076921875 0.293108975 0.27548076875 0.35753205208333333 0.27548076875 0.35753205208333333 0.2298076921875
1 0.2496794875 0.2215144234375 0.1740384625 0.2215144234375 0.1740384625 0.2876201921875 0.2496794875 0.2876201921875 0.2496794875 0.2215144234375
1 0.19599358958333332 0.24963942343749998 0.12291666666666666 0.24963942343749998 0.12291666666666666 0.3034855765625 0.19599358958333332 0.3034855765625 0.19599358958333332 0.24963942343749998
1 0.2365384625 0.2811298078125 0.17660256458333334 0.2811298078125 0.17660256458333334 0.3253605765625 0.2365384625 0.3253605765625 0.2365384625 0.2811298078125
2 0.2580128208333333 0.41838942343749996 0.19871794791666667 0.41838942343749996 0.19871794791666667 0.4599759609375 0.2580128208333333 0.4599759609375 0.2580128208333333 0.41838942343749996
1 0.22692307708333334 0.4431490390625 0.16153846249999998 0.4431490390625 0.16153846249999998 0.497716346875 0.22692307708333334 0.497716346875 0.22692307708333334 0.4431490390625
1 0.31891025624999997 0.44519230781249997 0.24006410208333331 0.44519230781249997 0.24006410208333331 0.500240384375 0.31891025624999997 0.500240384375 0.31891025624999997 0.44519230781249997
1 0.34391025625 0.40576923125000003 0.2775641020833334 0.40576923125000003 0.2775641020833334 0.45288461562500004 0.34391025625 0.45288461562500004 0.34391025625 0.40576923125000003
2 0.22051282083333332 0.556490384375 0.16955128125 0.556490384375 0.16955128125 0.589903846875 0.22051282083333332 0.589903846875 0.22051282083333332 0.556490384375
1 0.22483974375000002 0.5837740390625 0.17419871875 0.5837740390625 0.17419871875 0.6159855765625 0.22483974375000002 0.6159855765625 0.22483974375000002 0.5837740390625
1 0.6253205125 0.5655048078125 0.5509615375 0.5655048078125 0.5509615375 0.617908653125 0.6253205125 0.617908653125 0.6253205125 0.5655048078125
1 0.63173076875 0.613341346875 0.5823717958333333 0.613341346875 0.5823717958333333 0.6467548078124999 0.63173076875 0.6467548078124999 0.63173076875 0.613341346875
2 0.59294871875 0.6010817312500001 0.5016025645833333 0.6010817312500001 0.5016025645833333 0.6751201921875001 0.59294871875 0.6751201921875001 0.59294871875 0.6010817312500001
1 0.6559294875 0.642908653125 0.568108975 0.642908653125 0.568108975 0.7270432687499999 0.6559294875 0.7270432687499999 0.6559294875 0.642908653125
2 0.9762820520833333 0.803125 0.8836538458333333 0.803125 0.8836538458333333 0.872596153125 0.9762820520833333 0.872596153125 0.9762820520833333 0.803125
1 0.9996794875 0.8659855765625 0.9323717958333333 0.8659855765625 0.9323717958333333 0.92295673125 0.9996794875 0.92295673125 0.9996794875 0.8659855765625
1 0.9392628208333333 0.24146634687500002 0.8145833333333333 0.24146634687500002 0.8145833333333333 0.3349759609375 0.9392628208333333 0.3349759609375 0.9392628208333333 0.24146634687500002
1 0.7144230770833333 0.1340144234375 0.661858975 0.1340144234375 0.661858975 0.1796875 0.7144230770833333 0.1796875 0.7144230770833333 0.1340144234375
1 0.68766025625 0.20997596093749998 0.66201923125 0.20997596093749998 0.66201923125 0.22800480781250002 0.68766025625 0.22800480781250002 0.68766025625 0.20997596093749998
1 0.68108974375 0.157572115625 0.6233974354166667 0.157572115625 0.6233974354166667 0.20492788437499998 0.68108974375 0.20492788437499998 0.68108974375 0.157572115625
2 0 0.47115384687499995 0.02179487083333333 0.47115384687499995 0.02179487083333333 0.446153846875 0 0.446153846875 0 0.47115384687499995