3 0.7028593208333334 0.6411670078125 0.5431494208333334 0.6474445375 0.5541177020833333 0.8044099796875 0.7138276020833333 0.7981324484375001 0.7028593208333334 0.6411670078125
3 0.37177951875000004 0.6291460671875 0.2046330125 0.6357159 0.21452487916666665 0.777276946875 0.3816713854166667 0.7707071140624999 0.37177951875000004 0.6291460671875
5 0.36912261041666666 0.507274825 0.21118332916666666 0.513482759375 0.2201658125 0.642029753125 0.37810509375 0.63582181875 0.36912261041666666 0.507274825
4 0.44400631041666666 0.36184895625 0.279338675 0.3683213546875 0.2881355708333333 0.49421241875 0.45280320625 0.4877400203125 0.44400631041666666 0.36184895625
4 0.25644977708333333 0.37361534375 0.08930327291666668 0.3801851765625 0.098322875 0.5092633546875 0.2654693791666667 0.502693521875 0.25644977708333333 0.37361534375
4 0 0.3566635875 0.14974536458333335 0.350777721875 0.141690825 0.2355103765625 0 0.241079653125 0 0.3566635875
4 0.21737807291666666 0.1142882671875 0.08281096875 0.11957753906249999 0.09047577500000001 0.22926743125 0.22504287708333334 0.223978159375 0.21737807291666666 0.1142882671875
4 0.5009179479166667 0.3276533046875 0.3769745666666667 0.332525003125 0.38450946041666667 0.4403557453125 0.5084528416666667 0.435484046875 0.5009179479166667 0.3276533046875
4 0.34927642291666666 0.2461267828125 0.197003125 0.2521120125 0.20554019583333333 0.3742847734375 0.35781349375 0.36829954531250003 0.34927642291666666 0.2461267828125
4 0.41369136875 0.23800212968749998 0.3063918125 0.24221962812500003 0.3132771458333333 0.340754615625 0.4205767020833333 0.3365371171875 0.41369136875 0.23800212968749998
4 0.49606859166666667 0.1515384625 0.39124790416666666 0.1556585265625 0.39774349999999997 0.2486160640625 0.5025641895833333 0.2444959984375 0.49606859166666667 0.1515384625
4 0.5650700791666666 0.2319189 0.43864782916666667 0.23688803281249998 0.44562595625 0.3367509859375 0.5720482062500001 0.3317818546875 0.5650700791666666 0.2319189
4 0.5874663937500001 0.3161286125 0.47945859166666666 0.3203739484375 0.48547165833333333 0.40642606875 0.5934794604166667 0.40218073125 0.5874663937500001 0.3161286125
5 0.68977659375 0.41836987499999995 0.5325455625 0.424549971875 0.5394308958333334 0.5230849609375 0.6966619270833333 0.5169048640625 0.68977659375 0.41836987499999995
4 0.7531429666666667 0.39523921875 0.6352196916666667 0.399874290625 0.6412327583333333 0.48592640937500003 0.7591560333333334 0.48129133749999997 0.7531429666666667 0.39523921875
4 0.6588564770833333 0.3239754640625 0.5866151916666666 0.32681496718749997 0.5910136375 0.3897604984375 0.6632549229166667 0.38692099375 0.6588564770833333 0.3239754640625
4 0.7080215249999999 0.29834029375000004 0.58832763125 0.3030449625 0.5948974625000001 0.39706487031250004 0.7145913583333333 0.3923602015625 0.7080215249999999 0.29834029375000004
4 0.7395322895833334 0.286848321875 0.6789770937499999 0.2892284953125 0.68330130625 0.35111165624999996 0.7438565020833334 0.3487314828125 0.7395322895833334 0.286848321875
4 0.8519435479166667 0.391355778125 0.7389780083333334 0.3957959828125 0.7442116020833333 0.4706931984375 0.85717714375 0.46625299375000007 0.8519435479166667 0.391355778125
4 0.8762655041666666 0.3303440765625 0.74488551875 0.3355080765625 0.7508614687499999 0.42102900937500004 0.8822414541666667 0.41586500937500004 0.8762655041666666 0.3303440765625
4 0.8614472416666668 0.2402437328125 0.74918995 0.2446560984375 0.7553329291666666 0.33256736875000004 0.8675902208333334 0.3281550015625 0.8614472416666668 0.2402437328125