4 0 0.8494629296875 0.028993776617954072 0.8525126703125 0.03534895407098121 0.818668740625 0 0.8149505250000001 0 0.8494629296875
4 0.10058464509394573 0.892789053125 0.04610767223382046 0.8870588375 0.04015282045929019 0.9187708656250001 0.09462979331941546 0.9245010828125 0.10058464509394573 0.892789053125
4 0.10727952400835074 0.8619701171875 0.049954081419624215 0.85594028125 0.04129702713987474 0.90204264375 0.09862246972860125 0.9080724796874999 0.10727952400835074 0.8619701171875
4 0.04651376409185804 0.9119667890625 0.038181972860125264 0.95633698125 0.10512099791231733 0.9633780312500001 0.11345278705636744 0.9190078390625 0.04651376409185804 0.9119667890625
4 0.10482557828810021 0.93304669375 0.09924603131524008 0.9627600671875 0.15941994154488517 0.9690895218750001 0.16499948851774532 0.9393761484375001 0.10482557828810021 0.93304669375
4 0.15442166597077245 0.9222301875 0.14588971189979125 0.96766633125 0.21033632776617955 0.9744452140625001 0.2188682797494781 0.9290090703124999 0.15442166597077245 0.9222301875
4 0.19416267432150314 0.7889042640625 0.15179169519832986 0.7844474296875 0.14563668058455115 0.817225409375 0.18800765762004173 0.82168224375 0.19416267432150314 0.7889042640625
4 0.23983827348643005 0.7680282078125 0.21598234237995823 0.765518896875 0.21222928392484341 0.7855054703125 0.23608521503131524 0.78801478125 0.23983827348643005 0.7680282078125
4 0.21753353862212943 0.9332166953125001 0.20980223799582465 0.9743890359374999 0.26249891649269314 0.979931990625 0.27023021711899786 0.9387596500000001 0.21753353862212943 0.9332166953125001
4 0.2736137536534447 0.8975376125000001 0.21700043006263048 0.8915826812500001 0.20764280375782881 0.9414158703125001 0.264256127348643 0.9473708015625 0.2736137536534447 0.8975376125000001
4 0.27698093736951984 0.8341661281249999 0.25241289144050105 0.8315819140625 0.24850970981210857 0.85236795 0.27307775782881005 0.8549521656250001 0.27698093736951984 0.8341661281249999
4 0.3003499331941545 0.835401340625 0.28005459081419626 0.8332665531250001 0.27730234864300624 0.847923375 0.2975976889352818 0.8500581609375001 0.3003499331941545 0.835401340625
4 0.33360194363256784 0.8845531937500001 0.3004884885177453 0.8810701203125 0.2942333924843424 0.9143810765625 0.32734684551148224 0.91786415 0.33360194363256784 0.8845531937500001
4 0.28872704801670146 0.7754805109375 0.2709241169102296 0.773607890625 0.2682219144050104 0.7879982234375 0.2860248455114822 0.7898708421875 0.28872704801670146 0.7754805109375
5 0.8551711774530272 0.6777185578125 0.7682928684759917 0.6685801734375 0.7567334488517745 0.7301388171875 0.84361175782881 0.7392772015625 0.8551711774530272 0.6777185578125
4 0.6426570939457202 0.656044421875 0.606339114822547 0.6522242781250001 0.6013350375782881 0.6788730421875 0.6376530167014614 0.6826931859375 0.6426570939457202 0.656044421875
4 0.5580498893528184 0.582604009375 0.5263606701461377 0.5792707453125 0.5222072860125261 0.6013892203125 0.5538965052192066 0.6047224828125 0.5580498893528184 0.582604009375
4 0.6184913423799583 0.5430356484375001 0.5536886680584552 0.5362193125 0.5443310438413361 0.5860525 0.6091337160751567 0.5928688359375001 0.6184913423799583 0.5430356484375001
4 0.643385611691023 0.5525838328125 0.6081358079331942 0.548876046875 0.6018807098121085 0.582187 0.63713051565762 0.5858947875 0.643385611691023 0.5525838328125
5 0.7241589457202505 0.5942337109375 0.6444018100208768 0.5858443734375001 0.6337931649269312 0.642339753125 0.7135503006263048 0.650729090625 0.7241589457202505 0.5942337109375
4 0.8487612108559499 0.542663334375 0.7875191252609604 0.536221521875 0.7797127640918581 0.57779359375 0.8409548496868475 0.58423540625 0.8487612108559499 0.542663334375
4 0.9380501565762005 0.49159063437499995 0.8803686576200418 0.485523346875 0.8724622129436326 0.5276283937499999 0.9301437139874739 0.5336956828125 0.9380501565762005 0.49159063437499995
4 0.7748347849686849 0.511924328125 0.7032669979123173 0.504396396875 0.6939093716075156 0.554229584375 0.7654771607515658 0.5617575171875 0.7748347849686849 0.511924328125
4 0.6270483340292275 0.4471922859375 0.559041133611691 0.44003887812500003 0.549583425887265 0.4904050421875 0.6175906283924844 0.49755845 0.6270483340292275 0.4471922859375
4 0.6831506638830898 0.4607025 0.6254691649269312 0.45463521250000005 0.6168121085594989 0.5007375749999999 0.6744936096033404 0.5068048625 0.6831506638830898 0.4607025
5 0.46596355114822546 0.44071083906249997 0.36306260542797497 0.42988709687500004 0.3492013089770355 0.5037041734375001 0.45210225469728604 0.514527915625 0.46596355114822546 0.44071083906249997
4 0.3743313987473904 0.3814778171875 0.3330285970772443 0.3771333390625 0.32687358037578285 0.40991131718749996 0.368176382045929 0.4142557953125 0.3743313987473904 0.3814778171875
4 0.41980202713987474 0.3433239984375 0.36924170146137786 0.33800575781250003 0.36173558455114824 0.377978903125 0.4122959102296451 0.38329714375 0.41980202713987474 0.3433239984375
4 0.4869411962421712 0.399573071875 0.4410096325678497 0.39474171406249997 0.43495469728601255 0.42698671875 0.4808862630480167 0.43181807812499995 0.4869411962421712 0.399573071875
4 0.5057719123173278 0.33796401249999997 0.44488588308977034 0.331559653125 0.4354281753653445 0.3819258171875 0.4963142045929019 0.3883301765625 0.5057719123173278 0.33796401249999997
4 0.5386187912317327 0.3709040546875 0.4894826993736952 0.3657356234375 0.4810758475991649 0.41050554687499996 0.5302119415448852 0.41567397812499995 0.5386187912317327 0.3709040546875
4 0.6056049707724427 0.376727184375 0.5304765970772443 0.368824728125 0.5211189707724425 0.41865791718749995 0.5962473444676409 0.42656037343750003 0.6056049707724427 0.376727184375
4 0.6022147306889353 0.331939253125 0.5174727745302714 0.3230255828125 0.5060634780793319 0.3837847640625 0.5908054342379959 0.392698434375 0.6022147306889353 0.331939253125
4 0.6874782421711899 0.40381819218750004 0.61021351565762 0.3956910234375 0.5998050334029227 0.45112045156249997 0.6770697599164927 0.459247621875 0.6874782421711899 0.40381819218750004
4 0.801269751565762 0.4678278296875 0.7414518997912317 0.4615358265625 0.7333953340292275 0.5044403375 0.7932131858037579 0.510732340625 0.801269751565762 0.4678278296875
4 0.8199262734864301 0.4409846046875 0.7729265323590814 0.4360408890625 0.7665213131524008 0.47015130781250003 0.8135210542797494 0.4750950234375 0.8199262734864301 0.4409846046875
4 0.7606184572025052 0.418441178125 0.7107702484342381 0.4131978421875 0.7051156409185804 0.44331094687499994 0.7549638496868476 0.44855428125 0.7606184572025052 0.418441178125
4 0.8218259060542797 0.41346579375000003 0.7680610501043842 0.40781048281250004 0.7606550146137787 0.44725065312499995 0.8144198705636744 0.45290596406250005 0.8218259060542797 0.41346579375000003
4 0.5217657223382046 0.229587090625 0.45375852400835076 0.22243368281250003 0.44405061169102295 0.274132284375 0.5120578121085595 0.2812856921875 0.5217657223382046 0.229587090625
4 0.6288133027139875 0.257967328125 0.5732681544885178 0.2521247546875 0.5649613862212944 0.2963617015625 0.6205065344467641 0.302204275 0.6288133027139875 0.257967328125
4 0.604479121085595 0.206764240625 0.5656687286012526 0.20268192968749998 0.5598639979123173 0.23359449687499997 0.5986743903966597 0.2376768078125 0.604479121085595 0.206764240625
4 0.6842968559498955 0.28540764531249996 0.5981306638830898 0.27634416562499997 0.5860207954070981 0.340834175 0.672186987473904 0.3498976546875 0.6842968559498955 0.28540764531249996
4 0.7182686638830897 0.3790665375 0.6751855678496869 0.3745347984375 0.6710321837160752 0.3966532734375 0.7141152797494781 0.40118501249999994 0.7182686638830897 0.3790665375
4 0.7479399123173277 0.34577287343749996 0.6777963590814196 0.3383947515625 0.6686889373695198 0.386895503125 0.738832490605428 0.39427362499999996 0.7479399123173277 0.34577287343749996
4 0.8133873402922756 0.3472220046875 0.7564179582463466 0.341229621875 0.7484614739039666 0.38360115625 0.8054308559498956 0.3895935390625 0.8133873402922756 0.3472220046875
5 0.8366639436325678 0.36828533750000003 0.7757779185803758 0.361880978125 0.7678714739039666 0.403986025 0.8287575010438414 0.41039038437500003 0.8366639436325678 0.36828533750000003
4 0.8577907244258872 0.39306293124999997 0.8015334592901879 0.387145453125 0.792476077244259 0.435379715625 0.8487333444676409 0.44129719375 0.8577907244258872 0.39306293124999997
4 0.9271230354906054 0.40959526406249996 0.882971764091858 0.4049511671875 0.8784180542797495 0.4292015421875 0.9225693256784969 0.433845640625 0.9271230354906054 0.40959526406249996
4 0.9135764572025051 0.386022628125 0.8555388977035491 0.3799178875 0.8486332713987474 0.41669318281249995 0.9066708288100208 0.4227979234375 0.9135764572025051 0.386022628125
4 0.9255948935281838 0.35005688125 0.8643528079331941 0.34361506875000003 0.8557958350730689 0.38918445625000003 0.9170379206680584 0.39562626875 0.9255948935281838 0.35005688125
4 0.965507133611691 0.3821095921875 0.9138786283924843 0.3766789953125 0.9059721858037578 0.41878404218750004 0.9576006910229645 0.4242146390625 0.965507133611691 0.3821095921875
4 0.9686000417536534 0.3540369203125 0.9198200083507307 0.3489059421875 0.9135148705636743 0.382483384375 0.9622949039665971 0.38761436250000003 0.9686000417536534 0.3540369203125
4 0.9054650855949896 0.3103019609375 0.8531244655532358 0.304796459375 0.8459185929018789 0.343170678125 0.8982592129436325 0.34867618125 0.9054650855949896 0.3103019609375
4 1 0.34810021562500004 0.9676309895615867 0.344695446875 0.9600748308977035 0.3849350796875 1 0.38913465 1 0.34810021562500004
4 1 0.33070813593750004 0.9571253402922756 0.32619832031249996 0.951470732776618 0.356311425 0.9981144154488518 0.3612176875 1 0.3511761765625 1 0.33070813593750004
4 0.9908729749478079 0.304067609375 0.9552671085594989 0.30032237031250003 0.9509636012526096 0.32324030625 0.9865694676409186 0.3269855453125 0.9908729749478079 0.304067609375
4 1 0.292934715625 0.9895392025052192 0.2918343859375 0.9826836158663883 0.328343190625 1 0.33016463281249997 1 0.292934715625
4 0.9831686513569938 0.261951034375 0.958600605427975 0.2593668203125 0.9550477098121085 0.278287440625 0.9796157557411274 0.28087165625 0.9831686513569938 0.261951034375
4 0.8792081774530272 0.279006221875 0.8478750167014614 0.27571041093750004 0.8429710208768267 0.3018262 0.8743041816283924 0.3051220109375 0.8792081774530272 0.279006221875
4 0.9780972317327766 0.23288371406250002 0.9474761899791232 0.22966280781249998 0.9432227223382046 0.25231425625 0.9738437661795407 0.2555351625 0.9780972317327766 0.23288371406250002
4 0.9158677954070981 0.252969665625 0.876345286012526 0.24881245000000002 0.8710409624217118 0.277060140625 0.9105634718162839 0.28121735625 0.9158677954070981 0.252969665625
4 0.9489350709812109 0.2160928234375 0.9183140292275573 0.21287191718749998 0.9142106847599165 0.23472390468749998 0.9448317286012525 0.23794481093750003 0.9489350709812109 0.2160928234375
4 1 0.21670849531249997 0.9936059979123173 0.2160359359375 0.9878513089770354 0.24668201406249998 1 0.24795988593749999 1 0.21670849531249997
4 0.9249001649269311 0.179731659375 0.9081654070981211 0.17797139687500002 0.9050628789144051 0.19449363125000002 0.921797636743215 0.19625389375 0.9249001649269311 0.179731659375
4 0.7587516054279749 0.2891629765625 0.712463981210856 0.284294165625 0.7055083131524009 0.321335946875 0.7517959373695198 0.32620475937500004 0.7587516054279749 0.2891629765625
4 0.7999023674321503 0.2769146359375 0.7507662734864301 0.27174620625 0.7438606471816285 0.3085215 0.7929967390396659 0.3136899296875 0.7999023674321503 0.2769146359375
4 0.8214352839248434 0.20091524375 0.7772840125260961 0.196271146875 0.7718796075156575 0.2250518125 0.816030878914405 0.229695909375 0.8214352839248434 0.20091524375
4 0.7170109707724426 0.22430779687500002 0.6529204154488517 0.21756636562499998 0.6436628705636742 0.26686657812500003 0.7077534279749478 0.273608009375 0.7170109707724426 0.22430779687500002
4 0.7097425720250522 0.20017265625 0.6609625365344467 0.195041678125 0.6551077661795407 0.22622073125000003 0.7038877995824635 0.231351709375 0.7097425720250522 0.20017265625