1 0.2201116 0.8511764133611691 0.207657146875 0.91791824217119 0.2613792015625 0.9358147432150313 0.27383365625 0.8690729164926931 0.2201116 0.8511764133611691
1 0.28491482968750004 0.8251137494780794 0.26408886875 0.9367174175365344 0.3416088515625 0.9625417557411273 0.3624348140625 0.8509380855949895 0.28491482968750004 0.8251137494780794
1 0.3274216734375 0.7904530897703549 0.2612115953125 0.7683964363256784 0.2405325015625 0.8792130563674322 0.30674257968749996 0.9012697098121085 0.3274216734375 0.7904530897703549
1 0.401181428125 0.7733931544885178 0.3274314125 0.7488247118997912 0.30904346875 0.8473633528183716 0.382793484375 0.8719317954070981 0.401181428125 0.7733931544885178
0 0.32308450624999996 0.5863675678496869 0.22789279375 0.554656223382046 0.20644998281250002 0.6695655031315241 0.30164169531249996 0.7012768475991649 0.32308450624999996 0.5863675678496869
0 0.23949358593749998 0.5508298288100208 0.14618685781250002 0.5197464321503131 0.12210041406250001 0.6488226096033403 0.21540714218749998 0.6799060062630481 0.23949358593749998 0.5508298288100208
1 0.3026076296875 0.5023018601252609 0.227208253125 0.4771839645093946 0.2099952578125 0.5694262066805845 0.285394634375 0.5945441043841336 0.3026076296875 0.5023018601252609
1 0.2040286796875 0.4069310876826723 0.15195598593749998 0.38958403966597077 0.1405002375 0.45097392901878913 0.19257293125 0.46832097703549064 0.2040286796875 0.4069310876826723
1 0.1934261984375 0.34237279331941545 0.1373479109375 0.32369135699373697 0.12577466875 0.38571088517745306 0.18185295625 0.40439232150313154 0.1934261984375 0.34237279331941545
0 0.1706379046875 0.2277763215031315 0.12257080312499999 0.2117636617954071 0.11364119375 0.25961629227557415 0.161708296875 0.2756289519832985 0.1706379046875 0.2277763215031315
1 0.31756923125 0.13310301043841335 0.27657081875 0.11944515448851775 0.2674062203125 0.16855706471816284 0.30840463281249997 0.18221492066805844 0.31756923125 0.13310301043841335
1 0.530713559375 0.1288701962421712 0.46921594375 0.10838341127348644 0.45335413906250005 0.1933847954070981 0.5148517546875 0.21387158037578288 0.530713559375 0.1288701962421712
2 0.5573530625 0.043112123173277665 0.490436115625 0.02081998956158664 0.47375184687500005 0.11022885386221294 0.54066879375 0.13252098747390398 0.5573530625 0.043112123173277665
0 0.6855655609375 0.40550109603340295 0.6431534125 0.3913722797494781 0.6341063078125 0.43985455114822547 0.6765184578125 0.453983369519833 0.6855655609375 0.40550109603340295
0 0.686839628125 0.6085662045929019 0.60342906875 0.5807795302713987 0.5881547390625 0.6626327160751566 0.6715652984375 0.6904193903966598 0.686839628125 0.6085662045929019
0 0.729197628125 0.5083154112734865 0.6328277984375 0.47621159916492695 0.6065089515625 0.6172509331941546 0.70287878125 0.6493547473903967 0.729197628125 0.5083154112734865
1 0.7202045203125 0.5464495636743215 0.640799553125 0.5199972797494781 0.6217066390625 0.6223137599164927 0.7011116078125 0.6487660459290188 0.7202045203125 0.5464495636743215
2 0.6233445234375 0.5364194321503132 0.565381253125 0.5171100501043842 0.5468758140625 0.6162783319415449 0.604839084375 0.6355877160751565 0.6233445234375 0.5364194321503132
0 0.2106330921875 0.42384440918580374 0.1858926703125 0.4156025991649269 0.17625809374999998 0.46723306889352817 0.2009985140625 0.475474878914405 0.2106330921875 0.42384440918580374
2 0 0.42373074112734865 0.020665725 0.43061514196242173 0.0314752515625 0.3726882734864301 0.00979793125 0.36546687682672235 0 0.41797273695198334 0 0.42373074112734865