5 0.3685717912317328 0.451679159375 0.18121672651356993 0.46641725 0.20479029018789144 0.6342824109375 0.3921453549060543 0.6195443218750001 0.3685717912317328 0.451679159375
4 0.4931840083507307 0.46240021875000004 0.37007596033402923 0.472084384375 0.38050817118997915 0.546371196875 0.5036162212943632 0.53668703125 0.4931840083507307 0.46240021875000004
4 0.7040324613778705 0.5152447718750001 0.5551486638830897 0.5269565609375 0.5745978643006263 0.665452515625 0.7234816617954071 0.6537407281250001 0.7040324613778705 0.5152447718750001
4 0.5165193089770355 0.366825815625 0.35917183089770355 0.3792033890625 0.37991494989561586 0.5269132140624999 0.5372624279749478 0.5145356390625 0.5165193089770355 0.366825815625
4 0.2575014864300626 0.31442264375 0.1009234363256785 0.3267396921875 0.12154525052192067 0.4735857140625 0.2781233006263048 0.46126866718750004 0.2575014864300626 0.31442264375
4 0.6926264363256784 0.3537003171875 0.555668732776618 0.3644739515625 0.5725705323590814 0.48483010625 0.7095282379958247 0.474056471875 0.6926264363256784 0.3537003171875
4 0.7118685156576201 0.273294725 0.5964547181628393 0.28237363125 0.6120221670146138 0.39322798125 0.7274359645093945 0.384149075 0.7118685156576201 0.273294725
4 0.5176527056367433 0.3208861796875 0.4345547703549061 0.327422990625 0.44725133820459295 0.41783407187500005 0.5303492734864301 0.4112972609375 0.5176527056367433 0.3208861796875
4 0.4445123298538622 0.2515322390625 0.31294059916492695 0.261882190625 0.3314597974947808 0.3937556796875 0.46303152609603343 0.3834057265625 0.4445123298538622 0.2515322390625
4 0.2218827369519833 0.23251033593749998 0.08223204175365344 0.2434958109375 0.09868905845511482 0.3606846984375 0.23833975365344467 0.349699221875 0.2218827369519833 0.23251033593749998
4 0.18360504592901877 0.18151973593749998 0.0808867661795407 0.1895999609375 0.088973751565762 0.24718663749999997 0.19169203131524007 0.23910641093749999 0.18360504592901877 0.18151973593749998
4 0.2997305198329854 0.158120253125 0.19701224008350732 0.1662004796875 0.21076011691022967 0.2640978296875 0.3134783966597077 0.256017603125 0.2997305198329854 0.158120253125
4 0.5594766951983298 0.2614111078125 0.4663762338204593 0.2687347578125 0.4773340981210856 0.34676470312499996 0.5704345615866389 0.339441053125 0.5594766951983298 0.2614111078125
4 0.5552385803757829 0.1952249109375 0.4740642087682672 0.2016104078125 0.4856690334029228 0.2842472875 0.5668434050104384 0.277861790625 0.5552385803757829 0.1952249109375
4 0.7289617327766179 0.2052849640625 0.6247046033402922 0.21348624218749998 0.6379268246346556 0.3076404578125 0.742183956158664 0.29943918125 0.7289617327766179 0.2052849640625
4 0.629711732776618 0.1369660109375 0.5458443716075156 0.14356335 0.5579748496868475 0.22994336249999997 0.6418422108559498 0.22334602499999998 0.629711732776618 0.1369660109375
3 0.39921295407098123 0.0355955953125 0.39498750521920667 0.0055065578125 0.3438207202505219 0.0095315390625 0.3480461711899791 0.039620576562499996 0.39921295407098123 0.0355955953125
3 0.3537175177453027 0.030149907812499998 0.3507455490605428 0.008986804687499999 0.30381060542797494 0.01267889375 0.30678257202505216 0.0338419953125 0.3537175177453027 0.030149907812499998
5 0.325442878914405 0.02407735 0.28120092275574116 0.027557596875 0.2868618141962422 0.0678682703125 0.3311037682672234 0.0643880234375 0.325442878914405 0.02407735