5 0.22122046041666668 0.1194741203125 0.052436904166666666 0.1061692203125 0.031606141666666664 0.254812815625 0.20038969791666666 0.268117715625 0.22122046041666668 0.1194741203125
3 0.20351880208333334 0.4283807484375 0.4341480729166667 0.44656083437499994 0.45782620416666664 0.2775990484375 0.22719693333333335 0.2594189640625 0.20351880208333334 0.4283807484375
4 0.1726381125 0.5600142499999999 0.32805443749999996 0.5722654359375 0.34371497500000003 0.46051539375 0.18829865 0.448264209375 0.1726381125 0.5600142499999999
4 0.2866196020833333 0.6531970078125 0.41601438541666663 0.6633969625 0.4304011 0.5607366375 0.3010063145833334 0.5505366828125 0.2866196020833333 0.6531970078125
4 0.13477432916666665 0.672041284375 0.2520494916666667 0.681285871875 0.26415081458333334 0.5949335687499999 0.14687565208333334 0.58568898125 0.13477432916666665 0.672041284375
4 0.023651718749999998 0.7924841 0.21328815208333335 0.80743279375 0.23310735 0.6660075015625 0.04347091458333333 0.6510588078125 0.023651718749999998 0.7924841
4 0.327438825 0.9469849796875 0.45113025625 0.95673535 0.46630374375 0.8484607890625 0.3426123125 0.8387104203125 0.327438825 0.9469849796875
4 0.014256029166666667 0.9431102921875001 0.1910599208333333 0.9570474203125 0.20953036249999998 0.8252465359375 0.03272647083333333 0.81130940625 0.014256029166666667 0.9431102921875001
4 0.13124271666666668 0.9634143546875 0.2503001791666667 0.9727994375 0.26498661458333334 0.8680003546874999 0.14592915416666666 0.858615271875 0.13124271666666668 0.9634143546875
4 0.3869539979166667 0.7974714875 0.47499948541666664 0.804411953125 0.47983252083333333 0.7699245 0.3917870333333333 0.762984034375 0.3869539979166667 0.7974714875
4 0.4048176625 0.8140163312500001 0.4450975833333333 0.8171915234375 0.44753283541666666 0.7998141265625 0.40725291458333335 0.7966389328125 0.4048176625 0.8140163312500001
3 0.33353589375 0.7671768859375 0.5278063000000001 0.7824908671874999 0.5473257729166666 0.643204334375 0.35305536666666665 0.6278903515625001 0.33353589375 0.7671768859375
3 0.36597355 0.6347200734375 0.5278061458333333 0.6474770421875 0.54522755625 0.5231618046875 0.3833949604166667 0.5104048359375 0.36597355 0.6347200734375
4 0.5235495166666666 0.657277671875 0.6251404645833334 0.6652859015625 0.63150958125 0.6198373187499999 0.5299186354166666 0.611829090625 0.5235495166666666 0.657277671875
4 0.5404305770833333 0.7296967296875 0.5931865770833333 0.7338553890624999 0.5991435749999999 0.691347596875 0.5463875770833333 0.6871889390625 0.5404305770833333 0.7296967296875
4 0.5844142395833334 0.7257306875 0.6492898625 0.730844715625 0.6541228979166667 0.6963572625000001 0.589247275 0.6912432359375 0.5844142395833334 0.7257306875
5 0.57792729375 0.70129796875 0.65920005 0.7077045515625 0.66751736875 0.64835405 0.5862446125 0.6419474671875001 0.57792729375 0.70129796875
3 0.5153557416666666 0.6347376390624999 0.6967936062500001 0.6490400546874999 0.7075836416666667 0.5720448124999999 0.5261457770833333 0.5577423953125 0.5153557416666666 0.6347376390624999
3 0.6619242604166666 0.6368309421875 0.73000801875 0.642197859375 0.7394867645833333 0.5745596765625 0.6714030062499999 0.569192759375 0.6619242604166666 0.6368309421875
3 0.47256397499999997 0.596766309375 0.7199468416666667 0.6162670484375 0.7452734520833334 0.43554210312499997 0.49789058333333336 0.4160413625 0.47256397499999997 0.596766309375
4 0.48391432291666664 0.46305267031249997 0.55805789375 0.46889727187499997 0.5644644770833334 0.42318134687500003 0.49032090625 0.41733674374999996 0.48391432291666664 0.46305267031249997
4 0.6915835583333333 0.4959110296875 0.74433955625 0.5000696890625 0.7513081208333333 0.45034359375 0.6985521229166667 0.446184934375 0.6915835583333333 0.4959110296875
3 0.8054922145833333 0.5548953578125 0.8664467833333334 0.5597002953125 0.8728159020833334 0.5142517125 0.8118613333333333 0.5094467765624999 0.8054922145833333 0.5548953578125
3 0.7415698604166666 0.5776971609375 0.8025244291666667 0.5825020984375 0.80870621875 0.538390240625 0.7477516520833334 0.533585303125 0.7415698604166666 0.5776971609375
5 0.7910727770833332 0.5909246640625 0.8509579666666667 0.5956453046875 0.8569149666666667 0.5531375125 0.797029775 0.5484168734375 0.7910727770833332 0.5909246640625
5 0.7451146979166666 0.6179806875 0.80107883125 0.6223922375 0.8067361083333334 0.582023203125 0.7507719729166666 0.577611653125 0.7451146979166666 0.6179806875