4 0 0.9267568468749999 0.1259612776617954 0.9485217484374999 0.14411442171189978 0.8896721812499999 0.002447885177453027 0.8651935625 0 0.8731292125 0 0.9267568468749999
4 0 0.9267568484375 0.007186993736951983 0.9279986921875001 0.022084826722338205 0.8797023156250001 0 0.8758862703125001 0 0.9267568484375
3 0.4082862338204593 0.8959559562500001 0.5648824968684759 0.9230142890625 0.6122185427974948 0.7695584515625 0.45562227766179536 0.74250011875 0.4082862338204593 0.8959559562500001
3 0.22370486638830897 0.77382890625 0.4098288141962421 0.8059893390624999 0.4547903966597078 0.6602311281250001 0.26866644885177454 0.62807069375 0.22370486638830897 0.77382890625
3 0.3897298517745303 0.710844771875 0.6000731356993737 0.747190075 0.6510091711899791 0.58206365 0.44066588726513567 0.545718346875 0.3897298517745303 0.710844771875
3 0.27150774112734866 0.56108293125 0.4937948079331942 0.5994920046875001 0.5435819102296451 0.43809023593749996 0.32129484342379955 0.39968116249999996 0.27150774112734866 0.56108293125
3 0.48952775574112734 0.5374223046875 0.6836142254697286 0.5709585859375 0.7279630459290188 0.42718685624999997 0.5338765762004175 0.393650575 0.48952775574112734 0.5374223046875
3 0.019976651356993738 0.39260207343750003 0.10839382045929019 0.40787971250000005 0.12922780793319416 0.34033928125 0.04081063883089771 0.3250616421875 0.019976651356993738 0.39260207343750003
5 0.040231475991649265 0.3643241484375 0.13113693528183715 0.380031740625 0.14783476200417536 0.3259000703125 0.05692930480167015 0.3101924796875 0.040231475991649265 0.3643241484375
4 0.3445466012526096 0.386044528125 0.5187267661795407 0.416141190625 0.5607777202505219 0.2798187734375 0.3865975553235908 0.2497221109375 0.3445466012526096 0.386044528125
4 0.5403227661795407 0.2758920359375 0.6640736263048017 0.2972749984375 0.6954012025052192 0.1957160375 0.5716503423799583 0.1743330765625 0.5403227661795407 0.2758920359375
4 0.41700843632567847 0.233268553125 0.5726093841336117 0.2601549046875 0.6114433235908142 0.134261525 0.455842375782881 0.1073751734375 0.41700843632567847 0.233268553125