5 0.7407051291666666 0.391346153125 0.6144230770833333 0.391346153125 0.6144230770833333 0.490384615625 0.7407051291666666 0.490384615625 0.7407051291666666 0.391346153125
4 0.5363782041666667 0.48088942343749996 0.4338141020833334 0.48088942343749996 0.4338141020833334 0.5599759609375 0.5363782041666667 0.5599759609375 0.5363782041666667 0.48088942343749996
5 0.36794871875 0.4296875 0.2858974354166667 0.4296875 0.2858974354166667 0.4900240390625 0.36794871875 0.4900240390625 0.36794871875 0.4296875
5 0.83669871875 0.5467548078125 0.6796474354166667 0.5467548078125 0.6796474354166667 0.6467548078124999 0.83669871875 0.6467548078124999 0.83669871875 0.5467548078125
4 0.8413461541666667 0.6550480765625 0.7371794875000001 0.6550480765625 0.7371794875000001 0.731490384375 0.8413461541666667 0.731490384375 0.8413461541666667 0.6550480765625
4 0.5875 0.6080528843749999 0.45192307708333335 0.6080528843749999 0.45192307708333335 0.721033653125 0.5875 0.721033653125 0.5875 0.6080528843749999
4 0.4233974354166667 0.6009615390625 0.30512820416666664 0.6009615390625 0.30512820416666664 0.6951923078125 0.4233974354166667 0.6951923078125 0.4233974354166667 0.6009615390625
5 0.3878205125 0.5105769234374999 0.27724358958333334 0.5105769234374999 0.27724358958333334 0.5983173078124999 0.3878205125 0.5983173078124999 0.3878205125 0.5105769234374999
4 0.331891025 0.49831730781249994 0.23413461458333332 0.49831730781249994 0.23413461458333332 0.5709134609375 0.331891025 0.5709134609375 0.331891025 0.49831730781249994
4 0.5322115374999999 0.7742788468749999 0.4209935895833333 0.7742788468749999 0.4209935895833333 0.8634615390624999 0.5322115374999999 0.8634615390624999 0.5322115374999999 0.7742788468749999
4 0.3331730770833333 0.7669471156250001 0.22644230833333331 0.7669471156250001 0.22644230833333331 0.8455528843750001 0.3331730770833333 0.8455528843750001 0.3331730770833333 0.7669471156250001
4 0.494391025 0.7001201921875 0.41875 0.7001201921875 0.41875 0.7594951921875001 0.494391025 0.7594951921875001 0.494391025 0.7001201921875
4 0.03429487083333334 0.25985576875 0.000641025 0.25985576875 0.000641025 0.3201923078125 0.03429487083333334 0.3201923078125 0.03429487083333334 0.25985576875
4 0.030929487500000002 0.3485576921875 0.00048076875 0.3485576921875 0.00048076875 0.40048076874999994 0.030929487500000002 0.40048076874999994 0.030929487500000002 0.3485576921875