3 0.9603174604166667 0.3691716265625 0.8035714291666667 0.3691716265625 0.8035714291666667 0.4857390875 0.9603174604166667 0.4857390875 0.9603174604166667 0.3691716265625
3 0.88128306875 0.40997023749999995 0.7050264541666666 0.40997023749999995 0.7050264541666666 0.533978175 0.88128306875 0.533978175 0.88128306875 0.40997023749999995
4 0.84937169375 0.145461309375 0.7779431208333333 0.145461309375 0.7779431208333333 0.20027281718749998 0.84937169375 0.20027281718749998 0.84937169375 0.145461309375
3 0.7615740750000001 0.05481150781250001 0.6785714291666667 0.05481150781250001 0.6785714291666667 0.11235119062500001 0.7615740750000001 0.11235119062500001 0.7615740750000001 0.05481150781250001
3 0.6413690479166667 0.0384424609375 0.5715939145833333 0.0384424609375 0.5715939145833333 0.09895833281250001 0.6413690479166667 0.09895833281250001 0.6413690479166667 0.0384424609375
5 0.6645171958333334 0 0.6645171958333334 0.08680555625 0.76240079375 0.08680555625 0.76240079375 0 0.6645171958333334 0
5 0.8665674604166667 0.062251984375 0.7733134916666666 0.062251984375 0.7733134916666666 0.12524801562500001 0.8665674604166667 0.12524801562500001 0.8665674604166667 0.062251984375
4 0.8774801583333333 0.0006200390624999999 0.7802579375 0.0006200390624999999 0.7802579375 0.072792659375 0.8774801583333333 0.072792659375 0.8774801583333333 0.0006200390624999999
5 0.8859126979166666 0.486855159375 0.8191137562499999 0.486855159375 0.8191137562499999 0.54737103125 0.8859126979166666 0.54737103125 0.8859126979166666 0.486855159375
4 0.9237764541666666 0.4833829359375 0.8424272479166667 0.4833829359375 0.8424272479166667 0.5543154765625 0.9237764541666666 0.5543154765625 0.9237764541666666 0.4833829359375
5 0.8277116395833333 0.4936755953125 0.6421957666666667 0.4936755953125 0.6421957666666667 0.6236359125 0.8277116395833333 0.6236359125 0.8277116395833333 0.4936755953125
4 0.7384259249999999 0.6178075390625 0.6296296291666666 0.6178075390625 0.6296296291666666 0.6649305562500001 0.7384259249999999 0.6649305562500001 0.7384259249999999 0.6178075390625
4 0.7640542333333333 0.6434771828125 0.631117725 0.6434771828125 0.631117725 0.742435515625 0.7640542333333333 0.742435515625 0.7640542333333333 0.6434771828125
4 0.6917989416666667 0.454241071875 0.5916005291666667 0.454241071875 0.5916005291666667 0.5130208328125 0.6917989416666667 0.5130208328125 0.6917989416666667 0.454241071875
3 0.6777447083333333 0.38194444375000003 0.5193452375000001 0.38194444375000003 0.5193452375000001 0.48511904687499996 0.6777447083333333 0.48511904687499996 0.6777447083333333 0.38194444375000003
3 0.6134259249999999 0.34821428593750003 0.4976851854166667 0.34821428593750003 0.4976851854166667 0.42906746093750003 0.6134259249999999 0.42906746093750003 0.6134259249999999 0.34821428593750003
5 0.5869709000000001 0.42906746093750003 0.41468253958333334 0.42906746093750003 0.41468253958333334 0.5548115078125 0.5869709000000001 0.5548115078125 0.5869709000000001 0.42906746093750003
5 0.5573743395833334 0.6154513890625 0.39831349166666663 0.6154513890625 0.39831349166666663 0.7372271828125 0.5573743395833334 0.7372271828125 0.5573743395833334 0.6154513890625
3 0.40062830625 0.5084325390625 0.19957010625 0.5084325390625 0.19957010625 0.6480654765625 0.40062830625 0.6480654765625 0.40062830625 0.5084325390625
3 0.3477182541666667 0.41753472187499996 0.16220238125 0.41753472187499996 0.16220238125 0.532862103125 0.3477182541666667 0.532862103125 0.3477182541666667 0.41753472187499996
3 0.23363095208333334 0.2927827375 0.08449074166666667 0.2927827375 0.08449074166666667 0.40290178593750003 0.23363095208333334 0.40290178593750003 0.23363095208333334 0.2927827375
5 0.21643518541666668 0.493799603125 0.13508597916666665 0.493799603125 0.13508597916666665 0.591021825 0.21643518541666668 0.591021825 0.21643518541666668 0.493799603125
4 0.23379629583333333 0.40302579375 0.13591269791666666 0.40302579375 0.13591269791666666 0.48090277812500004 0.23379629583333333 0.48090277812500004 0.23379629583333333 0.40302579375
4 0.8470568791666667 0.5462549609375 0.8067129625 0.5462549609375 0.8067129625 0.6015625 0.8470568791666667 0.6015625 0.8470568791666667 0.5462549609375