4 0.9804894187500001 0.0267857140625 0.8912037041666667 0.0267857140625 0.8912037041666667 0.10069444375 0.9804894187500001 0.10069444375 0.9804894187500001 0.0267857140625
4 0.8773148145833333 0 0.8773148145833333 0.068204365625 1 0.068204365625 1 0 0.8773148145833333 0
5 0.3854166666666667 0.0890376984375 0.19163359791666668 0.0890376984375 0.19163359791666668 0.2554563484375 0.3854166666666667 0.2554563484375 0.3854166666666667 0.0890376984375
5 0.5801917979166666 0.21664186562499999 0.30439814791666664 0.21664186562499999 0.30439814791666664 0.42745535781250005 0.5801917979166666 0.42745535781250005 0.5801917979166666 0.21664186562499999
3 0.42890211666666667 0.4130704359375 0.2374338625 0.4130704359375 0.2374338625 0.55518353125 0.42890211666666667 0.55518353125 0.42890211666666667 0.4130704359375
4 0.4087301583333333 0.2870783734375 0.25496031666666663 0.2870783734375 0.25496031666666663 0.435887896875 0.4087301583333333 0.435887896875 0.4087301583333333 0.2870783734375
4 0.6013558208333334 0.463665675 0.41352513125 0.463665675 0.41352513125 0.605034721875 0.6013558208333334 0.605034721875 0.6013558208333334 0.463665675
4 0.6418650791666667 0.573288690625 0.4887566145833333 0.573288690625 0.4887566145833333 0.6834077375 0.6418650791666667 0.6834077375 0.6418650791666667 0.573288690625
4 0.51917989375 0.7098214281249999 0.4087301583333333 0.7098214281249999 0.4087301583333333 0.7991071421875 0.51917989375 0.7991071421875 0.51917989375 0.7098214281249999
4 0.47701719583333335 0.656001984375 0.394675925 0.656001984375 0.394675925 0.7234623015625 0.47701719583333335 0.7234623015625 0.47701719583333335 0.656001984375
4 0.5315806875 0.770957340625 0.43535052916666667 0.770957340625 0.43535052916666667 0.8282490078125001 0.5315806875 0.8282490078125001 0.5315806875 0.770957340625
3 0.21577381041666666 0.6930803578125 0.14103836041666667 0.6930803578125 0.14103836041666667 0.741939484375 0.21577381041666666 0.741939484375 0.21577381041666666 0.6930803578125
3 0.22437169375000002 0.9357638890625 0.11755952291666666 0.9357638890625 0.11755952291666666 0.9985119046875001 0.22437169375000002 0.9985119046875001 0.22437169375000002 0.9357638890625
3 0.1884920625 0.980902778125 0.09391534375 0.980902778125 0.09391534375 0.99950396875 0.1884920625 0.99950396875 0.1884920625 0.980902778125