4 0.44540512083333333 0.621626075 0.30556058333333336 0.60123880625 0.27191169375 0.7310702015625 0.41175623125 0.7514574703125 0.44540512083333333 0.621626075
4 0.19801819375 0.583975575 0.05308223125 0.5628460515625 0.01989518958333333 0.6908954484375001 0.16483115208333335 0.7120249703125 0.19801819375 0.583975575
4 0.285296325 0.513611678125 0.16072607083333335 0.495451175 0.13096989583333332 0.610262859375 0.25554015 0.6284233625 0.285296325 0.513611678125
4 0.49938470208333335 0.5275181546875001 0.3883915875 0.5113369984375 0.3617363895833333 0.6141838296875 0.4727295041666667 0.6303649859375 0.49938470208333335 0.5275181546875001
4 0.8200171687500001 0.8010687609374999 0.7779280375000001 0.7949327875 0.7690209770833333 0.8292999218749999 0.8111101104166667 0.8354358953125001 0.8200171687500001 0.8010687609374999
4 0.7917114729166667 0.783204328125 0.7540349125 0.7777116421875 0.7449958958333334 0.81258791875 0.7826724583333333 0.8180806046875 0.7917114729166667 0.783204328125
4 0.8524457208333334 0.7935115296874999 0.8164663020833333 0.7882662625 0.8074932645833334 0.8228879671874999 0.8434726833333334 0.8281332359375 0.8524457208333334 0.7935115296874999
4 0.7585695083333334 0.7717679687500001 0.7300575145833333 0.767611340625 0.7235916499999999 0.792559334375 0.75210364375 0.7967159625 0.7585695083333334 0.7717679687500001
4 0.74536341875 0.5814752359375001 0.6472685854166667 0.5671744578125 0.6216030604166666 0.6662027187499999 0.71969789375 0.6805034953125 0.74536341875 0.5814752359375001
4 0.612709725 0.523828734375 0.52445831875 0.5109629828125 0.50136594375 0.600062959375 0.5896173499999999 0.6129287109375 0.612709725 0.523828734375
4 0.7769383041666666 0.5119730875 0.6947966104166666 0.4999980421875 0.6730238 0.5840065937500001 0.7551654937500001 0.5959816390625 0.7769383041666666 0.5119730875
4 0.3192924125 0.535343871875 0.2853495645833333 0.5303955046875 0.2752548979166667 0.569344925 0.3091977458333333 0.574293290625 0.3192924125 0.535343871875
4 0.352488075 0.5119149765625 0.3185452270833334 0.5069666109375001 0.3108257770833333 0.5367514609375 0.34476862500000005 0.5416998265624999 0.352488075 0.5119149765625
4 0.45235164791666665 0.4799761671875 0.4167116583333333 0.4747803828125 0.4094540541666667 0.502783234375 0.44509404375 0.5079790187500001 0.45235164791666665 0.4799761671875
4 0.3874786729166667 0.4740852109375 0.351159825 0.46879045937499997 0.3427146125 0.5013755953125 0.37903346041666663 0.506670346875 0.3874786729166667 0.4740852109375
4 0.42308253958333336 0.4413644625 0.38947911874999996 0.43646558124999996 0.38116586458333335 0.468541571875 0.4147692854166667 0.4734404546875 0.42308253958333336 0.4413644625
4 0.48535375416666665 0.4532166796875 0.4666851854166667 0.45049507968749997 0.4612749729166667 0.47136993125000004 0.4799435395833333 0.47409153281250005 0.48535375416666665 0.4532166796875
4 0.478642725 0.42066760625 0.4599741583333333 0.4179460046875 0.4551577479166667 0.43652971406249996 0.4738263166666667 0.43925131562499997 0.478642725 0.42066760625
4 0.3117257625 0.41707249375 0.23297835208333334 0.40559228437500006 0.21668173333333335 0.4684714109375 0.29542914375 0.4799516203125 0.3117257625 0.41707249375
4 0.4153977770833333 0.3772348203125 0.3953714979166667 0.374315284375 0.3920725875 0.3870438515625 0.4120988666666667 0.38996338750000004 0.4153977770833333 0.3772348203125
4 0.34145763333333334 0.3506040375 0.26746222291666666 0.3398165984375 0.2497140833333333 0.408296296875 0.32370949375 0.419083734375 0.34145763333333334 0.3506040375
4 0.2835966395833333 0.31086224375 0.22317836875000002 0.30205415156250004 0.20800338125 0.3606055640625 0.26842164999999996 0.36941365625 0.2835966395833333 0.31086224375
4 0.36746212916666665 0.3032743421875 0.3328404229166667 0.2982270078125 0.3245931458333333 0.330048428125 0.3592148520833333 0.3350957625 0.36746212916666665 0.3032743421875
4 0.33587620416666664 0.2960276796875 0.28869564583333335 0.2891494515625 0.27978858749999996 0.3235165859375 0.3269691458333333 0.33039481406250004 0.33587620416666664 0.2960276796875
4 0.6575706666666666 0.2420053953125 0.6100506791666667 0.2350776828125 0.5979766645833333 0.28166424375 0.6454966520833333 0.2885919546875 0.6575706666666666 0.2420053953125
4 0.6666983270833333 0.1959139671875 0.6205360520833333 0.1891841890625 0.60905584375 0.23347960625000003 0.6552181166666667 0.240209384375 0.6666983270833333 0.1959139671875
4 0.6659086145833334 0.1663416515625 0.6268743395833333 0.16065103125 0.6186930395833333 0.19221787968749998 0.6577273166666667 0.1979085015625 0.6659086145833334 0.1663416515625
4 0.7250251541666667 0.225023978125 0.6778445937500001 0.2181457484375 0.6674860145833333 0.2581134515625 0.7146665750000001 0.26499168125 0.7250251541666667 0.225023978125
4 0.7230680166666666 0.27334961875 0.67588745625 0.2664713890625 0.6648031166666667 0.30923937968750004 0.7119836770833333 0.3161176078125 0.7230680166666666 0.27334961875
4 0.7599131250000001 0.25758589062500004 0.7134114208333333 0.250806628125 0.7001498 0.30197547343750003 0.7466515041666667 0.308754734375 0.7599131250000001 0.25758589062500004
4 0.8046667958333333 0.2758667703125 0.7585045229166667 0.2691369921875 0.7467604 0.31445069531250003 0.7929226729166667 0.3211804734375 0.8046667958333333 0.2758667703125
4 0.8575799479166667 0.22664777812499998 0.8137936729166667 0.22026438593750003 0.8048206354166666 0.254886090625 0.8486069104166667 0.2612694828125 0.8575799479166667 0.22664777812499998
3 1 0.111220565625 0.9633808416666666 0.1058820328125 0.9444450958333334 0.178944015625 1 0.1870431 1 0.111220565625
4 0.8851333479166666 0.8406794 0.8549242145833333 0.8362753546875 0.8462150895833334 0.8698787734375 0.876424225 0.87428281875 0.8851333479166666 0.8406794
4 0.5955981895833333 0.0224112828125 0.5609764833333333 0.01736395 0.5541147479166667 0.0438393703125 0.5887364541666666 0.0488867046875 0.5955981895833333 0.0224112828125
3 0.5877411625000001 0.0989377078125 0.5544771708333334 0.094088309375 0.5472195666666667 0.122091159375 0.5804835583333333 0.1269405578125 0.5877411625000001 0.0989377078125
3 0.5142239 0 0.5134040395833334 0.0031633640625 0.5402188895833333 0.0070725734375 0.5420519145833332 0 0.5142239 0
4 0.13806478749999998 0.037872764062499994 0.11141965 0.033988296875000004 0.10475585208333334 0.059700004687499995 0.1314009875 0.063584471875 0.13806478749999998 0.037872764062499994
4 0.18052797083333333 0.0065482875 0.1445485520833333 0.00130301875 0.1378187729166667 0.0272692984375 0.17379819166666666 0.032514567187499996 0.18052797083333333 0.0065482875
4 0.71835554375 0.1229989671875 0.6803395520833334 0.11745679687499999 0.6706407541666667 0.15487878593749999 0.7086567458333334 0.16042095625 0.71835554375 0.1229989671875
4 0.7512932354166666 0.11551596093750001 0.7170109604166667 0.1105181109375 0.7082358583333334 0.1443761015625 0.7425181333333334 0.1493739515625 0.7512932354166666 0.11551596093750001
4 0.8755383041666666 0.19201505000000002 0.8422743104166667 0.18716565000000002 0.8369300749999999 0.20778593125000003 0.8701940687499999 0.2126353296875 0.8755383041666666 0.19201505000000002