4 0.13657819415448852 1 0.11094973903966597 0.8437808671875 0.05350986221294363 0.84905939375 0.07827235281837161 1 0.13657819415448852 1
4 0.24407702922755742 1 0.30960773277661796 0.993977953125 0.2836791189979123 0.835929203125 0.0955444133611691 0.8532181375000001 0.11962464300626305 1 0.24407702922755742 1
3 0.5047813653444677 0.8663653578125 0.39190054279749476 0.8767387187500001 0.40048055532359084 0.9290384875000001 0.5133613799582464 0.9186651265625001 0.5047813653444677 0.8663653578125
3 0.5331229060542797 0.632885353125 0.21559759707724424 0.662064840625 0.2559990918580376 0.9083335296874999 0.5735244008350731 0.8791540437500001 0.5331229060542797 0.632885353125
4 0.5384457098121086 0.5845584500000001 0.3649010438413361 0.600506609375 0.3843239331941545 0.7188994906249999 0.5578685991649269 0.70295133125 0.5384457098121086 0.5845584500000001
4 0.29583772442588724 0.5988317171875 0.14532996033402923 0.6126628640625 0.16451713361169104 0.7296189390625 0.3150248997912317 0.7157877921875 0.29583772442588724 0.5988317171875
4 0.15514495198329853 0.586966940625 0.012660509394572026 0.6000607718750001 0.0365619770354906 0.7457529843749999 0.1790464196242171 0.7326591515625 0.15514495198329853 0.586966940625
4 0.4502887661795407 0.49144207812499996 0.2598503716075157 0.5089427125 0.28247897912317327 0.6468761671875 0.472917375782881 0.6293755328125 0.4502887661795407 0.49144207812499996
4 0 0.4953231890625 0.018129083507306888 0.605829640625 0.18476268058455114 0.5905165859375 0.16557550730688936 0.4735605109375 0 0.4887763328125 0 0.4953231890625
4 0.2819388392484342 0.4618461921875 0.15984325469728602 0.47306635625000004 0.1750232797494781 0.5655967171875 0.29711886430062634 0.5543765515625 0.2819388392484342 0.4618461921875
4 0.18809289144050106 0.3863166984375 0.09402554070981212 0.394961165625 0.10548127348643006 0.4647899765625 0.199548624217119 0.45614550937500004 0.18809289144050106 0.3863166984375
4 0.23626140083507308 0.38772405 0.17636545302713988 0.3932282828125 0.1847568956158664 0.4443786046875 0.24465284342379956 0.43887437343749996 0.23626140083507308 0.38772405
4 0.40764679331941545 0.157871190625 0.29399807306889353 0.16831511875 0.30710380793319414 0.2482015765625 0.42075252818371606 0.23775765 0.40764679331941545 0.157871190625
4 0.4559416471816284 0.21468872343749998 0.3108091586638831 0.2280259015625 0.3286763298538622 0.3369358578125 0.4738088183716075 0.3235986796875 0.4559416471816284 0.21468872343749998
4 0.556133478079332 0.154289203125 0.48241539039665976 0.16106364374999999 0.4919854070981211 0.21939799999999998 0.5657034926931106 0.2126235609375 0.556133478079332 0.154289203125
4 0.6015841795407098 0.2650397328125 0.4825601837160752 0.2759776296875 0.49693877870563674 0.363622846875 0.6159627745302715 0.35268495 0.6015841795407098 0.2650397328125
4 0.46846486221294364 0.40386798125 0.34061005219206686 0.4156173984375 0.3600800835073069 0.5342976421875 0.4879348935281837 0.5225482234375 0.46846486221294364 0.40386798125
4 0.6422328622129436 0.3524585203125 0.43259704801670146 0.3717233328125 0.458761375782881 0.531208890625 0.6683971899791232 0.511944078125 0.6422328622129436 0.3524585203125
4 0.8681145407098121 0.372829571875 0.6557910876826722 0.39234136875000003 0.6819554154488517 0.5518269250000001 0.8942788684759917 0.532315128125 0.8681145407098121 0.372829571875
4 0.6955802901878914 0.387809796875 0.6161029749478079 0.3951134890625 0.631707286012526 0.4902301015625 0.7111846012526096 0.4829264078125 0.6955802901878914 0.387809796875
3 0.9243537536534446 0.3379086296875 0.7926594592901879 0.350010884375 0.8088294864300627 0.44857583125 0.9405237787056367 0.43647357812500004 0.9243537536534446 0.3379086296875
4 0.8518405114822547 0.26056458125000004 0.7262893924843424 0.2721022984375 0.7428365636743215 0.3729661359375 0.8683876805845512 0.36142841875 0.8518405114822547 0.26056458125000004
4 0.8114270146137788 0.3064281734375 0.7050733152400835 0.31620171406250003 0.7183676200417537 0.3972376171875 0.8247213215031315 0.38746407656250004 0.8114270146137788 0.3064281734375
4 0.7168148538622129 0.2879951984375 0.6680534091858038 0.2924762078125 0.6749834217118997 0.334718328125 0.7237448663883089 0.33023731875 0.7168148538622129 0.2879951984375
4 0.6862280313152401 0.25478185781249996 0.6021433361169102 0.262508953125 0.6128447828810022 0.3277399828125 0.696929478079332 0.3200128875 0.6862280313152401 0.25478185781249996
4 0.770694254697286 0.21493340156250001 0.672019521920668 0.2240012703125 0.6838052546972859 0.29584161249999996 0.7824799895615866 0.28677374218749996 0.770694254697286 0.21493340156250001
4 0.7330510396659707 0.19928675 0.6551095177453027 0.206449309375 0.6637838162839248 0.2593238 0.7417253402922755 0.252161240625 0.7330510396659707 0.19928675
3 0.6796329916492693 0.6160671015625 0.5832619498956159 0.6249232703125001 0.5945762526096033 0.6938899984375 0.6909472964509394 0.6850338296875 0.6796329916492693 0.6160671015625
4 0.6057273152400836 0.5884389328124999 0.5339289686847599 0.5950369546875 0.5432632693110646 0.6519345046875 0.6150616158663883 0.6453364828125 0.6057273152400836 0.5884389328124999
4 0.27780411691022966 0.42357675156249996 0.2559190584551148 0.4255879125 0.25888906263048017 0.443691678125 0.28077412108559496 0.44168051718749995 0.27780411691022966 0.42357675156249996