4 0.5892628208333334 0.180408653125 0.4094551291666667 0.180408653125 0.4094551291666667 0.33329326875 0.5892628208333334 0.33329326875 0.5892628208333334 0.180408653125
4 0.8810897437499999 0.43762019218750003 0.7371794875000001 0.43762019218750003 0.7371794875000001 0.541466346875 0.8810897437499999 0.541466346875 0.8810897437499999 0.43762019218750003
4 0.6907051291666666 0.3816105765625 0.5432692312499999 0.3816105765625 0.5432692312499999 0.48954326875 0.6907051291666666 0.48954326875 0.6907051291666666 0.3816105765625
4 0.4641025645833333 0.3751201921875 0.28525641041666666 0.3751201921875 0.28525641041666666 0.5140625 0.4641025645833333 0.5140625 0.4641025645833333 0.3751201921875
4 0.45080128125 0.5061298078124999 0.3219551291666667 0.5061298078124999 0.3219551291666667 0.6032451921875001 0.45080128125 0.6032451921875001 0.45080128125 0.5061298078124999
4 0.5956730770833333 0.5253605765625 0.46233974375000003 0.5253605765625 0.46233974375000003 0.6258413468749999 0.5956730770833333 0.6258413468749999 0.5956730770833333 0.5253605765625
5 0 0.64579326875 0.0740384625 0.64579326875 0.0740384625 0.560697115625 0 0.560697115625 0 0.64579326875
4 0.09951923124999999 0.57391826875 0.040224358333333335 0.57391826875 0.040224358333333335 0.642908653125 0.09951923124999999 0.642908653125 0.09951923124999999 0.57391826875
4 0.14102564166666667 0.6336538468749999 0.03910256458333334 0.6336538468749999 0.03910256458333334 0.70625 0.14102564166666667 0.70625 0.14102564166666667 0.6336538468749999
4 0.08685897499999999 0.7018028843749999 0.000641025 0.7018028843749999 0.000641025 0.7751201921875001 0.08685897499999999 0.7751201921875001 0.08685897499999999 0.7018028843749999
4 0.11410256458333333 0.703125 0.0740384625 0.703125 0.0740384625 0.7608173078125 0.11410256458333333 0.7608173078125 0.11410256458333333 0.703125
4 0.44727564166666667 0.6048076921875001 0.3197115375 0.6048076921875001 0.3197115375 0.7009615390625 0.44727564166666667 0.7009615390625 0.44727564166666667 0.6048076921875001
4 0.29631410208333336 0.612740384375 0.18221153750000002 0.612740384375 0.18221153750000002 0.70048076875 0.29631410208333336 0.70048076875 0.29631410208333336 0.612740384375
4 0.2533653854166667 0.6925480765625001 0.18285256458333335 0.6925480765625001 0.18285256458333335 0.7389423078124999 0.2533653854166667 0.7389423078124999 0.2533653854166667 0.6925480765625001
4 0.3703525645833333 0.6918269234375 0.2799679479166667 0.6918269234375 0.2799679479166667 0.765625 0.3703525645833333 0.765625 0.3703525645833333 0.6918269234375
4 0.5030448708333333 0.679927884375 0.37099358958333334 0.679927884375 0.37099358958333334 0.7825721156250001 0.5030448708333333 0.7825721156250001 0.5030448708333333 0.679927884375
4 0.6801282041666667 0.653365384375 0.563141025 0.653365384375 0.563141025 0.736778846875 0.6801282041666667 0.736778846875 0.6801282041666667 0.653365384375
4 0.7616987187500001 0.69266826875 0.6677884625 0.69266826875 0.6677884625 0.7664663468749999 0.7616987187500001 0.7664663468749999 0.7616987187500001 0.69266826875
4 0.6020833333333333 0.7328125 0.5107371791666666 0.7328125 0.5107371791666666 0.803966346875 0.6020833333333333 0.803966346875 0.6020833333333333 0.7328125
4 0.6721153854166667 0.7795673078124999 0.6330128208333333 0.7795673078124999 0.6330128208333333 0.8137019234375 0.6721153854166667 0.8137019234375 0.6721153854166667 0.7795673078124999