3 0.8165064104166666 0.2912259609375 0.6213141020833334 0.2912259609375 0.6213141020833334 0.41358173125000003 0.8165064104166666 0.41358173125000003 0.8165064104166666 0.2912259609375
3 0.6020833333333333 0.4353365390625 0.45881410208333334 0.4353365390625 0.45881410208333334 0.5641826921875001 0.6020833333333333 0.5641826921875001 0.6020833333333333 0.4353365390625
3 0.73205128125 0.4162259609375 0.5974358979166666 0.4162259609375 0.5974358979166666 0.53545673125 0.73205128125 0.53545673125 0.73205128125 0.4162259609375
5 0.51826923125 0.5506009609375 0.4490384625 0.5506009609375 0.4490384625 0.6215144234375 0.51826923125 0.6215144234375 0.51826923125 0.5506009609375
5 0.6133012812499999 0.55108173125 0.48862179583333337 0.55108173125 0.48862179583333337 0.6590144234374999 0.6133012812499999 0.6590144234374999 0.6133012812499999 0.55108173125
5 0.71330128125 0.566466346875 0.5899038458333333 0.566466346875 0.5899038458333333 0.6861778843749999 0.71330128125 0.6861778843749999 0.71330128125 0.566466346875
4 0.8145833333333333 0.5197115390625 0.6604166666666667 0.5197115390625 0.6604166666666667 0.6463942312500001 0.8145833333333333 0.6463942312500001 0.8145833333333333 0.5197115390625
4 0.53798076875 0.6219951921875 0.47580128125 0.6219951921875 0.47580128125 0.680408653125 0.53798076875 0.680408653125 0.53798076875 0.6219951921875
4 0.6184294875 0.6485576921875 0.5152243583333334 0.6485576921875 0.5152243583333334 0.7495192312500001 0.6184294875 0.7495192312500001 0.6184294875 0.6485576921875
4 0.55608974375 0.666947115625 0.4903846145833333 0.666947115625 0.4903846145833333 0.758533653125 0.55608974375 0.758533653125 0.55608974375 0.666947115625
4 0.6995192312499999 0.6759615390625 0.5863782041666667 0.6759615390625 0.5863782041666667 0.7747596156250001 0.6995192312499999 0.7747596156250001 0.6995192312499999 0.6759615390625
4 0.7389423083333334 0.725 0.6732371791666666 0.725 0.6732371791666666 0.791346153125 0.7389423083333334 0.791346153125 0.7389423083333334 0.725
4 0.8448717958333333 0.645072115625 0.7 0.645072115625 0.7 0.7573317312500001 0.8448717958333333 0.7573317312500001 0.8448717958333333 0.645072115625
4 0.8660256416666667 0.67079326875 0.7535256416666667 0.67079326875 0.7535256416666667 0.7734375 0.8660256416666667 0.7734375 0.8660256416666667 0.67079326875
4 0.7778846145833334 0.7800480765625 0.7201923083333334 0.7800480765625 0.7201923083333334 0.8480769234375 0.7778846145833334 0.8480769234375 0.7778846145833334 0.7800480765625
4 0.76858974375 0.837259615625 0.6615384624999999 0.837259615625 0.6615384624999999 0.9384615390625 0.76858974375 0.9384615390625 0.76858974375 0.837259615625
4 0.9341346145833334 0.788822115625 0.8072115375000001 0.788822115625 0.8072115375000001 0.8878605765625001 0.9341346145833334 0.8878605765625001 0.9341346145833334 0.788822115625
4 0.9516025645833334 0.8626201921875 0.8333333333333334 0.8626201921875 0.8333333333333334 0.9734375 0.9516025645833334 0.9734375 0.9516025645833334 0.8626201921875
3 0.5796474354166666 0.92548076875 0.5270833333333333 0.92548076875 0.5270833333333333 0.9665865390624999 0.5796474354166666 0.9665865390624999 0.5796474354166666 0.92548076875
3 0.5134615375 0.9209134609375 0.4653846145833333 0.9209134609375 0.4653846145833333 0.96610576875 0.5134615375 0.96610576875 0.5134615375 0.9209134609375
3 0.42227564166666665 0.87764423125 0.3786858979166666 0.87764423125 0.3786858979166666 0.91875 0.42227564166666665 0.91875 0.42227564166666665 0.87764423125
3 0.42067307708333335 0.9145432687499999 0.38028846250000004 0.9145432687499999 0.38028846250000004 0.9631009609375001 0.42067307708333335 0.9631009609375001 0.42067307708333335 0.9145432687499999
4 0.04711538541666667 0.40456730781249994 0.008974358333333333 0.40456730781249994 0.008974358333333333 0.4375 0.04711538541666667 0.4375 0.04711538541666667 0.40456730781249994
3 0.4142628208333334 0.4465144234375 0.37227564166666666 0.4465144234375 0.37227564166666666 0.4837740390625 0.4142628208333334 0.4837740390625 0.4142628208333334 0.4465144234375
5 0.41009615416666667 0.47824519218750006 0.37323717916666665 0.47824519218750006 0.37323717916666665 0.5092548078125 0.41009615416666667 0.5092548078125 0.41009615416666667 0.47824519218750006
5 0.44919871875 0.48004807656250004 0.4152243583333333 0.48004807656250004 0.4152243583333333 0.512259615625 0.44919871875 0.512259615625 0.44919871875 0.48004807656250004
4 0.05737179583333333 0.45805288437499997 0.0253205125 0.45805288437499997 0.0253205125 0.4871394234375 0.05737179583333333 0.4871394234375 0.05737179583333333 0.45805288437499997
4 0.39839743541666667 0.5013221156250001 0.3625 0.5013221156250001 0.3625 0.5320913468749999 0.39839743541666667 0.5320913468749999 0.39839743541666667 0.5013221156250001