4 0.9180870417536534 0.49485432031250004 0.7885672713987474 0.48807579375000004 0.7803703695198331 0.575808503125 0.9098901398747391 0.5825870296875 0.9180870417536534 0.49485432031250004
5 0.7127200960334029 0.60955603125 0.5094086492693111 0.5989155546875 0.49618610647181627 0.7404384828125 0.6994975532359081 0.751078959375 0.7127200960334029 0.60955603125
4 0.835336534446764 0.27272074218750003 0.7273393382045928 0.26706861718749997 0.7204593152400834 0.3407065640625 0.8284565114822547 0.3463586890625 0.835336534446764 0.27272074218750003
4 0.7334348058455115 0.2472983234375 0.6031463736951983 0.24047956875 0.5955944739039666 0.3213087203125 0.7258829060542797 0.328127475 0.7334348058455115 0.2472983234375
4 0.7165553966597077 0.3101514984375 0.5535987724425887 0.301623025 0.5434668643006263 0.41006640625 0.7064234885177453 0.41859487968750003 0.7165553966597077 0.3101514984375
4 0.6077025949895616 0.398397390625 0.485485127348643 0.3920010359375 0.4776644759916493 0.475706671875 0.5998819436325679 0.4821030265625 0.6077025949895616 0.398397390625
3 0.5116152192066806 0.6042340234375 0.35596089561586636 0.596087721875 0.34402835699373696 0.723803534375 0.4996826805845512 0.7319498359375001 0.5116152192066806 0.6042340234375
4 0.49696590605427976 0.5192078765625 0.4028046471816284 0.5142798671875 0.3963008768267224 0.5838907375 0.49046213361169105 0.588818746875 0.49696590605427976 0.5192078765625
4 0.423105630480167 0.5016122359375 0.3643028872651357 0.49853474374999995 0.35992224843423803 0.5454214046875 0.4187249916492693 0.548498896875 0.423105630480167 0.5016122359375
4 0.5019400709812109 0.370894059375 0.38933089561586637 0.3650005625 0.38070399373695196 0.45733564375 0.4933131670146138 0.4632291390625 0.5019400709812109 0.370894059375
4 0.5236969519832986 0.17316305 0.4268453736951983 0.168094240625 0.4195353486430063 0.246334559375 0.5163869269311064 0.25140336875 0.5236969519832986 0.17316305