1 0.7311335949895615 0.5114075234375 0.47660280584551146 0.528074146875 0.49817091231732774 0.7125823890625 0.7527017014613778 0.6959157640625 0.7311335949895615 0.5114075234375
1 0.8443689185803758 0.3945538921875 0.709264108559499 0.403400528125 0.7212593611691023 0.506016071875 0.8563641711899791 0.4971694359375 0.8443689185803758 0.3945538921875
1 0.7258482192066805 0.236143425 0.3598976576200417 0.26010579375 0.39074676200417535 0.5240100015625 0.7566973235908142 0.500047634375 0.7258482192066805 0.236143425
1 0.8472426346555324 0.21209317187500001 0.7605086826722338 0.21777249375 0.7681261043841336 0.282937109375 0.8548600584551148 0.2772577875 0.8472426346555324 0.21209317187500001
1 0.7717089707724426 0.2215676109375 0.7053241377870564 0.2259144765625 0.7115698413361169 0.27934446875 0.7779546743215031 0.274997603125 0.7717089707724426 0.2215676109375
1 0.7887395594989561 0.17315467499999998 0.7093446346555323 0.1783534390625 0.7157946367432151 0.23353113906249998 0.7951895615866389 0.2283323765625 0.7887395594989561 0.17315467499999998
2 0.6878237035490605 0 0.7004617244258873 0.1081142171875 0.8479094425887265 0.0984593703125 0.836400025052192 0 0.6878237035490605 0
2 0.8290048267223382 0 0.8354775427974948 0.05537201562500001 0.8788445177453027 0.052532354687500005 0.8727037432150314 0 0.8290048267223382 0
1 0.8812380334029227 0.052878795312500004 0.8422077557411273 0.0554344890625 0.8476362630480166 0.101873640625 0.8866665427974948 0.0993179453125 0.8812380334029227 0.052878795312500004
1 0.8911513611691022 0.093112059375 0.8644639895615867 0.09485954375 0.8688418183716075 0.1323104703125 0.8955291899791232 0.1305629875 0.8911513611691022 0.093112059375
1 0.864297344467641 0.08480709843749999 0.8055851315240083 0.0886515625 0.8110136388308977 0.1350907125 0.8697258517745302 0.1312462484375 0.864297344467641 0.08480709843749999
1 0.062241989561586636 0.54048875 0.003274371607515658 0.5443499375 0.008936363256784968 0.592786471875 0.06790398329853861 0.5889252843749999 0.062241989561586636 0.54048875
1 0.3668465344467641 0.41588439531250004 0.3208108204592902 0.4188988046875 0.3250427223382046 0.45510136875 0.3710784363256785 0.452086959375 0.3668465344467641 0.41588439531250004
1 0.3223309645093946 0.4045847734375 0.28530223799582466 0.4070094078125 0.28874612943632566 0.43647080625 0.3257748580375783 0.43404617187500005 0.3223309645093946 0.4045847734375