1 0.6939600417536534 0.8295810046875 0.5776396659707724 0.8371976390625001 0.5885326283924843 0.9303834578125001 0.704853006263048 0.9227668234375 0.6939600417536534 0.8295810046875
2 0.7508266680584552 0.7897126734375 0.6856736116910229 0.7939788812499999 0.6917617348643007 0.84606081875 0.7569147891440501 0.8417946093750001 0.7508266680584552 0.7897126734375
1 0.779114356993737 0.7420685171875 0.6945177202505219 0.7476078875 0.7012624050104385 0.8053065046875 0.7858590417536535 0.799767134375 0.779114356993737 0.7420685171875
1 0.6680746972860125 0.7610446 0.6322575720250522 0.7633898984374999 0.6370624133611691 0.8044937796875 0.6728795407098122 0.80214848125 0.6680746972860125 0.7610446
0 0.7287596221294362 0.5832933375 0.6448452150313152 0.5887880359375 0.653559586638831 0.663336690625 0.7374739916492693 0.6578419921875 0.7287596221294362 0.5832933375
1 0.4992578705636743 0.548927571875 0.3887364592901879 0.5561644921875 0.39730161169102296 0.629436628125 0.5078230229645094 0.622199709375 0.4992578705636743 0.548927571875
0 0.7098770396659707 0.4232291390625 0.5103244864300626 0.4362958 0.5274249478079331 0.5825847703125 0.7269775010438413 0.5695181093749999 0.7098770396659707 0.4232291390625
0 0.6520553402922756 0.31819525312499997 0.3986065407098121 0.33479102968749996 0.42289934237995824 0.5426081703125 0.6763481419624217 0.5260123953125 0.6520553402922756 0.31819525312499997
1 0.6193101858037579 0.333588175 0.3297031482254697 0.352551584375 0.3551598559498956 0.5703255671874999 0.6447668935281837 0.5513621578125 0.6193101858037579 0.333588175
2 0.8866370187891441 0.24752447187499999 0.6024878288100209 0.266130503125 0.6278848496868477 0.48339387812499995 0.9120340375782882 0.464787846875 0.8866370187891441 0.24752447187499999
1 0.6927640521920668 0.5429455296875 0.5962283736951983 0.549266665625 0.6018389958246347 0.5972637453125 0.6983746764091858 0.5909426078125 0.6927640521920668 0.5429455296875