1 0.463141025 0.0036057687499999997 0.40192307708333336 0.0036057687499999997 0.40192307708333336 0.049759615624999996 0.463141025 0.049759615624999996 0.463141025 0.0036057687499999997
1 0.48173076875000004 0.104447115625 0.37243589791666665 0.104447115625 0.37243589791666665 0.1921875 0.48173076875000004 0.1921875 0.48173076875000004 0.104447115625
2 0.3762820520833333 0.1769230765625 0.31506410208333335 0.1769230765625 0.31506410208333335 0.2259615390625 0.3762820520833333 0.2259615390625 0.3762820520833333 0.1769230765625
1 0.36298076875 0.2144230765625 0.2834935895833333 0.2144230765625 0.2834935895833333 0.26875 0.36298076875 0.26875 0.36298076875 0.2144230765625
1 0.4227564104166667 0.21911057656250002 0.3891025645833333 0.21911057656250002 0.3891025645833333 0.2578125 0.4227564104166667 0.2578125 0.4227564104166667 0.21911057656250002
0 0.39198717916666664 0.35 0.313141025 0.35 0.313141025 0.42019230781249994 0.39198717916666664 0.42019230781249994 0.39198717916666664 0.35
1 0.6272435895833334 0.39735576875 0.5233974354166667 0.39735576875 0.5233974354166667 0.46634615312500005 0.6272435895833334 0.46634615312500005 0.6272435895833334 0.39735576875
0 0.50080128125 0.43317307656250004 0.31330128125 0.43317307656250004 0.31330128125 0.5709134609375 0.50080128125 0.5709134609375 0.50080128125 0.43317307656250004
0 0.59391025625 0.4769230765625 0.35576923125 0.4769230765625 0.35576923125 0.672596153125 0.59391025625 0.672596153125 0.59391025625 0.4769230765625
1 0.6600961541666667 0.45516826874999994 0.38798076875000004 0.45516826874999994 0.38798076875000004 0.660216346875 0.6600961541666667 0.660216346875 0.6600961541666667 0.45516826874999994
2 0.39631410208333334 0.5197115390625 0.12932692291666667 0.5197115390625 0.12932692291666667 0.724278846875 0.39631410208333334 0.724278846875 0.39631410208333334 0.5197115390625
1 0.43301282083333337 0.414903846875 0.3423076916666667 0.414903846875 0.3423076916666667 0.460096153125 0.43301282083333337 0.460096153125 0.43301282083333337 0.414903846875