5 0.2099427375 0.3214519453125 0.09730007083333334 0.31406072812499997 0.08694770208333333 0.40280680625 0.19959036875 0.41019802343749995 0.2099427375 0.3214519453125
5 0.23585506666666667 0.417008571875 0.11894832291666665 0.4093375609375 0.10844051458333334 0.4994161609375 0.22534725833333333 0.5070871718750001 0.23585506666666667 0.417008571875
4 0.3850921625 0.5005164890625 0.29092715625000004 0.49433771249999997 0.28216028541666666 0.569492046875 0.37632529375 0.575670825 0.3850921625 0.5005164890625
5 0.5236402354166667 0.43777183906249995 0.4284092104166667 0.43152311406250005 0.4200153979166667 0.503479390625 0.5152464229166667 0.5097281171875 0.5236402354166667 0.43777183906249995
5 0.6328528916666667 0.3794131015625 0.5301597333333333 0.3726747359375 0.5211130708333334 0.4502276140625 0.6238062270833333 0.4569659796875 0.6328528916666667 0.3794131015625
5 0.5455818125 0.2481420625 0.4055779916666667 0.2389555015625 0.3934535979166667 0.3428923484375 0.53345741875 0.35207890937499997 0.5455818125 0.2481420625
4 0.4035241583333333 0.27037473125 0.33245622708333333 0.2657115015625 0.32558573749999997 0.3246090484375 0.3966536666666666 0.3292722765625 0.4035241583333333 0.27037473125
4 0.5294956041666666 0.2187550828125 0.47797135625000003 0.2153742421875 0.47343248125 0.2542839328125 0.5249567291666667 0.2576647734375 0.5294956041666666 0.2187550828125
5 0.45773858125 0.1724222203125 0.33514640208333335 0.1643781515625 0.32383030208333335 0.26138587343749997 0.44642247916666666 0.26942994374999996 0.45773858125 0.1724222203125
4 0.8534327166666666 0.42839476249999997 0.753582275 0.421842925 0.7443801708333333 0.5007283265625 0.8442306125000001 0.5072801625000001 0.8534327166666666 0.42839476249999997
5 0.9717483333333334 0.34418168125 0.8299678145833334 0.334878540625 0.8195532708333333 0.42415762656249995 0.9613337895833334 0.43346076875 0.9717483333333334 0.34418168125
4 0.21287026250000002 0.49740650156250005 0.15921397708333332 0.49388576406249995 0.15507924791666666 0.5293308953125 0.20873553333333333 0.5328516328124999 0.21287026250000002 0.49740650156250005