4 1 0.849337378125 0.9167005532359082 0.8504256031249999 0.9200627202505219 0.9945884546875 1 0.9935441515625 1 0.849337378125
4 0.7007592317327767 0.8875057343750001 0.6471949916492693 0.8882054984375 0.6482723716075157 0.934401328125 0.701836611691023 0.9337015640624999 0.7007592317327767 0.8875057343750001
4 1 0.6582567593750001 0.9140191774530271 0.659380015625 0.9164711440501044 0.76451535625 1 0.7634241328125 1 0.6582567593750001
4 1 0.61098455625 0.8843612588726514 0.612495265625 0.8861878517745303 0.6908157828125 1 0.6893289390625 1 0.61098455625
4 1 0.6002288046875 0.9738571962421712 0.600570334375 0.9756094864300626 0.6757049328125 1 0.6753862953125 1 0.6002288046875
4 1 0.5649074390625 0.9705505720250522 0.5652921671875 0.9715474572025052 0.6080365859375 1 0.6076648812500001 1 0.5649074390625
4 0.9840140271398747 0.5187735890625 0.8783044697286012 0.52015458125 0.8799391148225469 0.5902448062500001 0.9856486722338205 0.5888638140625 0.9840140271398747 0.5187735890625
4 1 0.49673424375 0.998926962421712 0.45072456406250005 0.9084707954070981 0.45190628593750004 0.9105202922755742 0.5397845609374999 1 0.5386155968749999 1 0.49673424375
4 0.988142739039666 0.391509621875 0.8842068308977036 0.39286744218749997 0.8858228997912317 0.462161190625 0.9897588100208768 0.46080336875 0.988142739039666 0.391509621875
4 0.9675298517745302 0.4281625703125 0.9983913674321503 0.42775939531249996 0.9968434091858038 0.36138607500000003 0.9659818935281838 0.36178925156249997 0.9675298517745302 0.4281625703125
4 0.9793586638830898 0.3115537640625 0.995676248434238 0.311340590625 0.9941282881002088 0.244967271875 0.9778107056367432 0.2451804453125 0.9793586638830898 0.3115537640625
4 0.9282749331941544 0.28168009375 0.8672613632567849 0.2824771765625 0.8681096450939457 0.31884975625 0.9291232150313152 0.3180526734375 0.9282749331941544 0.28168009375
4 0.9348232609603341 0.296201125 0.9953047369519833 0.29541099375 0.9939796847599165 0.2385954328125 0.9334982087682673 0.2393855640625 0.9348232609603341 0.296201125
3 0.4783489248434238 0.5559206390625 0.3772508580375783 0.5572413875 0.37912079331941545 0.63742035625 0.48021886012526094 0.636099609375 0.4783489248434238 0.5559206390625
3 0.47166976409185807 0.49014550156250003 0.3510615427974948 0.49172112968750004 0.353928363256785 0.61464451875 0.4745365845511482 0.6130688906249999 0.47166976409185807 0.49014550156250003
3 0.37905435281837163 0.43677993906249996 0.23006772442588724 0.43872630468749996 0.23255065135699374 0.545189109375 0.3815372776617954 0.54324274375 0.37905435281837163 0.43677993906249996
4 0.3116659164926931 0.37724217968749996 0.22404759290187892 0.378386828125 0.22591752818371608 0.45856579843749995 0.31353585177453025 0.45742114999999994 0.3116659164926931 0.37724217968749996
3 0.45962120041753657 0.308251809375 0.28828658037578286 0.3104901296875 0.29080665762004176 0.41854589375 0.46214127766179536 0.416307575 0.45962120041753657 0.308251809375
3 0.6710716784968684 0.3296566640625 0.5401762839248434 0.3313666859375 0.5426530187891441 0.43756399687499997 0.6735484112734864 0.4358539765625 0.6710716784968684 0.3296566640625
3 0.798305624217119 0.34592073437500004 0.6532210292275574 0.3478161234375 0.6555243924843425 0.4465796234375 0.800608987473904 0.44468423437500004 0.798305624217119 0.34592073437500004
3 0.8038833173277662 0.2275345734375 0.6428358705636743 0.22963850156249999 0.6456160041753654 0.3488449859375 0.8066634509394572 0.3467410578125 0.8038833173277662 0.2275345734375
3 0.6262997766179541 0.23569716093749998 0.47483004175365345 0.23767596562499999 0.4775172985386221 0.35290005 0.6289870334029227 0.3509212453125 0.6262997766179541 0.23569716093749998
4 0.6087009791231732 0.15054497656250002 0.5281772567849686 0.151596940625 0.5303382066805846 0.2442540953125 0.6108619311064718 0.24320213124999998 0.6087009791231732 0.15054497656250002
4 0.5502299269311065 0.0701759359375 0.41543250521920666 0.07193693281249999 0.4180392672233821 0.183709603125 0.5528366910229645 0.18194860625 0.5502299269311065 0.0701759359375
4 0.4312007181628392 0.08620472812499999 0.3623830855949896 0.0871037625 0.3644759269311065 0.1768404921875 0.43329355949895615 0.17594145625 0.4312007181628392 0.08620472812499999
4 0.6903268496868477 0.1967508171875 0.6073200167014614 0.1978352203125 0.6088370167014614 0.2628810734375 0.6918438496868476 0.2617966703125 0.6903268496868477 0.1967508171875