3 0.29823717916666664 0.026201923437500003 0.1427884625 0.026201923437500003 0.1427884625 0.161778846875 0.29823717916666664 0.161778846875 0.29823717916666664 0.026201923437500003
5 0.16506410208333333 0.12860576875000002 0.12660256458333333 0.12860576875000002 0.12660256458333333 0.17091346093749998 0.16506410208333333 0.17091346093749998 0.16506410208333333 0.12860576875000002
5 0.11442307708333334 0.14579326875 0.06923076875 0.14579326875 0.06923076875 0.185697115625 0.11442307708333334 0.185697115625 0.11442307708333334 0.14579326875
5 0.07884615416666667 0.11923076875000001 0.05320512916666666 0.11923076875000001 0.05320512916666666 0.146634615625 0.07884615416666667 0.146634615625 0.07884615416666667 0.11923076875000001
4 0.0871794875 0.1746394234375 0.049679487499999994 0.1746394234375 0.049679487499999994 0.2140625 0.0871794875 0.2140625 0.0871794875 0.1746394234375
4 0.13733974375000002 0.175841346875 0.093108975 0.175841346875 0.093108975 0.2162259609375 0.13733974375000002 0.2162259609375 0.13733974375000002 0.175841346875
5 0.3844551291666667 0.159134615625 0.23349358958333333 0.159134615625 0.23349358958333333 0.271875 0.3844551291666667 0.271875 0.3844551291666667 0.159134615625
5 0.26538461458333334 0.18389423124999998 0.14423076875 0.18389423124999998 0.14423076875 0.2985576921875 0.26538461458333334 0.2985576921875 0.26538461458333334 0.18389423124999998
5 0.37323717916666665 0.27079326875 0.22291666666666668 0.27079326875 0.22291666666666668 0.3881009609375 0.37323717916666665 0.3881009609375 0.37323717916666665 0.27079326875
5 0.5980769229166667 0.23040865312499997 0.4471153854166667 0.23040865312499997 0.4471153854166667 0.376322115625 0.5980769229166667 0.376322115625 0.5980769229166667 0.23040865312499997
4 0.39294871875 0.3 0.29871794791666667 0.3 0.29871794791666667 0.4016826921875 0.39294871875 0.4016826921875 0.39294871875 0.3
4 0.23798076875 0.2640625 0.12612179583333333 0.2640625 0.12612179583333333 0.3592548078125 0.23798076875 0.3592548078125 0.23798076875 0.2640625
4 0.20769230833333333 0.3421875 0.0996794875 0.3421875 0.0996794875 0.43858173125000005 0.20769230833333333 0.43858173125000005 0.20769230833333333 0.3421875
4 0.25769230833333334 0.4068509609375 0.18333333333333332 0.4068509609375 0.18333333333333332 0.47704326874999997 0.25769230833333334 0.47704326874999997 0.25769230833333334 0.4068509609375
4 0.344391025 0.385096153125 0.24855769166666666 0.385096153125 0.24855769166666666 0.474278846875 0.344391025 0.474278846875 0.344391025 0.385096153125
5 0.5399038458333333 0.362740384375 0.405608975 0.362740384375 0.405608975 0.49326923125000005 0.5399038458333333 0.49326923125000005 0.5399038458333333 0.362740384375
5 0.4358974354166667 0.4443509609375 0.30128205208333336 0.4443509609375 0.30128205208333336 0.5662259609375 0.4358974354166667 0.5662259609375 0.4358974354166667 0.4443509609375
5 0.7011217958333333 0.3566105765625 0.5549679479166667 0.3566105765625 0.5549679479166667 0.4909855765625 0.7011217958333333 0.4909855765625 0.7011217958333333 0.3566105765625
4 0.5857371791666667 0.4640625 0.4719551291666667 0.4640625 0.4719551291666667 0.5746394234375 0.5857371791666667 0.5746394234375 0.5857371791666667 0.4640625
4 0.4850961541666667 0.4831730765625 0.41009615416666667 0.4831730765625 0.41009615416666667 0.584134615625 0.4850961541666667 0.584134615625 0.4850961541666667 0.4831730765625
4 0.2825320520833333 0.46670673125000006 0.17355769166666668 0.46670673125000006 0.17355769166666668 0.564302884375 0.2825320520833333 0.564302884375 0.2825320520833333 0.46670673125000006
4 0.3155448708333333 0.521875 0.26169871875 0.521875 0.26169871875 0.6235576921875 0.3155448708333333 0.6235576921875 0.3155448708333333 0.521875
4 0.6487179479166667 0.515384615625 0.5483974354166666 0.515384615625 0.5483974354166666 0.6163461531250001 0.6487179479166667 0.6163461531250001 0.6487179479166667 0.515384615625
4 0.7908653854166666 0.4545673078125 0.6613782041666667 0.4545673078125 0.6613782041666667 0.56923076875 0.7908653854166666 0.56923076875 0.7908653854166666 0.4545673078125
4 0.8105769229166667 0.5540865390625 0.6846153854166667 0.5540865390625 0.6846153854166667 0.652403846875 0.8105769229166667 0.652403846875 0.8105769229166667 0.5540865390625
4 0.7371794875000001 0.6177884609375 0.65673076875 0.6177884609375 0.65673076875 0.6831730765625 0.7371794875000001 0.6831730765625 0.7371794875000001 0.6177884609375
4 0.75 0.679447115625 0.6891025645833333 0.679447115625 0.6891025645833333 0.7364182687499999 0.75 0.7364182687499999 0.75 0.679447115625
4 0.8426282041666667 0.6467548078124999 0.7573717958333333 0.6467548078124999 0.7573717958333333 0.71358173125 0.8426282041666667 0.71358173125 0.8426282041666667 0.6467548078124999
4 0.8548076916666666 0.6645432687499999 0.7631410249999999 0.6645432687499999 0.7631410249999999 0.745072115625 0.8548076916666666 0.745072115625 0.8548076916666666 0.6645432687499999
4 0.8878205124999999 0.703365384375 0.8173076916666666 0.703365384375 0.8173076916666666 0.765625 0.8878205124999999 0.765625 0.8878205124999999 0.703365384375
4 0.8248397437499999 0.722716346875 0.7575320520833333 0.722716346875 0.7575320520833333 0.7811298078125 0.8248397437499999 0.7811298078125 0.8248397437499999 0.722716346875
3 0.6916666666666667 0.915384615625 0.6621794875 0.915384615625 0.6621794875 0.9391826921875 0.6916666666666667 0.9391826921875 0.6916666666666667 0.915384615625
4 0.06201923125 0.1905048078125 0.03445512916666667 0.1905048078125 0.03445512916666667 0.22319711562500003 0.06201923125 0.22319711562500003 0.06201923125 0.1905048078125
5 0.5746794875 0.176322115625 0.5214743583333333 0.176322115625 0.5214743583333333 0.21358173125 0.5746794875 0.21358173125 0.5746794875 0.176322115625
3 0.5608974354166667 0.1462740390625 0.5112179479166666 0.1462740390625 0.5112179479166666 0.1796875 0.5608974354166667 0.1796875 0.5608974354166667 0.1462740390625
3 0.5434294875 0.108052884375 0.5043269229166667 0.108052884375 0.5043269229166667 0.14987980781250002 0.5434294875 0.14987980781250002 0.5434294875 0.108052884375