4 0.5085742249999999 0.3971689453125 0.63518105 0.3787115390625 0.6071403104166666 0.270518709375 0.48053348333333334 0.2889761140625 0.5085742249999999 0.3971689453125
5 0.51956208125 0.523831328125 0.6991197520833333 0.49765447187499995 0.6637554291666666 0.3612042203125 0.4841977604166667 0.3873810765625 0.51956208125 0.523831328125
5 0.24713733958333334 0.5681701578125 0.46233500208333334 0.5367975171875 0.42710263541666665 0.4008564078125 0.21190497291666668 0.43222904843750004 0.24713733958333334 0.5681701578125
4 0.49357437708333335 0.558794375 0.6201812020833334 0.5403369687499999 0.5922724187499999 0.43265328125 0.46566559166666666 0.45111068750000005 0.49357437708333335 0.558794375
4 0.613863625 0.546541778125 0.6583287583333333 0.5400594187500001 0.6486299604166667 0.502637428125 0.6041648291666667 0.5091197890625 0.613863625 0.546541778125
4 0.46144514583333335 0.5802544078125 0.5632736916666666 0.565409309375 0.5402472937499999 0.476563903125 0.4384187479166667 0.4914090015625 0.46144514583333335 0.5802544078125
4 0.3098203625 0.59324450625 0.43880318749999997 0.574440715625 0.42738895833333335 0.53039986875 0.29840613125 0.5492036609375 0.3098203625 0.59324450625
4 0.3480145625 0.713430803125 0.5170499479166667 0.6887879390625 0.4847866020833333 0.5643025421875 0.31575121458333333 0.5889454046875 0.3480145625 0.713430803125
4 0.276255225 0.70566314375 0.3750289145833333 0.6912633984375 0.34923143333333334 0.59172599375 0.25045774375 0.6061257390625 0.276255225 0.70566314375
4 0.4012028 0.7997283875 0.5407079083333334 0.779390603125 0.5151743395833334 0.6808714859375 0.37566923125 0.7012092703125 0.4012028 0.7997283875
4 0.42715170416666665 0.8923747765625001 0.5449333895833333 0.875203946875 0.519993625 0.7789759703125 0.40221193958333334 0.7961468015625 0.42715170416666665 0.8923747765625001
3 0.7272319625 0.8827080171875 0.7859530916666666 0.87414734375 0.77123995 0.8173779296875001 0.7125188208333333 0.8259386031249999 0.7272319625 0.8827080171875
3 0.65406676875 0.8301009140625 0.6924221854166667 0.8245092609375 0.6812718666666666 0.7814867 0.64291645 0.787078353125 0.65406676875 0.8301009140625
4 0.384909975 0.9196681968749999 0.47316138124999996 0.9068024453125 0.45363182916666667 0.831449321875 0.36538042291666667 0.8443150734374999 0.384909975 0.9196681968749999
4 0.29106191458333336 0.8857956578125 0.3928904604166667 0.870950559375 0.37230525833333333 0.7915242921875 0.2704767125 0.806369390625 0.29106191458333336 0.8857956578125
4 0.24386945000000002 1 0.23425382916666668 0.962898934375 0.18367898541666666 0.9702719999999999 0.19138370208333333 1 0.24386945000000002 1
3 0.24395131875 0.9017782421874999 0.28604045 0.8956422671875 0.27264687291666667 0.8439642812500001 0.23055774166666668 0.8501002546875001 0.24395131875 0.9017782421874999
3 0.18443309166666666 0.74348703125 0.26385935833333335 0.731907853125 0.24993795416666667 0.6781932953124999 0.17051168749999998 0.689772471875 0.18443309166666666 0.74348703125
5 0.2907629208333333 0.79561835625 0.34982347708333333 0.7870081984375 0.33735359374999996 0.7388942109375 0.2782930375 0.7475043671875 0.2907629208333333 0.79561835625
4 0.520754525 0.5841570015625 0.5760813687499999 0.5760911640625 0.5681639833333333 0.5455426015625 0.5128371395833333 0.5536084375 0.520754525 0.5841570015625