4 0.8091151544885178 0.16510868437499998 0.8998827599164927 0.1506688921875 0.8699105887265135 0.045133234375 0.7791429832985387 0.0595730265625 0.8091151544885178 0.16510868437499998
4 0.7019938350730689 0.2045514765625 0.8302742505219207 0.184143946875 0.8003732734864301 0.07885896718749999 0.6720928559498957 0.09926649531250001 0.7019938350730689 0.2045514765625
4 0.38230794363256787 0.45636606406249997 0.5996812860125261 0.421785159375 0.5475681524008351 0.2382884796875 0.33019481002087686 0.27286938437499997 0.38230794363256787 0.45636606406249997
4 0.7594997557411274 0.420595784375 0.8124196158663883 0.41217701250000005 0.8002456471816284 0.369310984375 0.7473257870563674 0.37772975625 0.7594997557411274 0.420595784375
4 0.27644020668058455 0.5778787640624999 0.44792734446764093 0.55059768125 0.4116902066805846 0.4230023125 0.2402030688935282 0.4502833953125 0.27644020668058455 0.5778787640624999
4 0.4965184780793319 0.634176028125 0.6710200396659707 0.6064153953125 0.6330030814196242 0.4725530625 0.4585015198329854 0.5003136953125 0.4965184780793319 0.634176028125
4 0.5097536158663883 0.73254914375 0.6671734488517745 0.7075059609375 0.6356350375782881 0.596455375 0.4782152025052192 0.6214985578125 0.5097536158663883 0.73254914375
4 0.3935935741127348 0.8363108828125 0.5851768622129436 0.805832796875 0.5460920125260961 0.6682102875 0.35450872442588727 0.6986883734375 0.3935935741127348 0.8363108828125
4 1 0.6240346531250001 0.9412303799582463 0.6333840359375 0.9592421586638831 0.696805703125 1 0.6903217296874999 1 0.6240346531250001
4 0.6091261544885178 0.8501005968750001 0.8137719394572025 0.8175444609375001 0.7704155198329854 0.664881240625 0.5657697348643006 0.6974373765624999 0.6091261544885178 0.8501005968750001
4 0.5565123235908143 0.9797786531250001 0.750105223382046 0.94898086875 0.7049689853862212 0.7900506843749999 0.5113760855949895 0.8208484703125001 0.5565123235908143 0.9797786531250001
4 0.3887325532359081 0.92027055 0.46543285594989564 0.908068659375 0.44912970354906057 0.8506632765625 0.3724294008350731 0.8628651671875 0.3887325532359081 0.92027055
4 0.5145421189979124 0.9195134093749999 0.568801720250522 0.9108815046875 0.5473014926931107 0.8351765906249999 0.49304189144050103 0.8438084953124999 0.5145421189979124 0.9195134093749999
4 0.7059200459290188 0.36505948906249996 0.7816155407098121 0.3530174484375 0.7652411962421711 0.29536138749999996 0.6895457014613778 0.307403428125 0.7059200459290188 0.36505948906249996