5 0.9985576916666666 0.8638221156249999 0.9491987187500001 0.8638221156249999 0.9491987187500001 0.91670673125 0.9985576916666666 0.91670673125 0.9985576916666666 0.8638221156249999
4 0.48125 0.9474759609375001 0.4466346145833333 0.9474759609375001 0.4466346145833333 0.975841346875 0.48125 0.975841346875 0.48125 0.9474759609375001
4 0.493108975 0.9746394234375 0.4709935895833333 0.9746394234375 0.4709935895833333 0.9938701921875 0.493108975 0.9938701921875 0.493108975 0.9746394234375
5 0.5440705124999999 0.9549278843750001 0.5011217958333334 0.9549278843750001 0.5011217958333334 0.9941105765625 0.5440705124999999 0.9941105765625 0.5440705124999999 0.9549278843750001
3 0.7068910249999999 0.6710336531250001 0.6546474354166667 0.6710336531250001 0.6546474354166667 0.708052884375 0.7068910249999999 0.708052884375 0.7068910249999999 0.6710336531250001
5 0.7684294875000001 0.6425480765625 0.7232371791666666 0.6425480765625 0.7232371791666666 0.6771634609375 0.7684294875000001 0.6771634609375 0.7684294875000001 0.6425480765625
4 0.7681089750000001 0.6776442312500001 0.7334935895833333 0.6776442312500001 0.7334935895833333 0.7050480765625 0.7681089750000001 0.7050480765625 0.7681089750000001 0.6776442312500001
4 0.7458333333333333 0.7056490390625 0.7080128208333334 0.7056490390625 0.7080128208333334 0.729447115625 0.7458333333333333 0.729447115625 0.7458333333333333 0.7056490390625
4 0.5857371791666667 0.625240384375 0.47355769166666667 0.625240384375 0.47355769166666667 0.702403846875 0.5857371791666667 0.702403846875 0.5857371791666667 0.625240384375
5 0.5961538458333333 0.700721153125 0.56891025625 0.700721153125 0.56891025625 0.722596153125 0.5961538458333333 0.722596153125 0.5961538458333333 0.700721153125
4 0.5120192312499999 0.643028846875 0.42964743541666667 0.643028846875 0.42964743541666667 0.7170673078124999 0.5120192312499999 0.7170673078124999 0.5120192312499999 0.643028846875
4 0.4283653854166667 0.660697115625 0.3274038458333333 0.660697115625 0.3274038458333333 0.73545673125 0.4283653854166667 0.73545673125 0.4283653854166667 0.660697115625
3 0.5716346145833333 0.695552884375 0.5447115375 0.695552884375 0.5447115375 0.7123798078125 0.5716346145833333 0.7123798078125 0.5716346145833333 0.695552884375
4 0.3836538458333333 0.6056490390625 0.2634615375 0.6056490390625 0.2634615375 0.6936298078124999 0.3836538458333333 0.6936298078124999 0.3836538458333333 0.6056490390625
4 0.6051282041666667 0.530528846875 0.48461538541666666 0.530528846875 0.48461538541666666 0.622115384375 0.6051282041666667 0.622115384375 0.6051282041666667 0.530528846875
4 0.4461538458333333 0.5134615390625 0.30737179583333335 0.5134615390625 0.30737179583333335 0.61826923125 0.4461538458333333 0.61826923125 0.4461538458333333 0.5134615390625
5 0.6076923083333334 0.40637019218750003 0.4708333333333333 0.40637019218750003 0.4708333333333333 0.5097355765625 0.6076923083333334 0.5097355765625 0.6076923083333334 0.40637019218750003