5 0.7999434279749479 0.39015263125 0.9421287077244259 0.403218971875 0.9585452087682672 0.3031516265625 0.8163599290187892 0.2900852875 0.7999434279749479 0.39015263125
5 0.8060982526096033 0.457619159375 0.9469261565762004 0.4705607609375 0.9611343465553236 0.38395425156249996 0.8203064425887265 0.37101265 0.8060982526096033 0.457619159375
4 0.8505811649269311 0.5297680406249999 0.9696910313152401 0.540713828125 0.9824825678496868 0.46274257187499995 0.8633727035490605 0.45179678437500004 0.8505811649269311 0.5297680406249999
4 0.7127058016701461 0.605912284375 0.8331730438413361 0.6169828109375 0.8479645615866388 0.526820609375 0.7274973194154489 0.5157500828125 0.7127058016701461 0.605912284375
3 0.6382834864300627 0.540937646875 0.7689310605427975 0.552943709375 0.7841809060542798 0.4599877515625 0.6535333319415448 0.4479816875 0.6382834864300627 0.540937646875
5 0.48769495824634657 0.62738600625 0.6407392567849687 0.641450253125 0.6586557432150313 0.5322396984375 0.5056114446764092 0.518175453125 0.48769495824634657 0.62738600625
5 0.603192254697286 0.4755813921875 0.7416447473903967 0.48830470156250005 0.7592695699373696 0.3808719921875 0.6208170772442588 0.3681486828125 0.603192254697286 0.4755813921875
5 0.6790509373695198 0.3932224125 0.7761034175365344 0.40214120312499996 0.7870616388308976 0.3353449796875 0.6900091586638831 0.3264261890625 0.6790509373695198 0.3932224125
4 0.7191575553235908 0.34612009062500004 0.8138346283924844 0.35482058906249997 0.8236678622129436 0.2948817734375 0.72899078914405 0.286181275 0.7191575553235908 0.34612009062500004
4 0.73140148434238 0.47305509062500006 0.8332047870563675 0.482410465625 0.8474129770354907 0.39580395625000003 0.7456096743215032 0.38644858125 0.73140148434238 0.47305509062500006
4 0.6498230501043841 0.3026242765625 0.7577345511482255 0.3125409734375 0.7718594091858038 0.226442421875 0.6639479081419625 0.21652572499999997 0.6498230501043841 0.3026242765625
5 0.5225947473903967 0.459796028125 0.6111636221294363 0.46793520468749994 0.6245384864300626 0.38640825625 0.5359696137787057 0.3782690796875 0.5225947473903967 0.459796028125
5 0.589681382045929 0.38681430625 0.671463369519833 0.394329790625 0.6830049185803758 0.323977875 0.6012229331941545 0.31646239062500003 0.589681382045929 0.38681430625
4 0.5054378622129436 0.3859045015625 0.5848444384133612 0.39320169374999997 0.5968026513569937 0.3203099984375 0.5173960751565762 0.31301280625 0.5054378622129436 0.3859045015625
4 0.43134423173277664 0.5645876999999999 0.5511327870563675 0.5755958578125 0.5659243048016701 0.48543365468750005 0.4461357494780793 0.4744254984375 0.43134423173277664 0.5645876999999999
4 0.41692507098121084 0.4624600859375 0.5109234551148225 0.4710982140625 0.5228816680584552 0.39820651875 0.42888328392484343 0.3895683890625 0.41692507098121084 0.4624600859375
4 0.4063645657620042 0.389303646875 0.5173301649269312 0.3995010046875 0.5316216889352818 0.31238653906249997 0.4206560897703549 0.30218918125 0.4063645657620042 0.389303646875
4 0.32814931941544884 0.3033558890625 0.43232803340292275 0.3129295546875 0.4454112338204593 0.233180453125 0.34123252192066805 0.2236067875 0.32814931941544884 0.3033558890625
4 0.4580340041753654 0.286417459375 0.5394766450939457 0.293901759375 0.5500598705636743 0.22939133906250003 0.46861722964509395 0.22190704062500002 0.4580340041753654 0.286417459375
4 0.46191689770354905 0.229154415625 0.5216415052192066 0.234642903125 0.5289747640918581 0.18994276875 0.4692501586638831 0.1844542828125 0.46191689770354905 0.229154415625
4 0.24438108559498956 0.269103753125 0.31123192275574113 0.275247115625 0.31906517745302715 0.2274992453125 0.2522143402922756 0.22135588281250002 0.24438108559498956 0.269103753125
4 0.28234344885177454 0.3883477140625 0.3671795344467641 0.396143859375 0.37805442379958243 0.32985559375 0.2932183382045929 0.3220594484375 0.28234344885177454 0.3883477140625
4 0.30840513361169103 0.5129432203125 0.39086581002087684 0.5205210734375 0.4005740438413361 0.4613441921875 0.31811336743215035 0.4537663390625 0.30840513361169103 0.5129432203125
4 0.30563885594989565 0.5822969046875001 0.3555224739039666 0.5868810375 0.36160574530271394 0.54980024375 0.311722127348643 0.5452161109375 0.30563885594989565 0.5822969046875001
4 0.21776718162839248 0.6969379390625 0.286314739039666 0.703237225 0.29439798956158664 0.6539654859375 0.22585043215031314 0.6476662 0.21776718162839248 0.6969379390625
5 0.26492035699373695 0.6740725140625 0.3521318538622129 0.6820869515625 0.363381739039666 0.6135128812499999 0.27617024425887265 0.60549844375 0.26492035699373695 0.6740725140625
4 0.24800063674321504 0.7688085703125 0.32163835908141963 0.7755756234375 0.32926328183716075 0.7290976453125 0.25562555949895616 0.722330590625 0.24800063674321504 0.7688085703125
5 0.3095677954070981 0.77356405625 0.41747929645093945 0.783480753125 0.43110415866388313 0.7004299359374999 0.32319265762004173 0.6905132390625 0.3095677954070981 0.77356405625
3 0.32672957620041754 0.71094721875 0.4176738622129436 0.7193046859375001 0.42663210438413357 0.664699409375 0.3356878183716075 0.6563419421875001 0.32672957620041754 0.71094721875