4 1 0.2054811515625 0.8617724875 0.2054811515625 0.8617724875 0.3151041671875 1 0.3151041671875 1 0.2054811515625
4 0.76306216875 0.14508928593749998 0.5954034395833333 0.14508928593749998 0.5954034395833333 0.2859623015625 0.76306216875 0.2859623015625 0.76306216875 0.14508928593749998
4 0.7609126979166666 0.3632192453125 0.5922619041666667 0.3632192453125 0.5922619041666667 0.5031001984375 0.7609126979166666 0.5031001984375 0.7609126979166666 0.3632192453125
4 0.5567129625 0.22482638906250002 0.3920304229166666 0.22482638906250002 0.3920304229166666 0.37388392812500004 0.5567129625 0.37388392812500004 0.5567129625 0.22482638906250002
5 0.4806547625 0.458209325 0.3239087291666667 0.458209325 0.3239087291666667 0.5946180562500001 0.4806547625 0.5946180562500001 0.4806547625 0.458209325
3 0.34077381041666666 0.41753472187499996 0.2306547625 0.41753472187499996 0.2306547625 0.5368303578125 0.34077381041666666 0.5368303578125 0.34077381041666666 0.41753472187499996
5 0.26173941875 0.4052579359375 0.17080026458333333 0.4052579359375 0.17080026458333333 0.486855159375 0.26173941875 0.486855159375 0.26173941875 0.4052579359375
5 0.46048280416666665 0.3296130953125 0.27794312083333333 0.3296130953125 0.27794312083333333 0.4833829359375 0.46048280416666665 0.4833829359375 0.46048280416666665 0.3296130953125
5 0.2119709 0.5520833328125 0.06911375624999999 0.5520833328125 0.06911375624999999 0.659226190625 0.2119709 0.659226190625 0.2119709 0.5520833328125
4 0.1630291 0.5146329359374999 0.07308201041666668 0.5146329359374999 0.07308201041666668 0.5758928578125 0.1630291 0.5758928578125 0.1630291 0.5146329359374999
4 0.3875661375 0.543898809375 0.26554232708333336 0.543898809375 0.26554232708333336 0.6423611109375 0.3875661375 0.6423611109375 0.3875661375 0.543898809375
4 0.256117725 0.5922619046875 0.13905423333333333 0.5922619046875 0.13905423333333333 0.6830357140625 0.256117725 0.6830357140625 0.256117725 0.5922619046875
4 0.44179894166666667 0.6294642859375 0.3323412708333333 0.6294642859375 0.3323412708333333 0.724454365625 0.44179894166666667 0.724454365625 0.44179894166666667 0.6294642859375
4 0.33134920625 0.6598462296875 0.22751322708333335 0.6598462296875 0.22751322708333335 0.7523561515625 0.33134920625 0.7523561515625 0.33134920625 0.6598462296875
4 0.44097222291666666 0.7326388890625 0.33713624375 0.7326388890625 0.33713624375 0.82862103125 0.44097222291666666 0.82862103125 0.44097222291666666 0.7326388890625