4 0.9014550270833334 0.08134920625 0.737103175 0.08134920625 0.737103175 0.21354166718749998 0.9014550270833334 0.21354166718749998 0.9014550270833334 0.08134920625
4 0.743882275 0.1574900796875 0.6536044979166667 0.1574900796875 0.6536044979166667 0.26240079375 0.743882275 0.26240079375 0.743882275 0.1574900796875
3 0.69990079375 0.104290675 0.48098545000000004 0.104290675 0.48098545000000004 0.2774057546875 0.69990079375 0.2774057546875 0.69990079375 0.104290675
4 0.8556547625 0.311755953125 0.7111441791666666 0.311755953125 0.7111441791666666 0.419146825 0.8556547625 0.419146825 0.8556547625 0.311755953125
4 0.7223875666666667 0.3552827375 0.6331018520833334 0.3552827375 0.6331018520833334 0.442832340625 0.7223875666666667 0.442832340625 0.7223875666666667 0.3552827375
4 0.6565806875 0.3461061515625 0.5143849208333333 0.3461061515625 0.5143849208333333 0.4527529765625 0.6565806875 0.4527529765625 0.6565806875 0.3461061515625
4 0.5696097874999999 0.317832340625 0.43931878333333335 0.317832340625 0.43931878333333335 0.42125496093750003 0.5696097874999999 0.42125496093750003 0.5696097874999999 0.317832340625
3 0.5267857145833333 0.2721974203125 0.4388227520833333 0.2721974203125 0.4388227520833333 0.3342013890625 0.5267857145833333 0.3342013890625 0.5267857145833333 0.2721974203125
4 0.5345568791666667 0.4236111109375 0.3702050270833333 0.4236111109375 0.3702050270833333 0.5424107140625 0.5345568791666667 0.5424107140625 0.5345568791666667 0.4236111109375
4 0.36226851875 0.3919890875 0.19097222291666668 0.3919890875 0.19097222291666668 0.5187251984375 0.36226851875 0.5187251984375 0.36226851875 0.3919890875
4 0.5861441791666666 0.485987103125 0.4710648145833333 0.485987103125 0.4710648145833333 0.5722966265625 0.5861441791666666 0.5722966265625 0.5861441791666666 0.485987103125
4 0.49454365 0.5292658734375 0.37781084583333335 0.5292658734375 0.37781084583333335 0.625248015625 0.49454365 0.625248015625 0.49454365 0.5292658734375
4 0.39649470833333333 0.508556546875 0.2883597875 0.508556546875 0.2883597875 0.5874255953125 0.39649470833333333 0.5874255953125 0.39649470833333333 0.508556546875
4 0.47040343958333336 0.6226438484375 0.36656746041666666 0.6226438484375 0.36656746041666666 0.7000248015625 0.47040343958333336 0.7000248015625 0.47040343958333336 0.6226438484375
4 0.30489417916666667 0.66356646875 0.26223545000000004 0.66356646875 0.26223545000000004 0.69853670625 0.30489417916666667 0.69853670625 0.30489417916666667 0.66356646875
3 0.23908730208333334 0.562251984375 0.125 0.562251984375 0.125 0.6458333328125 0.23908730208333334 0.6458333328125 0.23908730208333334 0.562251984375
4 0.26405423333333333 0.6221478171875 0.14070767291666667 0.6221478171875 0.14070767291666667 0.7151537703125 0.26405423333333333 0.7151537703125 0.26405423333333333 0.6221478171875
4 0.2000661375 0.6995287703125 0.11838624375000001 0.6995287703125 0.11838624375000001 0.7540922625 0.2000661375 0.7540922625 0.2000661375 0.6995287703125
3 0.15922618958333334 0.622271825 0.03885582083333334 0.622271825 0.03885582083333334 0.7175099203124999 0.15922618958333334 0.7175099203124999 0.15922618958333334 0.622271825
5 0.1942791 0.7398313484375 0.08019179791666667 0.7398313484375 0.08019179791666667 0.8204365078125001 0.1942791 0.8204365078125001 0.1942791 0.7398313484375
4 0.3073743395833333 0.796130953125 0.22668650833333331 0.796130953125 0.22668650833333331 0.859375 0.3073743395833333 0.859375 0.3073743395833333 0.796130953125
4 0.23941798958333335 0.817336309375 0.14417989375 0.817336309375 0.14417989375 0.8917410718750001 0.23941798958333335 0.8917410718750001 0.23941798958333335 0.817336309375
4 0.2516534395833333 0.8659474203125 0.17162698333333332 0.8659474203125 0.17162698333333332 0.9252232140625001 0.2516534395833333 0.9252232140625001 0.2516534395833333 0.8659474203125
4 0.45667989374999995 0.7886904765625 0.39087301666666663 0.7886904765625 0.39087301666666663 0.843005953125 0.45667989374999995 0.843005953125 0.45667989374999995 0.7886904765625
4 0.62483465625 0.7328869046875 0.5236441791666667 0.7328869046875 0.5236441791666667 0.8167162703124999 0.62483465625 0.8167162703124999 0.62483465625 0.7328869046875
4 0.6168981479166666 0.636284721875 0.4952050270833333 0.636284721875 0.4952050270833333 0.7287946421875 0.6168981479166666 0.7287946421875 0.6168981479166666 0.636284721875
4 0.8287037041666667 0.434771825 0.7030423270833333 0.434771825 0.7030423270833333 0.5200892859375 0.8287037041666667 0.5200892859375 0.8287037041666667 0.434771825
4 0.7096560854166667 0.4934275796875 0.6107804229166667 0.4934275796875 0.6107804229166667 0.5626240078125 0.7096560854166667 0.5626240078125 0.7096560854166667 0.4934275796875
4 0.66170635 0.542038690625 0.6160714291666667 0.542038690625 0.6160714291666667 0.576016865625 0.66170635 0.576016865625 0.66170635 0.542038690625
4 0.76818783125 0.5690724203124999 0.6914682541666667 0.5690724203124999 0.6914682541666667 0.619915675 0.76818783125 0.619915675 0.76818783125 0.5690724203124999
4 0.7048611104166667 0.5993303578125 0.6493055562500001 0.5993303578125 0.6493055562500001 0.6412450390625 0.7048611104166667 0.6412450390625 0.7048611104166667 0.5993303578125
4 0.6385582020833334 0.598586309375 0.61871693125 0.598586309375 0.61871693125 0.614707340625 0.6385582020833334 0.614707340625 0.6385582020833334 0.598586309375
4 0.5125661375 0.3985615078125 0.43220899375 0.3985615078125 0.43220899375 0.4424603171875 0.5125661375 0.4424603171875 0.5125661375 0.3985615078125