4 0.7599277208333334 0.937980265625 0.76891688125 0.9650204328124999 0.8907289020833333 0.9422420718750001 0.8817397395833333 0.9152019046875 0.7599277208333334 0.937980265625
4 0.6545350937500001 0.8921595296874999 0.6840335083333334 0.980893284375 0.7974446958333333 0.9596858453125 0.7679462833333334 0.8709520906250001 0.6545350937500001 0.8921595296874999
4 0.8255936541666667 0.8329848109375 0.7184830854166666 0.8530140578125 0.7485051395833333 0.9433229671875001 0.8556157062499999 0.9232937187499999 0.8255936541666667 0.8329848109375
4 0.8251471645833334 0.7399338453125 0.73623839375 0.7565594296875 0.7588422083333334 0.8245536375 0.8477509791666668 0.8079280531249999 0.8251471645833334 0.7399338453125
3 0.7178491083333333 0.6710463812499999 0.5568332229166667 0.7011557078124999 0.6093718166666666 0.8591963 0.7703877020833333 0.8290869734375 0.7178491083333333 0.6710463812499999
4 0.760640125 0.6638811687499999 0.6969338395833333 0.6757939890625 0.7149121625 0.729874325 0.7786184479166667 0.7179615046875 0.760640125 0.6638811687499999
5 0.43627101875 0.5906909687499999 0.2752551354166667 0.6208002953125 0.3163609104166667 0.74444999375 0.4773767958333333 0.7143406671875 0.43627101875 0.5906909687499999
4 0.36941606458333337 0.49751006562500005 0.20069941875000002 0.529059403125 0.24590704583333334 0.6650478203125 0.4146236916666667 0.6334984828125 0.36941606458333337 0.49751006562500005
4 0.33760385 0.454939675 0.19163945 0.482234434375 0.21782147291666665 0.560992203125 0.3637858729166667 0.5336974453125001 0.33760385 0.454939675
3 0.21265716041666666 0.407895671875 0.08769483333333333 0.4312631265625 0.11911326041666667 0.5257724515625 0.2440755875 0.502404996875 0.21265716041666666 0.407895671875
5 0.11266219999999999 0.4459741046875 0.016402702083333335 0.4639742453125 0.04214835833333333 0.5414193875 0.13840785625000002 0.5234192453125 0.11266219999999999 0.4459741046875
5 0.11841682708333333 0.365984684375 0.003955535416666667 0.3873884890625 0.03249393958333333 0.47323445781249995 0.14695523333333332 0.45183065468750006 0.11841682708333333 0.365984684375
4 0.16495941875 0.26777194375 0.09530254583333334 0.2807975 0.11877909375 0.3514169671875 0.18843596666666668 0.338391409375 0.16495941875 0.26777194375
4 0.33841541458333335 0.32261506406249996 0.18510028750000002 0.3512843796875 0.22576969791666668 0.4736214484375 0.3790848229166667 0.4449521328125 0.33841541458333335 0.32261506406249996
4 0.37998778125 0.35987477343749996 0.27672759374999994 0.37918401562500004 0.305266 0.4650299859375 0.40852618749999997 0.44572074375000004 0.37998778125 0.35987477343749996
4 0.3530284083333333 0.21726728125 0.22771604583333332 0.2407001921875 0.2643708791666667 0.3509610703125 0.3896832416666667 0.327528159375 0.3530284083333333 0.21726728125
4 0.3649366416666667 0.2066751203125 0.26412669583333337 0.22552617656249999 0.29100690625 0.306384153125 0.39181685208333333 0.287533096875 0.3649366416666667 0.2066751203125
4 0.37222173124999997 0.1793801890625 0.32251682916666663 0.18867480625 0.3356078416666667 0.2280536921875 0.38531274375 0.2187590734375 0.37222173124999997 0.1793801890625
4 0.439764525 0.2869324453125 0.33195388958333333 0.307092603125 0.36354686458333335 0.402126978125 0.4713575 0.38196681875 0.439764525 0.2869324453125
4 0.5441564437499999 0.274382715625 0.4135935625 0.2987974515625 0.44946293541666665 0.406695596875 0.5800258145833334 0.382280859375 0.5441564437499999 0.274382715625
5 0.6386694166666668 0.30425235625 0.5252582291666666 0.32545979375 0.5506547916666666 0.40185483125 0.6640659791666667 0.3806473921875 0.6386694166666668 0.30425235625
4 0.5509483604166667 0.26126171249999997 0.49179252291666664 0.2723236171875 0.5055817229166667 0.313802709375 0.5647375604166667 0.30274080468750003 0.5509483604166667 0.26126171249999997
4 0.5930956458333333 0.23929863125 0.5342898458333334 0.25029508125 0.5568063854166667 0.31802676406249997 0.6156121875 0.30703031406250003 0.5930956458333333 0.23929863125
5 0.6976335291666668 0.20929375156250002 0.5814220645833333 0.23102483125 0.61144411875 0.321333740625 0.7276555833333334 0.2996026625 0.6976335291666668 0.20929375156250002
5 0.7741783000000001 0.2768213921875 0.6586669041666667 0.2984215625 0.6898235104166666 0.3921433078125 0.8053349062499999 0.37054313906249997 0.7741783000000001 0.2768213921875
4 0.6912467020833333 0.3645503015625 0.5351313 0.39374325625 0.5737061479166666 0.50977970625 0.72982155 0.48058674999999995 0.6912467020833333 0.3645503015625
4 0.5557885124999999 0.3837458359375 0.4315262541666666 0.40698238125 0.46215922083333333 0.499128971875 0.5864214791666666 0.47589242656249997 0.5557885124999999 0.3837458359375