1 0.7241403173277662 0.186288815625 0.5005025574112735 0.200932571875 0.5208061002087683 0.3746228796875 0.7444438622129437 0.3599791234375 0.7241403173277662 0.186288815625
2 0.9223926075156575 0.21617187968749998 0.7257397954070981 0.229048665625 0.742531534446764 0.37269660937500004 0.9391843465553236 0.359819821875 0.9223926075156575 0.21617187968749998
1 0.7961055553235908 0.338153109375 0.6193541440501044 0.3497267546875 0.6338440271398748 0.47368306406249994 0.8105954384133611 0.4621094171875 0.7961055553235908 0.338153109375
0 0.4492426972860125 0.6986944937499999 0.30892096450939455 0.70788273125 0.32119752609603336 0.8129047796875 0.46151925887265133 0.8037165406250001 0.4492426972860125 0.6986944937499999
2 0.35589890396659707 0.5020584234375 0.25133222964509394 0.5089054281250001 0.2600084530271399 0.5831277390625 0.364575127348643 0.5762807343749999 0.35589890396659707 0.5020584234375
1 0.40820334446764095 0.49736159375 0.3454633402922756 0.5014697953125 0.3527525469728601 0.5638266359374999 0.41549255323590817 0.5597184328125 0.40820334446764095 0.49736159375
0 0.34425812943632567 0.45626743125 0.22990941127348644 0.46375496250000003 0.2366969331941545 0.5218200375000001 0.3510456513569937 0.5143325062499999 0.34425812943632567 0.45626743125
1 0.20879248016701463 0.40522903593750004 0.12075408559498955 0.410993771875 0.12774818371607516 0.47082604375 0.21578657828810022 0.4650613078125 0.20879248016701463 0.40522903593750004
1 0.148186133611691 0.39851318125 0.10838333402922755 0.401119459375 0.11171807306889353 0.42964708281249997 0.151520872651357 0.427040803125 0.148186133611691 0.39851318125
1 0.23155957828810023 0.3601105015625 0.14588236743215033 0.36572062656250004 0.15261086638830898 0.42328078593749996 0.23828807724425888 0.41767066093749994 0.23155957828810023 0.3601105015625
1 0.340528127348643 0.3560279328125 0.2025675782881002 0.3650615625 0.21449000835073068 0.4670541265625 0.35245055741127346 0.45802049843750003 0.340528127348643 0.3560279328125
1 0.3642897286012526 0.34849388124999997 0.28738262630480166 0.35352974375 0.29549813987473905 0.422955375 0.37240524425887267 0.41791951406249994 0.3642897286012526 0.34849388124999997
1 0.40338174112734865 0.36743003281250003 0.3548088350730689 0.370610578125 0.3585567286012526 0.402672596875 0.40712963465553237 0.399492053125 0.40338174112734865 0.36743003281250003