4 0.0017476597077244259 0.952052765625 0.000779759916492693 0.9935543375 0.15786048643006262 0.9956064453125 0.15882838830897705 0.9541048734375 0.0017476597077244259 0.952052765625
4 0 0.9852413078125 0.1046029853862213 0.9866078453125 0.10756698121085595 0.8595177859375 0 0.8581125265624999 0 0.9852413078125
4 0.41485419415448854 0.8308652703125 0.26540933611691025 0.8289129187500001 0.26255958455114825 0.9511044296875 0.41200444258872654 0.9530567812499999 0.41485419415448854 0.8308652703125
4 0 0.852668040625 0.06351496450939458 0.8534978015625001 0.06571733402922755 0.7590647171875 0 0.758206184375 0 0.852668040625
4 0.29332072860125263 0.7160322171875 0.14060335490605427 0.7140371125 0.1377409102296451 0.8367729078125 0.2904582839248434 0.8387680109375 0.29332072860125263 0.7160322171875
4 0.14632043423799582 0.6716447999999999 0.03941827348643007 0.670248228125 0.03748247390396659 0.7532513703125 0.14438463465553236 0.7546479421875001 0.14632043423799582 0.6716447999999999
5 0.5279619582463465 0.6597526640625 0.3977885782881002 0.658052075 0.3953323340292276 0.7633708171875 0.5255057139874739 0.7650714046875 0.5279619582463465 0.6597526640625
3 0.7237724634655532 0.6776914140625 0.584872375782881 0.67587681875 0.5824415177453027 0.7801069953125 0.721341605427975 0.7819215890625 0.7237724634655532 0.6776914140625
4 0.6546020020876826 0.5868176140625 0.5415184217118998 0.5853402875 0.5395381941544886 0.670248421875 0.6526217745302715 0.6717257484375 0.6546020020876826 0.5868176140625
4 0.47773150939457204 0.5443538796875 0.37264741127348644 0.542981059375 0.3708131628392484 0.6216299375000001 0.4758972588726514 0.623002759375 0.47773150939457204 0.5443538796875
4 0.6076473361169101 0.5259064999999999 0.505835751565762 0.5245764312500001 0.5040395845511482 0.6015924625 0.6058511670146138 0.6029225328125001 0.6076473361169101 0.5259064999999999
4 0.45960247181628394 0.49511665625 0.36324507933194156 0.49385784062500004 0.3617599081419624 0.557538940625 0.4581173006263048 0.5587977546875 0.45960247181628394 0.49511665625
4 0.5600679123173278 0.4683900296875 0.47680058246346557 0.4673022234375 0.4754296555323591 0.5260847765625 0.5586969853862213 0.5271725828125 0.5600679123173278 0.4683900296875
4 0.47408341962421713 0.44344709375 0.4060878267223382 0.44255879687500005 0.40485653027139873 0.4953542390625 0.4728521252609604 0.49624253593749995 0.47408341962421713 0.44344709375
5 0.04836310020876827 0.1697444703125 0.007638465553235909 0.1692124421875 0.0067625949895615866 0.20676796249999999 0.04748722964509395 0.207299990625 0.04836310020876827 0.1697444703125
3 0.5866534801670147 0.014667096874999999 0.4953866659707724 0.0134747859375 0.49359049895615864 0.09049081718749999 0.5848573110647182 0.091683128125 0.5866534801670147 0.014667096874999999
5 0.5013629185803757 0.1393205171875 0.4297312004175365 0.13838471875 0.42837931315240085 0.1963508484375 0.5000110334029227 0.197286646875 0.5013629185803757 0.1393205171875
4 0.4633340605427975 0.116773534375 0.40770130480167016 0.1160467453125 0.40672388308977037 0.1579565296875 0.46235664091858036 0.1586833171875 0.4633340605427975 0.116773534375
4 0.4349146346555323 0.087682590625 0.36655542797494783 0.08678954375 0.365324133611691 0.1395849859375 0.4336833382045929 0.1404780328125 0.4349146346555323 0.087682590625
4 0.42175148851774535 0.036060221875 0.3592100897703549 0.0352431796875 0.3579089770354906 0.0910321765625 0.4204503778705637 0.09184921874999999 0.42175148851774535 0.036060221875
4 0.4405968058455115 0 0.4397312839248434 0.0371117828125 0.5171808100208769 0.038123585937499996 0.5180662004175365 0.000159853125 0.5058300751565762 0 0.4405968058455115 0
4 0.541207083507307 0.13861603281249998 0.5048458016701461 0.1381410078125 0.5041032171189979 0.1699815578125 0.540464496868476 0.1704565828125 0.541207083507307 0.13861603281249998
4 0.5829913277661795 0.171692715625 0.5313583089770355 0.17101818124999998 0.5304316638830897 0.2107508328125 0.5820646826722339 0.21142536875 0.5829913277661795 0.171692715625
3 0.6550255657620042 0.124177834375 0.5884844258872652 0.12330853906250001 0.5872404363256785 0.1766482640625 0.6537815782881002 0.177517559375 0.6550255657620042 0.124177834375
5 0.6142691064718162 0.070425528125 0.5619088622129436 0.0697414921875 0.5608362379958246 0.11573339687499999 0.6131964822546973 0.11641743281250001 0.6142691064718162 0.070425528125
5 0.7667565657620041 0.0432896203125 0.7676863841336117 0.003420896875 0.6887824070981211 0.00239009375 0.6878525887265136 0.042258815625 0.7667565657620041 0.0432896203125
5 0.7933692881002088 0.08746541249999999 0.7213739540709811 0.0865248640625 0.7200220688935283 0.14449099375000002 0.792017400835073 0.1454315421875 0.7933692881002088 0.08746541249999999
4 0.7212249916492693 0.2020821625 0.657229139874739 0.20124611875 0.6560613131524009 0.2513201453125 0.7200571649269311 0.25215618906250004 0.7212249916492693 0.2020821625
4 0.6381240146137788 0.1782657953125 0.5748553862212944 0.1774392515625 0.5737764154488518 0.22370329843749998 0.6370450438413361 0.22452984062499998 0.6381240146137788 0.1782657953125