1 0.07093253958333333 0.588665675 0.005125660416666666 0.588665675 0.005125660416666666 0.6419890875 0.07093253958333333 0.6419890875 0.07093253958333333 0.588665675
1 0.053902116666666666 0.5486111109375 0.00694444375 0.5486111109375 0.00694444375 0.591021825 0.053902116666666666 0.591021825 0.053902116666666666 0.5486111109375
1 0.19097222291666668 0.27938988125 0.15062830624999998 0.27938988125 0.15062830624999998 0.3069196421875 0.19097222291666668 0.3069196421875 0.19097222291666668 0.27938988125
1 0.15195105833333333 0.31063988125 0.10830026458333333 0.31063988125 0.10830026458333333 0.32626488125 0.15195105833333333 0.32626488125 0.15195105833333333 0.31063988125
1 0.12070105833333335 0.3008432546875 0.08465608541666667 0.3008432546875 0.08465608541666667 0.32142857187499996 0.12070105833333335 0.32142857187499996 0.12070105833333335 0.3008432546875
1 0.6089616395833333 0.21676587343749998 0.5643187833333333 0.21676587343749998 0.5643187833333333 0.24826388906250002 0.6089616395833333 0.24826388906250002 0.6089616395833333 0.21676587343749998
1 0.5912698416666667 0.2353670640625 0.53670635 0.2353670640625 0.53670635 0.2738095234375 0.5912698416666667 0.2738095234375 0.5912698416666667 0.2353670640625
1 0.5487764541666666 0.20250496093749998 0.51901455 0.20250496093749998 0.51901455 0.2253224203125 0.5487764541666666 0.2253224203125 0.5487764541666666 0.20250496093749998
1 0.5292658729166667 0.21019345312499998 0.47767857083333337 0.21019345312499998 0.47767857083333337 0.24937996093749998 0.5292658729166667 0.24937996093749998 0.5292658729166667 0.21019345312499998
1 0.49437830625 0.2531001984375 0.4398148145833333 0.2531001984375 0.4398148145833333 0.2932787703125 0.49437830625 0.2932787703125 0.49437830625 0.2531001984375
1 0.6445105812499999 0.508060515625 0.6001984125 0.508060515625 0.6001984125 0.54501488125 0.6445105812499999 0.54501488125 0.6445105812499999 0.508060515625
1 0.66964285625 0.454737103125 0.64318783125 0.454737103125 0.64318783125 0.47433035781250005 0.66964285625 0.47433035781250005 0.66964285625 0.454737103125
1 0.6301256604166666 0.445064484375 0.5696097874999999 0.445064484375 0.5696097874999999 0.494667659375 0.6301256604166666 0.494667659375 0.6301256604166666 0.445064484375
1 0.6018518520833334 0.49925595312500004 0.5152116395833334 0.49925595312500004 0.5152116395833334 0.565972221875 0.6018518520833334 0.565972221875 0.6018518520833334 0.49925595312500004
1 0.5492724875 0.55419146875 0.48379629583333333 0.55419146875 0.48379629583333333 0.604290675 0.5492724875 0.604290675 0.5492724875 0.55419146875
1 0.47569444375000003 0.5405505953125 0.42774470833333333 0.5405505953125 0.42774470833333333 0.5757688484375 0.47569444375000003 0.5757688484375 0.47569444375000003 0.5405505953125
1 0.5173611104166667 0.4775545640625 0.41220238125 0.4775545640625 0.41220238125 0.557167659375 0.5173611104166667 0.557167659375 0.5173611104166667 0.4775545640625