5 0.50608974375 0.40084134687499995 0.325 0.40084134687499995 0.325 0.539302884375 0.50608974375 0.539302884375 0.50608974375 0.40084134687499995
5 0.6522435895833334 0.4868990390625 0.4342948708333333 0.4868990390625 0.4342948708333333 0.6332932687499999 0.6522435895833334 0.6332932687499999 0.6522435895833334 0.4868990390625
3 0.30576923125 0.666947115625 0.23525641041666667 0.666947115625 0.23525641041666667 0.71358173125 0.30576923125 0.71358173125 0.30576923125 0.666947115625
4 0.4046474354166667 0.614903846875 0.28830128125 0.614903846875 0.28830128125 0.7052884609375 0.4046474354166667 0.7052884609375 0.4046474354166667 0.614903846875
4 0.5078525645833333 0.6061298078124999 0.3774038458333333 0.6061298078124999 0.3774038458333333 0.6974759609375 0.5078525645833333 0.6974759609375 0.5078525645833333 0.6061298078124999
4 0.38125 0.702884615625 0.3296474354166667 0.702884615625 0.3296474354166667 0.7447115390625 0.38125 0.7447115390625 0.38125 0.702884615625
4 0.5472756416666668 0.6816105765625 0.49567307708333336 0.6816105765625 0.49567307708333336 0.7155048078124999 0.5472756416666668 0.7155048078124999 0.5472756416666668 0.6816105765625
4 0.5206730770833333 0.693509615625 0.4046474354166667 0.693509615625 0.4046474354166667 0.7425480765625 0.5206730770833333 0.7425480765625 0.5206730770833333 0.693509615625
4 0.6096153854166667 0.7237980765625001 0.5336538458333333 0.7237980765625001 0.5336538458333333 0.777403846875 0.6096153854166667 0.777403846875 0.6096153854166667 0.7237980765625001
4 0.6623397437499999 0.798677884375 0.6081730770833332 0.798677884375 0.6081730770833332 0.83858173125 0.6623397437499999 0.83858173125 0.6623397437499999 0.798677884375
4 0.33717948750000004 0.7209134609375 0.28557692291666664 0.7209134609375 0.28557692291666664 0.7675480765625 0.33717948750000004 0.7675480765625 0.33717948750000004 0.7209134609375
4 0.5503205125 0.770072115625 0.49166666666666664 0.770072115625 0.49166666666666664 0.8104567312500001 0.5503205125 0.8104567312500001 0.5503205125 0.770072115625
4 0.6157051291666666 0.80889423125 0.5336538458333333 0.80889423125 0.5336538458333333 0.8737980765625 0.6157051291666666 0.8737980765625 0.6157051291666666 0.80889423125
4 0.3403846145833333 0.768990384375 0.2897435895833333 0.768990384375 0.2897435895833333 0.809615384375 0.3403846145833333 0.809615384375 0.3403846145833333 0.768990384375
4 0.31698717916666663 0.8013221156249999 0.28205128125 0.8013221156249999 0.28205128125 0.83329326875 0.31698717916666663 0.83329326875 0.31698717916666663 0.8013221156249999