4 0.6895795198329854 0 0.6977414321503131 0.0287390875 0.8695687912317328 0.0014038796875 0.8691700897703549 0 0.6895795198329854 0
4 0.6028167181628392 0 0.6250762025052192 0.0783783453125 0.7707909624217119 0.05519726874999999 0.7551149144050104 0 0.6028167181628392 0
4 0.512124853862213 0.0929428046875 0.6252794572025053 0.07494157031250001 0.604996496868476 0.0035228015624999996 0.4918418935281837 0.021524035937499998 0.512124853862213 0.0929428046875
4 0.5365238559498956 0.187159578125 0.7086735949895616 0.1597730859375 0.6676280104384134 0.0152465890625 0.4954782713987474 0.042633081249999996 0.5365238559498956 0.187159578125
4 0.5679933423799582 0.28491688437499996 0.7008129916492692 0.2637872296875 0.6727868747390396 0.1651038625 0.5399672254697285 0.1862335171875 0.5679933423799582 0.28491688437499996
4 0.7202629478079331 0.295493965625 0.8327727954070981 0.2775953015625 0.8087210417536534 0.1929061546875 0.6962111941544885 0.21080481718750002 0.7202629478079331 0.295493965625
4 0.6453574112734864 0.348515790625 0.738524592901879 0.3336942625 0.7183786784968684 0.2627580515625 0.6252114989561587 0.27757958125000004 0.6453574112734864 0.348515790625
3 0.49417887682672235 0.6306730296875 0.6260313924843424 0.6096972328125 0.5992386993736952 0.5153568984375 0.4673861816283925 0.5363326953125 0.49417887682672235 0.6306730296875
3 0.6300521983298539 0.6808029921875 0.8357292254697286 0.6480828 0.7933131711899791 0.4987307140625 0.5876361440501043 0.53145090625 0.6300521983298539 0.6808029921875
3 0.3426563027139875 0.724758190625 0.4732193048016701 0.7039875359375001 0.44162996450939457 0.592757628125 0.3110669624217119 0.6135282828124999 0.3426563027139875 0.724758190625
4 0.39335898121085594 0.75439315625 0.45428838204592903 0.7447001828125 0.44243381419624217 0.702958809375 0.3815044133611691 0.7126517812500001 0.39335898121085594 0.75439315625
3 0.4798580271398747 0.783124878125 0.6697385448851774 0.752917678125 0.6249241670146138 0.5951208046875001 0.43504364926931105 0.6253280046875 0.4798580271398747 0.783124878125
3 0.5119999331941545 0.9568076984375 0.7434671837160752 0.9199846609375 0.6918004551148225 0.7380598218750001 0.4603332025052192 0.774882859375 0.5119999331941545 0.9568076984375