4 0.5689557416666666 0.6023000875 0.41594054375 0.60630764375 0.4212493291666667 0.720325446875 0.5742645270833333 0.716317890625 0.5689557416666666 0.6023000875
4 0.5695123041666666 0.5112082015625 0.43434337291666664 0.5147483546875 0.4388327604166667 0.6111677578125 0.5740016916666666 0.6076276046875 0.5695123041666666 0.5112082015625
4 0.7735566833333334 0.423472703125 0.6155841916666667 0.42761009375 0.6207198645833334 0.5379099234375 0.77869235625 0.5337725328125 0.7735566833333334 0.423472703125
4 0.5383736479166666 0.3967501484375 0.39659498958333333 0.4004634125 0.4013498145833333 0.5025837046875 0.5431284729166667 0.498870440625 0.5383736479166666 0.3967501484375
4 0.7396041666666666 0.291220315625 0.5842755645833333 0.2952884609375 0.5892496666666667 0.4021181859375 0.74457826875 0.398050040625 0.7396041666666666 0.291220315625
3 0.8658001166666666 0.2122242203125 0.81358326875 0.2135918109375 0.8153028520833333 0.25052366406250004 0.8675197020833333 0.249156075 0.8658001166666666 0.2122242203125
4 0.8366008520833332 0.1891649296875 0.7956205416666666 0.190238228125 0.797028525 0.22047773125 0.8380088354166666 0.21940443437499998 0.8366008520833332 0.1891649296875
5 0.7849516041666666 0.2062762609375 0.7446322666666667 0.20733224843750003 0.7462249020833334 0.2415375890625 0.7865442395833333 0.24048160156249998 0.7849516041666666 0.2062762609375
5 0.7680023666666667 0.1620501015625 0.7204123270833332 0.1632965125 0.72232810625 0.20444206875 0.7699181458333333 0.20319565781249999 0.7680023666666667 0.1620501015625
4 0.6720296479166666 0.183052128125 0.6383200354166667 0.183935003125 0.6395779875 0.21095226406249998 0.6732876 0.21006939062500002 0.6720296479166666 0.183052128125
4 0.6496877208333333 0.19356395937499998 0.6239097833333334 0.1942390984375 0.6249369166666666 0.2162990640625 0.65071485625 0.215623925 0.6496877208333333 0.19356395937499998
4 0.6496824854166667 0.24319750468749998 0.5445878145833334 0.2459499953125 0.5481770145833333 0.3230359453125 0.6532716854166666 0.32028345625 0.6496824854166667 0.24319750468749998
4 0.5463504104166667 0.258932603125 0.4405947666666667 0.2617024046875 0.44454173333333336 0.3464721609375 0.5502973770833334 0.3437023609375 0.5463504104166667 0.258932603125
4 0.5063898979166667 0.32810104687499997 0.37849166458333333 0.33145077500000003 0.38270407083333335 0.42192142343750005 0.5106023041666666 0.41857169375 0.5063898979166667 0.32810104687499997