5 0.3339495791666666 0 0.29882771041666667 0.187428821875 0.5251260833333333 0.21128194374999998 0.5610910916666667 0.019353699999999998 0.37747945 0 0.3339495791666666 0
4 0.46101846874999997 0.24135211406249998 0.6532870104166667 0.2616183015625 0.6831781395833333 0.1021034703125 0.49090959791666666 0.081837284375 0.46101846874999997 0.24135211406249998
4 0.27733921041666665 0.289139615625 0.4539540333333333 0.3077558125 0.47810606666666666 0.178867828125 0.30149124375 0.1602516328125 0.27733921041666665 0.289139615625
4 0.38720311874999996 0.355635771875 0.45288069166666667 0.3625585578125 0.46244585416666667 0.3115138109375 0.39676828125 0.304591025 0.38720311874999996 0.355635771875
4 0.33710380833333337 0.46187850468749997 0.47492462083333337 0.47640559375 0.4951549375 0.3684459578125 0.357334125 0.35391886875 0.33710380833333337 0.46187850468749997
3 0.4566000145833333 0.48345321406249997 0.58999695 0.4975140015625 0.6097011833333333 0.392361825 0.4763042458333333 0.3783010375 0.4566000145833333 0.48345321406249997
4 0.5735154687499999 0.5113926515625 0.6885362958333333 0.52351649375 0.70546663125 0.43316729374999996 0.5904458062500001 0.4210434515625 0.5735154687499999 0.5113926515625
4 0.43014135416666666 0.5005745828125 0.5158965270833333 0.5096136609374999 0.5251747333333333 0.46010025781249997 0.4394195604166667 0.4510611796875 0.43014135416666666 0.5005745828125
4 0.35898955833333335 0.5395320578125 0.42092385000000004 0.5460602796875 0.4307759666666667 0.493484190625 0.368841675 0.48695596874999997 0.35898955833333335 0.5395320578125
4 0.47277333958333334 0.5925172203125 0.5772449187500001 0.6035291125 0.5937448229166667 0.5154769265625 0.48927324375 0.504465034375 0.47277333958333334 0.5925172203125
4 0.6350625437499999 0.550543296875 0.6850863958333334 0.5558160921875 0.691255925 0.52289223125 0.6412320729166667 0.5176194359374999 0.6350625437499999 0.550543296875
4 0.55114401875 0.6585567250000001 0.6617409666666667 0.6702142656250001 0.6765191416666667 0.5913501328125 0.5659221916666667 0.5796925921875 0.55114401875 0.6585567250000001
4 0.4335139145833333 0.6835058546874999 0.5386660916666667 0.694589484375 0.5549268666666667 0.6078134171875 0.44977468958333333 0.5967297859375 0.4335139145833333 0.6835058546874999
4 0.5209457395833333 0.708597815625 0.634605375 0.72057818125 0.65048354375 0.6358439031249999 0.5368239083333334 0.6238635375 0.5209457395833333 0.708597815625
4 0.40709475625 0.818010828125 0.49999619375000004 0.8278031625000001 0.5143439375 0.75123604375 0.4214425 0.741443709375 0.40709475625 0.818010828125
4 0.49318932083333333 0.7946827078124999 0.5997026916666666 0.805909815625 0.6155808583333333 0.7211755375 0.5090674895833334 0.7099484296874999 0.49318932083333333 0.7946827078124999
3 0.5901476666666666 0.8041218671875001 0.6718192604166667 0.8127305125 0.6861191770833333 0.7364186187499999 0.6044475833333334 0.7278099734375 0.5901476666666666 0.8041218671875001
3 0.5500319979166667 0.8450494000000001 0.6521214895833333 0.8558102062499999 0.66350403125 0.7950669593749999 0.5614145395833333 0.784306153125 0.5500319979166667 0.8450494000000001
5 0.5956089666666667 0.882386575 0.6670716083333333 0.8899191390625001 0.6783106750000001 0.8299415625 0.60684803125 0.822408996875 0.5956089666666667 0.882386575
5 0.5546637125 0.89811110625 0.6182994958333333 0.9048186765624999 0.6286298708333333 0.8496903515625001 0.5649940875 0.8429827812499999 0.5546637125 0.89811110625
3 0.4699110291666667 0.91520418125 0.56791694375 0.9255345546875 0.5835559812500001 0.842076396875 0.48555006875 0.831746021875 0.4699110291666667 0.91520418125
5 0.5062842979166666 0.97850864375 0.5944215604166666 0.98779880625 0.6085301729166667 0.91250780625 0.5203929104166667 0.90321764375 0.5062842979166666 0.97850864375
3 0 0.9522109734375 0.01757637291666667 0.954063621875 0.021569829166666665 0.932752440625 0 0.9304788593750001 0 0.9522109734375
3 0.07330896458333333 0.9427606718750001 0.0701524625 0.9596054374999999 0.1351494375 0.966456484375 0.13830593958333331 0.94961171875 0.07330896458333333 0.9427606718750001