3 0.8063068517745302 0.9602251671875001 0.7986067118997913 0.9352625531250001 0.6560267181628393 0.9598990093750001 0.6637268580375782 0.9848616218749999 0.8063068517745302 0.9602251671875001
3 0.42562433194154486 0.9367812921875001 0.6238453006263047 0.9025306093750001 0.5772795260960334 0.7515718671875 0.3790585574112735 0.78582255 0.42562433194154486 0.9367812921875001
3 0.6200053423799582 0.8253116421875 0.8128518997912317 0.79198960625 0.767891841336117 0.6462363375 0.575045286012526 0.6795583734374999 0.6200053423799582 0.8253116421875
3 0.4646424363256785 0.7275449015625 0.6173389728601253 0.7011604046875 0.5798235991649269 0.5795416062500001 0.4271270647181628 0.6059261031250001 0.4646424363256785 0.7275449015625
4 0.4344719248434238 0.609766071875 0.571045223382046 0.5861675156249999 0.5372521920668059 0.4766159515625 0.4006788935281837 0.5002145078125 0.4344719248434238 0.609766071875
4 0.5774221419624218 0.62843060625 0.72853796868476 0.602319240625 0.6932851962421712 0.48803542968749997 0.542169369519833 0.5141467953125 0.5774221419624218 0.62843060625
3 0.7785109478079332 0.3859562515625 0.8774633590814197 0.3688582234375 0.8546913820459291 0.2950351390625 0.7557389707724426 0.3121331671875 0.7785109478079332 0.3859562515625
3 0.8367017912317327 0.3473652921875 0.9476675970772442 0.328191465625 0.9252605553235909 0.2555514421875 0.8142947494780793 0.2747252703125 0.8367017912317327 0.3473652921875
3 0.9190515678496869 0.1949413765625 0.8444420814196242 0.20783318125 0.8712283486430062 0.29466994999999996 0.9458378371607516 0.2817781453125 0.9190515678496869 0.1949413765625
5 0.74983178914405 0.2341498890625 0.868068860125261 0.21371965624999997 0.8427423340292276 0.13161513593750002 0.7245052630480168 0.15204536875000002 0.74983178914405 0.2341498890625
4 0.4735849728601253 0.38194609375 0.6120551231732776 0.3580197796875 0.5787730020876827 0.250124503125 0.44030285177453027 0.2740508171875 0.4735849728601253 0.38194609375
4 0.35012424217119 0.3449605265625 0.4582447703549061 0.3262783359375 0.4322613611691023 0.2420443046875 0.32414083089770357 0.26072649531250003 0.35012424217119 0.3449605265625
4 0.41148128183716076 0.247005634375 0.5148596826722338 0.22914283750000003 0.488292375782881 0.14301590625 0.38491397494780794 0.16087870312500002 0.41148128183716076 0.247005634375