3 0.7801856075156577 0.5632857515625 0.5144952025052192 0.559814765625 0.5097216576200417 0.7644946125 0.7754120626304801 0.7679655984375 0.7801856075156577 0.5632857515625
3 0.7001018872651357 0.4629043484375 0.4642570459290188 0.45982326562500003 0.46067830271398746 0.6132724515625 0.6965231440501044 0.616353534375 0.7001018872651357 0.4629043484375
5 0.47600743215031316 0.5125588453125001 0.3322945511482255 0.5106813765625 0.32954820668058454 0.628439059375 0.4732610876826722 0.630316528125 0.47600743215031316 0.5125588453125001
3 0.4446339123173278 0.41767126093750007 0.24350076200417536 0.41504365156249995 0.24048827557411273 0.544212903125 0.44162142588726516 0.5468405109375001 0.4446339123173278 0.41767126093750007
5 0.590510630480167 0.285025178125 0.369912981210856 0.28214328593750004 0.3660227974947808 0.448946434375 0.5866204467640919 0.45182832812499996 0.590510630480167 0.285025178125
5 0.6386710229645094 0.23756543125000001 0.4511630229645094 0.23511582187500002 0.44830342588726513 0.3577294890625 0.6358114258872651 0.3601790984375 0.6386710229645094 0.23756543125000001
4 0.6689620041753653 0.2745135875 0.5872111106471816 0.2734455921875 0.5848328329853862 0.37542131562500003 0.66658372651357 0.3764893109375 0.6689620041753653 0.2745135875
3 0.710884121085595 0.1745117046875 0.6495709498956158 0.1737107078125 0.6481609707724426 0.2341677453125 0.7094741419624218 0.23496874218750002 0.710884121085595 0.1745117046875
5 1 0.086118296875 0.9605566033402922 0.08560300781249999 0.9580877244258872 0.191463521875 1 0.1920110640625 1 0.086118296875
4 0.7681922442588727 0.1174565296875 0.7708508204592902 0.0034622374999999997 0.6018340918580376 0.0012541984375 0.5991755177453026 0.115248490625 0.7681922442588727 0.1174565296875
4 0.8530961670146138 0.0946426953125 0.855196981210856 0.0045641375 0.7390588079331941 0.00304690625 0.7369579958246346 0.0931254625 0.8530961670146138 0.0946426953125