3 0.5049603166666666 0.3554067453125 0.40178571458333334 0.3554067453125 0.40178571458333334 0.4456845234375 0.5049603166666666 0.4456845234375 0.5049603166666666 0.3554067453125
3 0.34424603125 0.33407738125 0.24570105833333333 0.33407738125 0.24570105833333333 0.4072420640625 0.34424603125 0.4072420640625 0.34424603125 0.33407738125
5 0.2514880958333333 0.289310515625 0.14632936458333334 0.289310515625 0.14632936458333334 0.3671875 0.2514880958333333 0.3671875 0.2514880958333333 0.289310515625
5 0.3053902125 0.45758928593750003 0.20453042291666668 0.45758928593750003 0.20453042291666668 0.531498015625 0.3053902125 0.531498015625 0.3053902125 0.45758928593750003
4 0.4651124333333333 0.31572420625 0.3801256604166667 0.31572420625 0.3801256604166667 0.360119046875 0.4651124333333333 0.360119046875 0.4651124333333333 0.31572420625
4 0.34358465625 0.41604662656249997 0.28009259166666667 0.41604662656249997 0.28009259166666667 0.463665675 0.34358465625 0.463665675 0.34358465625 0.41604662656249997
4 0.4165013229166667 0.4716021828125 0.3225859791666667 0.4716021828125 0.3225859791666667 0.5499751984375 0.4165013229166667 0.5499751984375 0.4165013229166667 0.4716021828125
4 0.3343253958333333 0.5244295640625001 0.2625661375 0.5244295640625001 0.2625661375 0.5794890875 0.3343253958333333 0.5794890875 0.3343253958333333 0.5244295640625001
5 0.6036706354166667 0.2232142859375 0.48330026458333336 0.2232142859375 0.48330026458333336 0.32366071406249997 0.6036706354166667 0.32366071406249997 0.6036706354166667 0.2232142859375
5 0.74454365 0.31919642812500004 0.6301256604166666 0.31919642812500004 0.6301256604166666 0.40029761875 0.74454365 0.40029761875 0.74454365 0.31919642812500004
5 0.7698412708333334 0.2377232140625 0.6600529104166667 0.2377232140625 0.6600529104166667 0.29774305624999997 0.7698412708333334 0.29774305624999997 0.7698412708333334 0.2377232140625
4 0.77579365 0.1783234125 0.6987433854166666 0.1783234125 0.6987433854166666 0.24255952343749998 0.77579365 0.24255952343749998 0.77579365 0.1783234125
4 0.7323082020833334 0.39012896874999997 0.6529431208333333 0.39012896874999997 0.6529431208333333 0.435019840625 0.7323082020833334 0.435019840625 0.7323082020833334 0.39012896874999997
4 0.7523148145833333 0.41865079375 0.7023809520833333 0.41865079375 0.7023809520833333 0.4583333328125 0.7523148145833333 0.4583333328125 0.7523148145833333 0.41865079375
4 0.62483465625 0.35478670625 0.5408399479166667 0.35478670625 0.5408399479166667 0.4187748015625 0.62483465625 0.4187748015625 0.62483465625 0.35478670625
4 0.6390542333333333 0.42398313437499996 0.5104166666666666 0.42398313437499996 0.5104166666666666 0.5217013890625 0.6390542333333333 0.5217013890625 0.6390542333333333 0.42398313437499996
4 0.4059193125 0.29501488125 0.3301917979166667 0.29501488125 0.3301917979166667 0.3461061515625 0.4059193125 0.3461061515625 0.4059193125 0.29501488125
4 0.5292658729166667 0.47594246093750003 0.43931878333333335 0.47594246093750003 0.43931878333333335 0.5401785718750001 0.5292658729166667 0.5401785718750001 0.5292658729166667 0.47594246093750003
4 0.53670635 0.5586557546875001 0.45337301666666663 0.5586557546875001 0.45337301666666663 0.6154513890625 0.53670635 0.6154513890625 0.53670635 0.5586557546875001
4 0.8667328041666666 0.37686011875 0.8009259249999999 0.37686011875 0.8009259249999999 0.42274305625 0.8667328041666666 0.42274305625 0.8667328041666666 0.37686011875
4 0.39417989374999995 0.5842013890625 0.313161375 0.5842013890625 0.313161375 0.6124751984375 0.39417989374999995 0.6124751984375 0.39417989374999995 0.5842013890625
4 0.5203373020833334 0.6116071421875 0.42509920625 0.6116071421875 0.42509920625 0.681299603125 0.5203373020833334 0.681299603125 0.5203373020833334 0.6116071421875
4 0.5573743395833334 0.689112103125 0.49917328125 0.689112103125 0.49917328125 0.7367311515625 0.5573743395833334 0.7367311515625 0.5573743395833334 0.689112103125
4 0.41054894166666667 0.7072172625 0.35598545000000004 0.7072172625 0.35598545000000004 0.7538442453124999 0.41054894166666667 0.7538442453124999 0.41054894166666667 0.7072172625
4 0.3525132270833333 0.690972221875 0.2602513229166667 0.690972221875 0.2602513229166667 0.7740575390625 0.3525132270833333 0.7740575390625 0.3525132270833333 0.690972221875
4 0.32490079375 0.76748511875 0.2637235458333333 0.76748511875 0.2637235458333333 0.823784721875 0.32490079375 0.823784721875 0.32490079375 0.76748511875
4 0.5233134916666666 0.8211805562500001 0.4303902125 0.8211805562500001 0.4303902125 0.906498015625 0.5233134916666666 0.906498015625 0.5233134916666666 0.8211805562500001
4 0.7516534395833333 0.7291666671875 0.6911375666666667 0.7291666671875 0.6911375666666667 0.7740575390625 0.7516534395833333 0.7740575390625 0.7516534395833333 0.7291666671875
4 0.79332010625 0.794766865625 0.70535714375 0.794766865625 0.70535714375 0.8714037703124999 0.79332010625 0.8714037703124999 0.79332010625 0.794766865625
4 0.8702050270833334 0.6402529765625 0.7670304229166667 0.6402529765625 0.7670304229166667 0.720858134375 0.8702050270833334 0.720858134375 0.8702050270833334 0.6402529765625