5 0.7068045666666667 0.9077814171874999 0.7762597854166666 0.911424003125 0.78134305 0.8569034578125001 0.71188783125 0.8532608703125 0.7068045666666667 0.9077814171874999
4 0.7604318520833334 0.9396148171875 0.8284475833333332 0.943181909375 0.83393348125 0.8843429031250001 0.76591775 0.8807758109374999 0.7604318520833334 0.9396148171875
3 0.8060800312499999 0.9076990734375 0.8780543479166667 0.9114737734375 0.8834144229166667 0.8539842875 0.81144010625 0.8502095859375001 0.8060800312499999 0.9076990734375
4 0.18995355208333334 0.9008812578125 0.38140523958333333 0.9109219609375 0.394843175 0.766793390625 0.2033914875 0.7567526859375 0.18995355208333334 0.9008812578125
4 0.28812283541666667 0.868058471875 0.2767987333333333 0.9895151343749999 0.4473778666666667 0.9984611749999999 0.4587019708333333 0.8770045140624999 0.28812283541666667 0.868058471875
4 0.5900787458333333 1 0.5985612625000001 0.9090207843749999 0.45389288333333333 0.9014336359374999 0.4448587666666667 0.9983290609375001 0.47671949166666666 1 0.5900787458333333 1
4 0.46881390625 0.9469680390624999 0.66422418125 0.957216353125 0.6772594812499999 0.817406240625 0.48184920833333333 0.8071579281249999 0.46881390625 0.9469680390624999
4 0.41992242916666667 0.8216753062500001 0.6488007625000001 0.83367885625 0.6636982479166667 0.6738958703125 0.4348199166666667 0.661892321875 0.41992242916666667 0.8216753062500001
4 0.12706211458333333 0.7279326359375 0.33110930625 0.7386339140625 0.3454531708333333 0.5847888078125 0.14140597708333333 0.57408753125 0.12706211458333333 0.7279326359375
3 0.3990830875 0.643744690625 0.63443910625 0.6560879625 0.6509471333333334 0.47903114062499996 0.41559111249999997 0.46668786874999996 0.3990830875 0.643744690625
3 0.15970004791666667 0.5194461578125 0.34467404583333333 0.5291471390625 0.35866560416666665 0.3790806859375 0.17369160625 0.3693797046875 0.15970004791666667 0.5194461578125
4 0.8434312770833333 0.059101201562500004 0.8473569666666666 0.016996225 0.7563094541666667 0.012221228125 0.7523837645833333 0.054326204687500004 0.8434312770833333 0.059101201562500004
4 0.9119579520833334 0.0804602265625 0.9175319270833333 0.0206765578125 0.82612454375 0.0158826875 0.8205505687500001 0.07566635625 0.9119579520833334 0.0804602265625
4 0.8038922833333333 0.132156471875 0.8884621083333334 0.1365917453125 0.8941996541666666 0.07505370312500001 0.8096298291666667 0.0706184296875 0.8038922833333333 0.132156471875
4 0.7364277104166667 0.134313978125 0.805882925 0.1379565640625 0.8117211291666667 0.07533890625 0.7422659145833334 0.07169632031249999 0.7364277104166667 0.134313978125
4 0.7383619416666666 0.1892025578125 0.7833458895833334 0.1915617453125 0.7885046479166667 0.1362314875 0.7435206979166666 0.1338723 0.7383619416666666 0.1892025578125
4 0.6026447020833333 0.10112465 0.6771381229166666 0.10503146562500001 0.6825485270833334 0.047002171875 0.6080551062499999 0.04309535625 0.6026447020833333 0.10112465
4 0.5935927354166667 0.1439100609375 0.6403760416666666 0.146363615625 0.6445282124999999 0.10182950625000001 0.59774490625 0.09937595 0.5935927354166667 0.1439100609375
4 0.67130443125 0.0473617546875 0.674978475 0.007955815625 0.6263958083333333 0.0054078921875 0.6227217666666667 0.044813831250000005 0.67130443125 0.0473617546875
4 0.6183334166666667 0.1772119546875 0.6741135125 0.1801373484375 0.6784418375 0.1337139125 0.6226617395833334 0.1307885203125 0.6183334166666667 0.1772119546875