1 0.8347276033402923 0.22659157031250002 0.9401766680584551 0.23349635468750002 0.9496466534446764 0.15248366875 0.8441975866388309 0.14557888593749999 0.8347276033402923 0.22659157031250002
2 1 0.178690640625 0.9265625553235908 0.173881971875 0.9179173757828809 0.24783871406250002 1 0.25321346718750004 1 0.178690640625
1 0.8717010647181628 0.283522215625 0.9785468079331942 0.290518453125 0.986550471816284 0.2220496671875 0.8797047286012526 0.215053428125 0.8717010647181628 0.283522215625
1 0.06322970772442589 0.027160059375 0.05343769519832985 0.026518879687500004 0.044456484342379955 0.103350265625 0.054248496868475986 0.1039914453125 0.06322970772442589 0.027160059375
2 0.07724253027139875 0.18870985625 0.17047068058455114 0.1948144171875 0.1776189916492693 0.1336629046875 0.0843908413361169 0.12755834531250002 0.07724253027139875 0.18870985625
2 0.3233890939457203 0.33741491562500003 0.6013276931106472 0.355614278125 0.6253081377870564 0.1504692515625 0.34736953862212944 0.13226988906249998 0.3233890939457203 0.33741491562500003
1 0.07916976826722338 0.3513116125 0.31311306054279747 0.366630171875 0.3329389311064718 0.1970261953125 0.09899563883089771 0.1817076359375 0.07916976826722338 0.3513116125
0 0.7539919081419625 0.71860663125 0.8562984530271399 0.7253056421874999 0.862499764091858 0.6722554 0.7601932212943632 0.6655563890625 0.7539919081419625 0.71860663125
0 0.3125494196242171 0.6167582296874999 0.4756113862212944 0.62743549375 0.4898774613778706 0.505393803125 0.32681549269311067 0.4947165390625 0.3125494196242171 0.6167582296874999
0 0.291985878914405 0.6376632484375 0.4190834279749478 0.6459855703125 0.42928657411273485 0.558700934375 0.3021890229645094 0.5503786125000001 0.291985878914405 0.6376632484375
1 0.6275559728601252 0.5902484484375 0.7867770814196242 0.6006742140625 0.7989353194154488 0.4966643796875 0.6397142108559499 0.4862386140625 0.6275559728601252 0.5902484484375
1 0.5858328810020876 0.6160879 0.7055978768267224 0.6239300890624999 0.7164730855949896 0.530896165625 0.5967080876826723 0.523053978125 0.5858328810020876 0.6160879
2 0.8073448977035491 0.5737128499999999 0.8747345323590814 0.578125509375 0.8799582985386221 0.5334378671875 0.8125686638830898 0.5290252078125001 0.8073448977035491 0.5737128499999999
1 0.8620640939457203 0.5796658359375 0.9133919498956159 0.5830267734375 0.9177909102296451 0.545395075 0.8664630542797495 0.5420341375 0.8620640939457203 0.5796658359375
1 0.8821374384133612 0.46814266875 0.9254344050104384 0.4709777453125 0.9296195281837161 0.435175365625 0.8863225594989561 0.4323402890625 0.8821374384133612 0.46814266875
1 0.8268075114822547 0.0475341796875 0.8300609081419624 0.019702403125 0.68620324217119 0.01028263125 0.6829498434237996 0.038114409375000005 0.8268075114822547 0.0475341796875