0 0.3963344791666667 0.6634757 0.5616102104166667 0.6634757 0.5616102104166667 0.5412371140625 0.3963344791666667 0.5412371140625 0.3963344791666667 0.6634757
0 0.5225004083333333 0.72974963125 0.6809032895833333 0.72974963125 0.6809032895833333 0.6070201281250001 0.5225004083333333 0.6070201281250001 0.5225004083333333 0.72974963125
0 0.387170675 0.843397153125 0.5855015541666667 0.843397153125 0.5855015541666667 0.659302896875 0.387170675 0.659302896875 0.387170675 0.843397153125
0 0.5855015541666667 0.9628129609375 0.6863033875000001 0.9628129609375 0.6863033875000001 0.8705203734375001 0.5855015541666667 0.8705203734375001 0.5855015541666667 0.9628129609375
1 0.5002454583333333 0.90856651875 0.60792014375 0.90856651875 0.60792014375 0.804737359375 0.5002454583333333 0.804737359375 0.5002454583333333 0.90856651875
1 0.8078874166666666 0.922434953125 0.93323515 0.922434953125 0.93323515 0.82376043125 0.8078874166666666 0.82376043125 0.8078874166666666 0.922434953125
1 1 0.8284241531250001 0.93323515 0.8284241531250001 0.93323515 0.9450171828125 1 0.9450171828125 1 0.8284241531250001
1 0.8501063645833333 0.83873343125 0.9731631479166667 0.83873343125 0.9731631479166667 0.7292587140625 0.8501063645833333 0.7292587140625 0.8501063645833333 0.83873343125
1 1 0.7147766328125 0.8993618062500001 0.7147766328125 0.8993618062500001 0.7955326453125 1 0.7955326453125 1 0.7147766328125
1 0.85927016875 0.7320814921875 0.93323515 0.7320814921875 0.93323515 0.679062346875 0.85927016875 0.679062346875 0.85927016875 0.7320814921875
1 0.30633284166666663 0.4315169359375 0.5262641145833333 0.4315169359375 0.5262641145833333 0.30461462968749997 0.30633284166666663 0.30461462968749997 0.30633284166666663 0.4315169359375
1 0.3194239895833333 0.494968090625 0.4771723125 0.494968090625 0.4771723125 0.3975208640625 0.3194239895833333 0.3975208640625 0.3194239895833333 0.494968090625
1 0.37555228333333335 0.3524791359375 0.5241368020833334 0.3524791359375 0.5241368020833334 0.2515954828125 0.37555228333333335 0.2515954828125 0.37555228333333335 0.3524791359375
1 0.19947635416666668 0.36524300468750004 0.33562428333333333 0.36524300468750004 0.33562428333333333 0.2665684828125 0.19947635416666668 0.2665684828125 0.19947635416666668 0.36524300468750004