5 0.5607770145833334 0.6761902984375 0.2585098375 0.6643094359374999 0.24068352916666666 0.91941910625 0.54295070625 0.9312999703125 0.5607770145833334 0.6761902984375
5 0.6625565916666667 0.759753890625 0.9816589020833334 0.7722964734375 0.9999464083333333 0.510586665625 0.6808440979166667 0.4980440828125 0.6625565916666667 0.759753890625
4 0.88703596875 0.3090394140625 0.6234130770833333 0.2986774953125 0.6095370291666666 0.497255553125 0.8731599229166667 0.5076174703125 0.88703596875 0.3090394140625
4 0.6251009916666667 0.3541358453125 0.4138965833333333 0.34583427968749997 0.40246689166666666 0.5094029109375 0.6136713 0.5177044765625001 0.6251009916666667 0.3541358453125
4 0.7224741895833334 0.1795577625 0.5032348333333333 0.1709403765625 0.4914843083333333 0.33910040625 0.7107236645833334 0.3477177921875 0.7224741895833334 0.1795577625
4 0.5482955229166666 0.1135787609375 0.49090302083333337 0.11132290156249999 0.48799546666666666 0.152932465625 0.54538796875 0.155188325 0.5482955229166666 0.1135787609375
4 0.3732226416666667 0 0.3679128875 0.0759871 0.49302854166666665 0.080904875 0.49868193541666667 0 0.3732226416666667 0
4 0.48602090416666666 0 0.4801515395833333 0.08399561718750001 0.5960843937500001 0.0885524546875 0.6020398645833333 0.0033245890625 0.5174572791666666 0 0.48602090416666666 0
4 0.46167835833333337 0.060105584375 0.35607615416666666 0.0559548015625 0.35024099583333335 0.139460890625 0.4558432 0.1436116734375 0.46167835833333337 0.060105584375
3 0.070540375 0.271335234375 0.015443570833333333 0.269169609375 0.012696435416666667 0.30848347187499997 0.0677932375 0.3106490984375 0.070540375 0.271335234375
3 0.03552606458333333 0.25355718125000004 0.016586539583333334 0.252812746875 0.013739143749999998 0.293561421875 0.03267866875 0.29430585625 0.03552606458333333 0.25355718125000004
3 0.08679181875 0.239170434375 0.024425302083333333 0.2367190671875 0.02262061458333333 0.2625456921875 0.08498713125 0.2649970609375 0.08679181875 0.239170434375
4 0.6240333083333333 0.1497909 0.5739105229166667 0.1478207828125 0.5718451583333334 0.177377921875 0.6219679437500001 0.17934803906250002 0.6240333083333333 0.1497909