5 0.99919871875 0.139302884375 0.8450320520833333 0.139302884375 0.8450320520833333 0.27295673125 0.99919871875 0.27295673125 0.99919871875 0.139302884375
3 0.8222756416666667 0.263341346875 0.6149038458333334 0.263341346875 0.6149038458333334 0.4152644234375 0.8222756416666667 0.4152644234375 0.8222756416666667 0.263341346875
4 0.8333333333333334 0.43401442343749996 0.6935897437499999 0.43401442343749996 0.6935897437499999 0.5344951921875001 0.8333333333333334 0.5344951921875001 0.8333333333333334 0.43401442343749996
4 0.7203525645833333 0.5170673078125 0.6040064104166666 0.5170673078125 0.6040064104166666 0.609375 0.7203525645833333 0.609375 0.7203525645833333 0.5170673078125
4 0.8530448708333334 0.559134615625 0.7475961541666667 0.559134615625 0.7475961541666667 0.636778846875 0.8530448708333334 0.636778846875 0.8530448708333334 0.559134615625
4 0.936858975 0.6245192312500001 0.7663461541666667 0.6245192312500001 0.7663461541666667 0.7516826921875001 0.936858975 0.7516826921875001 0.936858975 0.6245192312500001
4 0.6323717958333333 0.9760817312500001 0.55608974375 0.9760817312500001 0.55608974375 0.9996394234375 0.6323717958333333 0.9996394234375 0.6323717958333333 0.9760817312500001
4 0.6474358979166667 0.7704326921875 0.5362179479166667 0.7704326921875 0.5362179479166667 0.8677884609375001 0.6474358979166667 0.8677884609375001 0.6474358979166667 0.7704326921875
4 0.9264423083333334 0.7677884609375 0.7674679479166666 0.7677884609375 0.7674679479166666 0.8862980765625 0.9264423083333334 0.8862980765625 0.9264423083333334 0.7677884609375
4 0.8198717958333333 0.8019230765625001 0.7128205125 0.8019230765625001 0.7128205125 0.896153846875 0.8198717958333333 0.896153846875 0.8198717958333333 0.8019230765625001
4 0.6131410249999999 0.6996394234375 0.5339743583333333 0.6996394234375 0.5339743583333333 0.7306490390625 0.6131410249999999 0.7306490390625 0.6131410249999999 0.6996394234375
4 0.5951923083333334 0.7284855765625 0.5589743583333333 0.7284855765625 0.5589743583333333 0.7441105765625 0.5951923083333334 0.7441105765625 0.5951923083333334 0.7284855765625
3 0.6644230770833333 0.5822115390625 0.4897435895833333 0.5822115390625 0.4897435895833333 0.7074519234375 0.6644230770833333 0.7074519234375 0.6644230770833333 0.5822115390625
3 0.6520833333333333 0.4756009609375 0.5065705125 0.4756009609375 0.5065705125 0.5873798078125 0.6520833333333333 0.5873798078125 0.6520833333333333 0.4756009609375
4 0.5091346145833333 0.5555288468749999 0.4177884625 0.5555288468749999 0.4177884625 0.59639423125 0.5091346145833333 0.59639423125 0.5091346145833333 0.5555288468749999
4 0.4850961541666667 0.62139423125 0.43766025625 0.62139423125 0.43766025625 0.659615384375 0.4850961541666667 0.659615384375 0.4850961541666667 0.62139423125
4 0.4464743583333333 0.6219951921875 0.38814102500000003 0.6219951921875 0.38814102500000003 0.6530048078124999 0.4464743583333333 0.6530048078124999 0.4464743583333333 0.6219951921875
5 0.45528846250000005 0.578365384375 0.3822115375 0.578365384375 0.3822115375 0.63173076875 0.45528846250000005 0.63173076875 0.45528846250000005 0.578365384375
3 0.5192307687500001 0.5076923078125 0.35608974375 0.5076923078125 0.35608974375 0.5769230765625 0.5192307687500001 0.5769230765625 0.5192307687500001 0.5076923078125
3 0.38862179583333334 0.5076923078125 0.3274038458333333 0.5076923078125 0.3274038458333333 0.568509615625 0.38862179583333334 0.568509615625 0.38862179583333334 0.5076923078125
3 0.56201923125 0.38365384687500004 0.33958333333333335 0.38365384687500004 0.33958333333333335 0.546153846875 0.56201923125 0.546153846875 0.56201923125 0.38365384687500004
4 0.5685897437499999 0.3853365390625 0.5019230770833334 0.3853365390625 0.5019230770833334 0.4264423078125 0.5685897437499999 0.4264423078125 0.5685897437499999 0.3853365390625
4 0.37980769166666667 0.39639423125 0.33237179583333337 0.39639423125 0.33237179583333337 0.44110576874999996 0.37980769166666667 0.44110576874999996 0.37980769166666667 0.39639423125
3 0.2711538458333333 0.4447115390625 0.21634615416666667 0.4447115390625 0.21634615416666667 0.4855769234375 0.2711538458333333 0.4855769234375 0.2711538458333333 0.4447115390625
3 0.32516025625 0.4706730765625 0.2703525645833333 0.4706730765625 0.2703525645833333 0.5103365390625 0.32516025625 0.5103365390625 0.32516025625 0.4706730765625
5 0.27948717916666665 0.48040865312500003 0.225641025 0.48040865312500003 0.225641025 0.5186298078125 0.27948717916666665 0.5186298078125 0.27948717916666665 0.48040865312500003
5 0.31698717916666663 0.509615384375 0.26666666666666666 0.509615384375 0.26666666666666666 0.5459134609375 0.31698717916666663 0.5459134609375 0.31698717916666663 0.509615384375
3 0.07740384583333333 0.28822115312499996 0.02772435833333333 0.28822115312499996 0.02772435833333333 0.32451923125 0.07740384583333333 0.32451923125 0.07740384583333333 0.28822115312499996
3 0.028365385416666666 0.30360576875 0.00016025625 0.30360576875 0.00016025625 0.3420673078125 0.028365385416666666 0.3420673078125 0.028365385416666666 0.30360576875
4 0.06522435833333333 0.3240384609375 0.02451923125 0.3240384609375 0.02451923125 0.35985576875 0.06522435833333333 0.35985576875 0.06522435833333333 0.3240384609375
4 0.09679487083333332 0.3640625 0.0634615375 0.3640625 0.0634615375 0.38858173125 0.09679487083333332 0.38858173125 0.09679487083333332 0.3640625
4 0.09230769166666668 0.3878605765625 0.06698717916666667 0.3878605765625 0.06698717916666667 0.40637019218750003 0.09230769166666668 0.40637019218750003 0.09230769166666668 0.3878605765625
4 0.10897435833333334 0.39014423125 0.07307692291666666 0.39014423125 0.07307692291666666 0.413221153125 0.10897435833333334 0.413221153125 0.10897435833333334 0.39014423125