4 0.08878010208333334 0 0.06400120208333333 0.1322332796875 0.12793230208333334 0.138971978125 0.15397395208333334 0 0.08878010208333334 0
4 0.1786649416666667 0.18001166562499998 0.3797538583333333 0.20120756874999998 0.41062789166666663 0.03644745 0.20953897500000002 0.015251546874999999 0.1786649416666667 0.18001166562499998
3 0.3871370333333333 0.196907640625 0.5973318645833333 0.2190633578125 0.6270861145833333 0.06027899531250001 0.41689128333333336 0.0381232765625 0.3871370333333333 0.196907640625
3 0.34686895208333335 0.328177375 0.5434049145833334 0.3488933703125 0.5694798729166667 0.20974363437500002 0.37294391250000003 0.1890276375 0.34686895208333335 0.328177375
3 0.5703514145833334 0.42601985000000003 0.7756138770833334 0.44765566874999996 0.8080876020833333 0.27435875625 0.6028251395833333 0.2527229390625 0.5703514145833334 0.42601985000000003
4 0.20511712708333332 0.398113684375 0.36371178333333337 0.414830453125 0.38637406875 0.2938925421875 0.2277794125 0.2771757734375 0.20511712708333332 0.398113684375
4 0.11290645833333332 0.294520821875 0.2548069416666667 0.30947793125 0.27970879583333336 0.1765885078125 0.13780831249999997 0.16163139843750002 0.11290645833333332 0.294520821875
5 0.4810959541666667 0.618432246875 0.6723201354166667 0.6385883515625 0.7010612458333333 0.485210625 0.5098370645833333 0.46505452031249994 0.4810959541666667 0.618432246875
4 0.2177586875 0.58254996875 0.36459153958333335 0.5980269765624999 0.38474764375 0.49046337500000003 0.23791479166666668 0.4749863671875 0.2177586875 0.58254996875
4 0.5199057875 0.6766416546875 0.6678768770833333 0.6922386406250001 0.6864866145833334 0.5929272734375 0.5385155229166667 0.5773302890625 0.5199057875 0.6766416546875
4 0.3862078020833334 0.6684978328125 0.4954787625 0.68001560625 0.5104625312500001 0.6000543046875 0.4011915729166667 0.58853653125 0.3862078020833334 0.6684978328125
4 0.43831247291666664 0.7331867453124999 0.567692325 0.7468241109375 0.58747516875 0.6412524281249999 0.45809531666666664 0.6276150640625 0.43831247291666664 0.7331867453124999
4 0.40607054791666664 0.77723275 0.50623559375 0.7877907093750001 0.5205261645833333 0.7115286859375 0.42036111875 0.7009707265625 0.40607054791666664 0.77723275
4 0.367603175 0.814238590625 0.4579034833333333 0.8237567515625001 0.4700611333333333 0.7588771203125 0.379760825 0.7493589593750001 0.367603175 0.814238590625
3 0 0.7660602875 0.009083481249999999 0.7670177375 0.019641441666666665 0.7106748984375 0 0.7086045796875 0 0.7660602875
5 0 0.79464305 0.035891564583333334 0.7984262234374999 0.04420995625 0.754034896875 0 0.74937491875 0 0.79464305
5 0 0.8272883390624999 0.01300884375 0.8286595437500001 0.023833416666666666 0.77089390625 0 0.7683817296875 0 0.8272883390624999