4 0.7132616041666666 0.95908403125 0.7688086999999999 0.958356846875 0.7678564354166666 0.917440459375 0.7123093395833333 0.91816764375 0.7132616041666666 0.95908403125
4 0.7596229916666667 0.9615777703124999 0.802275225 0.961019396875 0.8014383875 0.9250625734375 0.7587861520833333 0.9256209468750001 0.7596229916666667 0.9615777703124999
5 0.7717601374999999 0.9430629093749999 0.8236702208333334 0.9423833390624999 0.8227237270833334 0.9017149296875001 0.7708136458333333 0.9023945015624999 0.7717601374999999 0.9430629093749999
4 0.5169683020833333 0.8311775421875 0.5616043625 0.8305931984375 0.5607963791666666 0.795876265625 0.5161603208333333 0.796460609375 0.5169683020833333 0.8311775421875
4 0.5197209229166667 0.878395728125 0.5620425208333334 0.8778416828125 0.5612922520833333 0.84560453125 0.5189706541666667 0.8461585765624999 0.5197209229166667 0.878395728125
4 0.53252413125 0.47638119999999995 0.5688942499999999 0.47590506875000005 0.5683228916666666 0.4513552359375 0.5319527708333334 0.4518313671875 0.53252413125 0.47638119999999995
4 0.5755626645833334 0.47110475 0.6116021479166667 0.470632946875 0.6109730770833333 0.443603334375 0.57493359375 0.44407513749999994 0.5755626645833334 0.47110475
4 0.58362614375 0.4907194546875 0.6242945541666667 0.490187053125 0.6235962270833333 0.46018170312500006 0.5829278166666667 0.4607141046875 0.58362614375 0.4907194546875
4 0.5645344437500001 0.5301618671874999 0.6009045645833333 0.529685734375 0.60022355 0.50042431875 0.56385343125 0.5009004515625 0.5645344437500001 0.5301618671874999
4 0.6138856208333333 0.5119039875 0.6515782916666667 0.511410540625 0.6509261354166667 0.483389015625 0.6132334645833333 0.4838824625 0.6138856208333333 0.5119039875
4 0.62963464375 0.485156071875 0.6739400666666667 0.48457605625 0.6732417395833333 0.4545707046875 0.6289363166666667 0.45515072031250003 0.62963464375 0.485156071875
4 0.5756379812500001 0.545395834375 0.6070485416666667 0.5449846296875 0.6065118104166667 0.521922665625 0.57510125 0.5223338703125 0.5756379812500001 0.545395834375