5 0.2104309853862213 0 0.1982108350730689 0.104539475 0.4837855365344468 0.123238846875 0.4981915532359082 0 0.2104309853862213 0
4 0.1074290751565762 0.2443968703125 0.29086134237995825 0.2564079765625 0.30783722964509397 0.1111846921875 0.1244049624217119 0.099173584375 0.1074290751565762 0.2443968703125
4 0.5181244739039667 0.46013839218749997 0.6941346263048016 0.4716635 0.7149756972860125 0.29337480625 0.5389655448851774 0.281849696875 0.5181244739039667 0.46013839218749997
4 0.263223872651357 0.4730343828125 0.42438979540709815 0.48358749375 0.43814984968684756 0.3658746328125 0.27698392693110646 0.3553215203125 0.263223872651357 0.4730343828125
4 0.34636330271398746 0.5249909640625 0.47854763256784966 0.5336463671875 0.4881023674321503 0.45190867187499995 0.35591803757828805 0.44325326875000004 0.34636330271398746 0.5249909640625
4 0.5742426221294363 0.5741638765625 0.6922895908141963 0.5818935671875 0.7002673319415449 0.5136465593749999 0.5822203611691024 0.50591686875 0.5742426221294363 0.5741638765625
4 0.3204785866388309 0.6641666671875 0.5689427139874739 0.6804360484374999 0.5906805093945721 0.4944761765625 0.3422163799582464 0.4782067953125 0.3204785866388309 0.6641666671875
4 0.5166411252609604 0.6784773640624999 0.6848757286012526 0.68949333125 0.701449636743215 0.54770885 0.5332150334029228 0.5366928828125 0.5166411252609604 0.6784773640624999
4 0.6652731148225469 0.6698179421875 0.7165210521920669 0.673173646875 0.7229836388308978 0.6178882796875 0.6717357035490605 0.6145325749999999 0.6652731148225469 0.6698179421875
4 0.3774113465553236 0.7453268109375 0.5007598267223382 0.75340364375 0.5107474613778705 0.6679626234375 0.3873989812108559 0.6598857890625001 0.3774113465553236 0.7453268109375
4 0.4841808705636743 0.7063385249999999 0.5909179478079332 0.713327646875 0.5974423778705636 0.6575132328125 0.4907053006263048 0.6505241109375001 0.4841808705636743 0.7063385249999999
4 0.6220758204592901 0.745354509375 0.6842802087682672 0.749427640625 0.6893822526096033 0.7057812984375 0.6271778622129437 0.7017081671875001 0.6220758204592901 0.745354509375
3 0.7945726972860125 0.8356810593749999 0.9613935615866388 0.8466044546875 0.9832550417536535 0.659586490625 0.8164341774530272 0.6486630953125 0.7945726972860125 0.8356810593749999
4 0.32466564300626305 0.8827436625 0.5338985929018789 0.8964441921875 0.5531626701461378 0.731646184375 0.34392972025052193 0.7179456546874999 0.32466564300626305 0.8827436625
4 0.9281483883089771 1 0.9357444425887265 0.9350181843750001 0.8003792066805846 0.926154496875 0.7917470292275574 1 0.9281483883089771 1