5 0.5378101750000001 0.5845563703125001 0.724901525 0.614381990625 0.7645967145833333 0.47431860312499996 0.5775053645833333 0.4444929828125 0.5378101750000001 0.5845563703125001
4 0.5203710229166666 0.689370015625 0.6574579583333333 0.7112240609375 0.6899226958333333 0.5966731281250001 0.5528357604166667 0.5748190828124999 0.5203710229166666 0.689370015625
4 0.5150253354166667 0.523194090625 0.6497311083333333 0.5446685375 0.6817620166666667 0.4316483546875 0.5470562458333333 0.4101739078125 0.5150253354166667 0.523194090625
4 0.48662210208333334 0.48040167812499995 0.59105309375 0.497049796875 0.6169381166666666 0.4057152015625 0.5125071250000001 0.3890670828125 0.48662210208333334 0.48040167812499995
5 0.2576948416666667 0.5285684328125 0.48458562708333336 0.5647387765625 0.52449773125 0.4239100140625 0.29760694583333336 0.3877396703125 0.2576948416666667 0.5285684328125
4 0.3226667979166667 0.41786646093749996 0.4777825354166667 0.44259461250000004 0.493544925 0.38697745625 0.33842918541666667 0.3622493046875 0.3226667979166667 0.41786646093749996
4 0.3783091583333333 0.3720733328125 0.54839220625 0.39918753281249997 0.5841106458333333 0.27315599687500003 0.41402759791666666 0.24604179531249998 0.3783091583333333 0.3720733328125
4 0.29231120833333335 0.35436399375 0.4055865166666666 0.37242205156249997 0.43472524375 0.26960685 0.3214499354166667 0.25154879218750004 0.29231120833333335 0.35436399375
4 0.4367694541666667 0.25486694062500004 0.5758973854166667 0.27704635781250003 0.6043853729166667 0.1765272765625 0.4652574395833333 0.154347859375 0.4367694541666667 0.25486694062500004
4 0.46236358541666667 0.15828627343749999 0.5865242104166666 0.17807964062499998 0.6146506729166668 0.0788361828125 0.49049005 0.059042815625 0.46236358541666667 0.15828627343749999
3 0.7655046958333334 0.14808231562500002 0.81857060625 0.156541946875 0.8346222124999999 0.0999042921875 0.7815563041666667 0.0914446609375 0.7655046958333334 0.14808231562500002
4 0.41767020625 0.11902990312499999 0.51359704375 0.13432231249999999 0.5385421083333333 0.0463043359375 0.44261527083333335 0.031011928124999998 0.41767020625 0.11902990312499999
4 0.3186212854166667 0.14737055 0.43733925 0.1662962609375 0.4625735333333333 0.0772577875 0.34385556666666667 0.058332075000000004 0.3186212854166667 0.14737055
3 0.20530805416666667 0.2718314984375 0.28490691875 0.28452094375 0.30030778333333336 0.23017940937499998 0.22070892083333332 0.2174899640625 0.20530805416666667 0.2718314984375
5 0.31781475625 0.2167046046875 0.38992996874999997 0.228201025 0.40518622499999996 0.1743697421875 0.3330710125 0.162873321875 0.31781475625 0.2167046046875
3 0.28346594583333334 0.15976513125 0.36442547708333334 0.172671490625 0.3780910333333333 0.124452946875 0.29713150208333333 0.11154658749999999 0.28346594583333334 0.15976513125
3 0.27498867083333334 0.11001651718750001 0.3423415604166667 0.120753740625 0.36229761041666664 0.0503393609375 0.2949447229166667 0.0396021359375 0.27498867083333334 0.11001651718750001