3 0.386574075 0.51512896875 0.2496693125 0.51512896875 0.2496693125 0.6076388890625 0.386574075 0.6076388890625 0.386574075 0.51512896875
4 0.5180224875 0.7450396828125 0.43766534375 0.7450396828125 0.43766534375 0.7978670640625001 0.5180224875 0.7978670640625001 0.5180224875 0.7450396828125
4 0.4575066145833333 0.7687251984375 0.36954365 0.7687251984375 0.36954365 0.835193453125 0.4575066145833333 0.835193453125 0.4575066145833333 0.7687251984375
4 0.39186507916666663 0.7745535718750001 0.3396164020833333 0.7745535718750001 0.3396164020833333 0.8422619046875001 0.39186507916666663 0.8422619046875001 0.39186507916666663 0.7745535718750001
4 0.3746693125 0.726810515625 0.2860449729166667 0.726810515625 0.2860449729166667 0.7942708328125 0.3746693125 0.7942708328125 0.3746693125 0.726810515625
4 0.325396825 0.70771329375 0.22982804166666665 0.70771329375 0.22982804166666665 0.77938988125 0.325396825 0.77938988125 0.325396825 0.70771329375
4 0.36425264583333333 0.5943700390625 0.2924933854166667 0.5943700390625 0.2924933854166667 0.6375248015625 0.36425264583333333 0.6375248015625 0.36425264583333333 0.5943700390625
4 0.281911375 0.5460069437499999 0.22867063541666666 0.5460069437499999 0.22867063541666666 0.6080109125 0.281911375 0.6080109125 0.281911375 0.5460069437499999
4 0.4576719583333333 0.5019841265625 0.3654100520833333 0.5019841265625 0.3654100520833333 0.578125 0.4576719583333333 0.578125 0.4576719583333333 0.5019841265625
5 0.4093915354166667 0.4918154765625 0.32837301666666663 0.4918154765625 0.32837301666666663 0.528273809375 0.4093915354166667 0.528273809375 0.4093915354166667 0.4918154765625
4 0.3452380958333333 0.456101190625 0.2414021166666667 0.456101190625 0.2414021166666667 0.52529761875 0.3452380958333333 0.52529761875 0.3452380958333333 0.456101190625
4 0.394675925 0.43539186562500004 0.3083664020833333 0.43539186562500004 0.3083664020833333 0.49789186562500004 0.394675925 0.49789186562500004 0.394675925 0.43539186562500004
4 0.4112103166666667 0.3478422625 0.31134259166666667 0.3478422625 0.31134259166666667 0.42745535781250005 0.4112103166666667 0.42745535781250005 0.4112103166666667 0.3478422625
4 0.49801587291666666 0.309523809375 0.38425925833333335 0.309523809375 0.38425925833333335 0.3958333328125 0.49801587291666666 0.3958333328125 0.49801587291666666 0.309523809375
4 0.42410714374999997 0.2201140875 0.28786375625 0.2201140875 0.28786375625 0.3280009921875 0.42410714374999997 0.3280009921875 0.42410714374999997 0.2201140875
4 0.6283068791666667 0.1641865078125 0.49570105833333333 0.1641865078125 0.49570105833333333 0.26240079375 0.6283068791666667 0.26240079375 0.6283068791666667 0.1641865078125
4 0.5889550270833334 0.6437251984375 0.5228174604166667 0.6437251984375 0.5228174604166667 0.6903521828125 0.5889550270833334 0.6903521828125 0.5889550270833334 0.6437251984375
4 0.7106481479166666 0.248387896875 0.5866402125000001 0.248387896875 0.5866402125000001 0.3535466265625 0.7106481479166666 0.3535466265625 0.7106481479166666 0.248387896875
4 0.9236111104166667 0.2197420640625 0.7956349208333333 0.2197420640625 0.7956349208333333 0.3043154765625 0.9236111104166667 0.3043154765625 0.9236111104166667 0.2197420640625
4 0.7746362437500001 0.35590277812500004 0.6724537041666667 0.35590277812500004 0.6724537041666667 0.4389880953125 0.7746362437500001 0.4389880953125 0.7746362437500001 0.35590277812500004
3 0.9976851854166667 0.43315972187499996 0.9408068791666667 0.43315972187499996 0.9408068791666667 0.47333829375 0.9976851854166667 0.47333829375 0.9976851854166667 0.43315972187499996
4 0.9928902125000001 0.4711061515625 0.94295635 0.4711061515625 0.94295635 0.5011160718750001 0.9928902125000001 0.5011160718750001 0.9928902125000001 0.4711061515625
4 0.8908730166666667 0.42398313437499996 0.80687830625 0.42398313437499996 0.80687830625 0.476810515625 0.8908730166666667 0.476810515625 0.8908730166666667 0.42398313437499996
4 0.7146164020833333 0.4517609125 0.67526455 0.4517609125 0.67526455 0.4909474203125 0.7146164020833333 0.4909474203125 0.7146164020833333 0.4517609125
4 0.7764550270833334 0.437748015625 0.71825396875 0.437748015625 0.71825396875 0.481646825 0.7764550270833334 0.481646825 0.7764550270833334 0.437748015625
4 0.7733134916666666 0.47606646875 0.71345899375 0.47606646875 0.71345899375 0.510788690625 0.7733134916666666 0.510788690625 0.7733134916666666 0.47606646875