4 0.41003653235908144 0 0.40614948225469727 0.0149666109375 0.5955982901878915 0.042527909375 0.6051027494780794 0.005932159375 0.5643267118997912 0 0.41003653235908144 0
4 0.7546503987473904 0.14192186874999999 0.7832383194154489 0.0318475921875 0.58765351565762 0.0033936187499999998 0.5590655949895615 0.11346789531249998 0.7546503987473904 0.14192186874999999
4 0.7281081064718162 0.126890315625 0.5401932964509395 0.09955218437499999 0.5003863883089771 0.2528237984375 0.6883011983298539 0.28016192968750003 0.7281081064718162 0.126890315625
4 0.5919626471816284 0.0695520015625 0.43127630688935287 0.046175109375 0.3957929958246347 0.18279924375 0.5564793340292276 0.20617613437500001 0.5919626471816284 0.0695520015625
4 0.42723826722338204 0.1023319546875 0.2017404947807933 0.06952619843749999 0.1561190918580376 0.2451858 0.381616866388309 0.27799155625 0.42723826722338204 0.1023319546875
4 0.6473758267223383 0.3051865640625 0.5043304697286013 0.2843761078125 0.47577982045929024 0.3943068703125 0.6188251774530271 0.4151173265625 0.6473758267223383 0.3051865640625
4 0.6112711377870564 0.334635896875 0.4302593194154488 0.3083020234375 0.39455237369519836 0.445787234375 0.5755641899791232 0.4721211078125 0.6112711377870564 0.334635896875
4 0.466964350730689 0.3248120671875 0.3592009582463465 0.3091344859375 0.3315448475991649 0.41562094375 0.4393082379958246 0.431298525 0.466964350730689 0.3248120671875
4 0.4443431127348643 0.449456421875 0.3231572338204593 0.4318261171875 0.2992283611691023 0.5239613015625 0.4204142400835073 0.54159160625 0.4443431127348643 0.449456421875
4 0.5805887306889354 0.49414981718749995 0.41376639665970777 0.4698802515625 0.38171214405010434 0.593301215625 0.548534478079332 0.6175707796875 0.5805887306889354 0.49414981718749995
4 0.5341752338204593 0.623822146875 0.39343087682672234 0.60334644375 0.3656256764091858 0.7104069515625 0.5063700334029227 0.7308826546875 0.5341752338204593 0.623822146875
4 0.4043759707724426 0.5328541203125 0.257495617954071 0.5114857453125 0.2283486096033403 0.6237127124999999 0.3752289624217119 0.6450810890625001 0.4043759707724426 0.5328541203125
4 0.36075657620041757 0.6356777984375 0.23343470354906054 0.6171548203125 0.20883492901878914 0.7118732328124999 0.3361567995824635 0.7303962109375 0.36075657620041757 0.6356777984375
3 0.5980930187891441 0.6474187796875001 0.5171745991649269 0.6356466468749999 0.5019674655532359 0.6941998453125 0.582885885177453 0.7059719796875 0.5980930187891441 0.6474187796875001
3 0.6858992922755742 0.9284252453124999 0.6026798768267223 0.9163183593750001 0.5854600334029227 0.9826212484375001 0.6686794509394572 0.994728134375 0.6858992922755742 0.9284252453124999
3 0.5242162734864301 0.7035429796875 0.44866684968684756 0.6925519359375001 0.43375789561586636 0.7499570328125 0.5093073194154488 0.760948078125 0.5242162734864301 0.7035429796875
4 0.4438922922755741 0.795218346875 0.37601286221294367 0.78534314375 0.361476630480167 0.8413131140625 0.42935606263048015 0.8511883171875001 0.4438922922755741 0.795218346875
4 0.3527582150313152 0.7216412703125 0.2423103256784969 0.7055731453125 0.22009598329853863 0.7911067421875 0.330543872651357 0.8071748671875 0.3527582150313152 0.7216412703125
4 0.32887023382045927 0.7929314781250001 0.2717287912317328 0.784618453125 0.261441611691023 0.824227971875 0.3185830542797495 0.8325409953125 0.32887023382045927 0.7929314781250001
3 0.2530015281837161 0.3985348046875 0.13603414822546975 0.3815182140625 0.11501252192066806 0.462459403125 0.23197990187891443 0.47947599375000005 0.2530015281837161 0.3985348046875
3 0.10226019415448852 0.7069429781250001 0.04166725678496868 0.698127825 0.03130553235908142 0.73802436875 0.09189846972860126 0.7468395218749999 0.10226019415448852 0.7069429781250001