5 0.36408730208333334 0.0494791671875 0.18154761875 0.0494791671875 0.18154761875 0.18812003906250002 0.36408730208333334 0.18812003906250002 0.36408730208333334 0.0494791671875
5 0.4269179895833333 0.247023809375 0.22751322708333335 0.247023809375 0.22751322708333335 0.393601190625 0.4269179895833333 0.393601190625 0.4269179895833333 0.247023809375
4 0.6545965604166667 0.18291170625 0.4588293645833333 0.18291170625 0.4588293645833333 0.33940972187499996 0.6545965604166667 0.33940972187499996 0.6545965604166667 0.18291170625
4 0.6856812166666667 0.48214285781250005 0.5186838625 0.48214285781250005 0.5186838625 0.60615079375 0.6856812166666667 0.60615079375 0.6856812166666667 0.48214285781250005
4 0.4928902125 0.42745535781250005 0.32523148125 0.42745535781250005 0.32523148125 0.5497271828125 0.4928902125 0.5497271828125 0.4928902125 0.42745535781250005
4 0.50628306875 0.5979662703125 0.3485449729166667 0.5979662703125 0.3485449729166667 0.7197420640625001 0.50628306875 0.7197420640625001 0.50628306875 0.5979662703125
4 0.6772486770833334 0.7560763890625 0.5949074083333333 0.7560763890625 0.5949074083333333 0.823040675 0.6772486770833334 0.823040675 0.6772486770833334 0.7560763890625
4 0.6483134916666666 0.826016865625 0.5543981479166666 0.826016865625 0.5543981479166666 0.897693453125 0.6483134916666666 0.897693453125 0.6483134916666666 0.826016865625
4 0.5337301583333333 0.7199900796875001 0.39880952291666666 0.7199900796875001 0.39880952291666666 0.8330853171875001 0.5337301583333333 0.8330853171875001 0.5337301583333333 0.7199900796875001
4 0.5527447083333333 0.8339533734375 0.46875 0.8339533734375 0.46875 0.9021577375 0.5527447083333333 0.9021577375 0.5527447083333333 0.8339533734375
4 0.5525793645833333 0.9012896828124999 0.4864417979166667 0.9012896828124999 0.4864417979166667 0.95634920625 0.5525793645833333 0.95634920625 0.5525793645833333 0.9012896828124999
3 0.39054232708333336 0.79637896875 0.29298941875 0.79637896875 0.29298941875 0.872023809375 0.39054232708333336 0.872023809375 0.39054232708333336 0.79637896875
3 0.2880291 0.766369046875 0.18287037083333332 0.766369046875 0.18287037083333332 0.84697420625 0.2880291 0.84697420625 0.2880291 0.766369046875
3 0.21957671875 0.7078373015625 0.1253306875 0.7078373015625 0.1253306875 0.7884424609375 0.21957671875 0.7884424609375 0.21957671875 0.7078373015625
5 0.33515211666666667 0.7119295640625001 0.2435515875 0.7119295640625001 0.2435515875 0.7781498015625 0.33515211666666667 0.7781498015625 0.33515211666666667 0.7119295640625001
5 0.3230820104166667 0.8580109125 0.24007936458333334 0.8580109125 0.24007936458333334 0.9205109125 0.3230820104166667 0.9205109125 0.3230820104166667 0.8580109125
4 0.35234788333333333 0.9352678578125 0.27298280416666665 0.9352678578125 0.27298280416666665 0.999751984375 0.35234788333333333 0.999751984375 0.35234788333333333 0.9352678578125
4 0.4255952375 0.9598214281249999 0.3710317458333333 0.9598214281249999 0.3710317458333333 0.99950396875 0.4255952375 0.99950396875 0.4255952375 0.9598214281249999