3 0.32664514375000003 0.7101533765625 0.1336326416666667 0.6898087734375 0.10563303125 0.8392294515625001 0.2986455333333333 0.8595740562499999 0.32664514375000003 0.7101533765625
5 0.23044033333333333 0.6448209140625 0.10890115833333333 0.63201 0.08769521458333333 0.7451760953125001 0.20923439166666666 0.7579870078125001 0.23044033333333333 0.6448209140625
5 0.32876915416666663 0.5484985203125 0.15440186875 0.5301192265625 0.131157825 0.6541616968749999 0.30552511041666663 0.6725409890625 0.32876915416666663 0.5484985203125
5 0.6605223479166666 0.7012451796875 0.494441825 0.683739359375 0.4677524229166667 0.82616808125 0.6338329458333334 0.8436739031249999 0.6605223479166666 0.7012451796875
4 0.83959019375 0.5620703046875 0.6807605875 0.5453287703125 0.65649749375 0.6748094265625 0.8153271020833334 0.6915509609375 0.83959019375 0.5620703046875
4 0.6079518625 0.5364659781250001 0.44739585000000004 0.5195424703125 0.42473412083333334 0.640477403125 0.5852901333333332 0.6574009109375 0.6079518625 0.5364659781250001
4 0.46041484374999997 0.50361775 0.3046927729166667 0.48720376875 0.28499114166666667 0.5923420625 0.4407132125 0.6087560453124999 0.46041484374999997 0.50361775
4 0 0.6732144171875001 0.11562106666666666 0.685401528125 0.13818574166666667 0.5649845171875 0 0.5504189625 0 0.6732144171875001
4 0 0.5121279046875 0.07702889375000001 0.520247184375 0.09789515416666666 0.40889381875 0.013819047916666665 0.400031725 0 0.47377744843749997 0 0.5121279046875
4 0.31077163124999996 0.402151771875 0.16402688541666668 0.38668405 0.14316062708333332 0.498037415625 0.2899053708333333 0.5135051374999999 0.31077163124999996 0.402151771875
4 0.4750781958333333 0.30604986093750003 0.33903718541666666 0.291710371875 0.31967523541666665 0.3950359375 0.45571624791666665 0.409375425 0.4750781958333333 0.30604986093750003
4 0.6718290333333333 0.4210637265625 0.55339739375 0.40858036562500005 0.5350544958333334 0.5064677421875 0.6534861354166667 0.518951103125 0.6718290333333333 0.4210637265625
4 0.648592525 0.36843997968750003 0.4939063 0.35213518125 0.4704681520833333 0.477213496875 0.6251543791666666 0.4935182953125 0.648592525 0.36843997968750003
4 0.5075515520833334 0.1196019125 0.3939538541666667 0.1076280765625 0.37798873958333334 0.1928263484375 0.4915864375 0.20480018437499997 0.5075515520833334 0.1196019125
4 0.6979398541666666 0.2911176375 0.5795082125000001 0.2786342765625 0.5615049958333334 0.374708925 0.6799366375000001 0.3871922875 0.6979398541666666 0.2911176375
4 0.73043649375 0.21822493125000003 0.6240897125 0.2070153828125 0.60744523125 0.2958391125 0.7137920104166666 0.3070486625 0.73043649375 0.21822493125000003
4 0.7206566645833333 0.10694224999999999 0.6243230541666667 0.09678814531249999 0.6088432 0.179396803125 0.7051768104166667 0.1895509078125 0.7206566645833333 0.10694224999999999
4 0.5880889770833334 0.1567432828125 0.48933839375 0.146334415625 0.4757995875 0.218584621875 0.5745501708333334 0.2289934890625 0.5880889770833334 0.1567432828125
4 0.8412943041666666 0.31058526249999996 0.7301135770833334 0.2988661890625 0.7137117270833334 0.38639511249999997 0.8248924520833333 0.39811418593750003 0.8412943041666666 0.31058526249999996
4 0.8939572854166666 0.1883233328125 0.8072915645833334 0.179188278125 0.7923455 0.2589483640625 0.87901121875 0.2680834171875 0.8939572854166666 0.1883233328125
4 0.98388446875 0.32191800000000004 0.8606188833333334 0.3089251125 0.8429553520833333 0.40318703281249996 0.9662209374999999 0.41617991875 0.98388446875 0.32191800000000004