4 0.59326923125 0.299158653125 0.44487179583333336 0.299158653125 0.44487179583333336 0.40973557656250004 0.59326923125 0.40973557656250004 0.59326923125 0.299158653125
4 0.5713141020833333 0.404447115625 0.44022435833333334 0.404447115625 0.44022435833333334 0.49795673125000006 0.5713141020833333 0.49795673125000006 0.5713141020833333 0.404447115625
4 0.39182692291666665 0.47079326874999994 0.23862179583333332 0.47079326874999994 0.23862179583333332 0.5777644234375 0.39182692291666665 0.5777644234375 0.39182692291666665 0.47079326874999994
4 0.6027243583333333 0.5105769234374999 0.46522435833333337 0.5105769234374999 0.46522435833333337 0.609615384375 0.6027243583333333 0.609615384375 0.6027243583333333 0.5105769234374999
4 0.41618589791666666 0.603125 0.26554487083333334 0.603125 0.26554487083333334 0.70673076875 0.41618589791666666 0.70673076875 0.41618589791666666 0.603125
3 0.19038461458333333 0.7442307687499999 0.13974358958333333 0.7442307687499999 0.13974358958333333 0.7800480765625 0.19038461458333333 0.7800480765625 0.19038461458333333 0.7442307687499999
4 0.20673076875 0.7737980765625 0.16698717916666667 0.7737980765625 0.16698717916666667 0.803125 0.20673076875 0.803125 0.20673076875 0.7737980765625
5 0.256891025 0.7546875 0.2177884625 0.7546875 0.2177884625 0.7878605765625 0.256891025 0.7878605765625 0.256891025 0.7546875
5 0.27836538541666667 0.7912259609375 0.2322115375 0.7912259609375 0.2322115375 0.8311298078125 0.27836538541666667 0.8311298078125 0.27836538541666667 0.7912259609375
4 0.35881410208333336 0.7870192312500001 0.32612179583333334 0.7870192312500001 0.32612179583333334 0.813221153125 0.35881410208333336 0.813221153125 0.35881410208333336 0.7870192312500001
4 0.37323717916666665 0.7822115390625 0.34823717916666663 0.7822115390625 0.34823717916666663 0.80360576875 0.37323717916666665 0.80360576875 0.37323717916666665 0.7822115390625
4 0.4524038458333333 0.68076923125 0.35048076875 0.68076923125 0.35048076875 0.755528846875 0.4524038458333333 0.755528846875 0.4524038458333333 0.68076923125
4 0.5538461541666667 0.660697115625 0.45128205208333333 0.660697115625 0.45128205208333333 0.742908653125 0.5538461541666667 0.742908653125 0.5538461541666667 0.660697115625
4 0.6171474354166667 0.5891826921875001 0.493108975 0.5891826921875001 0.493108975 0.6769230765625001 0.6171474354166667 0.6769230765625001 0.6171474354166667 0.5891826921875001