3 0.5193452375000001 0.12413194375 0.28422618958333334 0.12413194375 0.28422618958333334 0.3250248015625 0.5193452375000001 0.3250248015625 0.5193452375000001 0.12413194375
3 0.7070105812499999 0.1852678578125 0.48544973541666664 0.1852678578125 0.48544973541666664 0.365079365625 0.7070105812499999 0.365079365625 0.7070105812499999 0.1852678578125
3 0.5658068791666667 0.3180803578125 0.33630952291666666 0.3180803578125 0.33630952291666666 0.49565972187499996 0.5658068791666667 0.49565972187499996 0.5658068791666667 0.3180803578125
3 0.4828042333333334 0.46949404687499996 0.21759259166666667 0.46949404687499996 0.21759259166666667 0.6703869046875 0.4828042333333334 0.6703869046875 0.4828042333333334 0.46949404687499996
5 0.5922619041666667 0.515873015625 0.42824074166666665 0.515873015625 0.42824074166666665 0.6698908734375 0.5922619041666667 0.6698908734375 0.5922619041666667 0.515873015625
5 0.65625 0.3670634921875 0.5038029104166667 0.3670634921875 0.5038029104166667 0.5074404765625 0.65625 0.5074404765625 0.65625 0.3670634921875
4 0.7852182541666667 0.5115327375 0.58746693125 0.5115327375 0.58746693125 0.6623263890625 0.7852182541666667 0.6623263890625 0.7852182541666667 0.5115327375
4 0.5016534395833333 0.6526537703125 0.29927248749999996 0.6526537703125 0.29927248749999996 0.8111359125 0.5016534395833333 0.8111359125 0.5016534395833333 0.6526537703125
4 0.7582671958333334 0.6232638890625 0.5902777770833333 0.6232638890625 0.5902777770833333 0.7306547625 0.7582671958333334 0.7306547625 0.7582671958333334 0.6232638890625
4 0.6231812166666667 0.6512896828125 0.47668650833333337 0.6512896828125 0.47668650833333337 0.7767857140625 0.6231812166666667 0.7767857140625 0.6231812166666667 0.6512896828125
4 0.5550595229166666 0.75595238125 0.41187169375 0.75595238125 0.41187169375 0.8581349203125 0.5550595229166666 0.8581349203125 0.5550595229166666 0.75595238125
4 0.45800264583333333 0.828869046875 0.31944444375000003 0.828869046875 0.31944444375000003 0.94990079375 0.45800264583333333 0.94990079375 0.45800264583333333 0.828869046875
3 0.32754629583333333 0.6132192453124999 0.21279761875 0.6132192453124999 0.21279761875 0.697792659375 0.32754629583333333 0.697792659375 0.32754629583333333 0.6132192453124999