4 0.5206730770833333 0.12139423125 0.32548076875000004 0.12139423125 0.32548076875000004 0.3052884609375 0.5206730770833333 0.3052884609375 0.5206730770833333 0.12139423125
4 0.425641025 0.14639423125 0.16410256458333333 0.14639423125 0.16410256458333333 0.359375 0.425641025 0.359375 0.425641025 0.14639423125
5 0 0.4993990390625 0.07948717916666667 0.4993990390625 0.07948717916666667 0.4287259609375 0 0.4287259609375 0 0.4993990390625
4 0.35592948750000003 0.4204326921875 0.168108975 0.4204326921875 0.168108975 0.547115384375 0.35592948750000003 0.547115384375 0.35592948750000003 0.4204326921875
4 0.45560897499999997 0.488822115625 0.3296474354166667 0.488822115625 0.3296474354166667 0.57920673125 0.45560897499999997 0.57920673125 0.45560897499999997 0.488822115625
4 0.3641025645833333 0.520552884375 0.20608974375000003 0.520552884375 0.20608974375000003 0.638341346875 0.3641025645833333 0.638341346875 0.3641025645833333 0.520552884375
4 0.41025641041666666 0.5715144234375 0.3483974354166667 0.5715144234375 0.3483974354166667 0.636177884375 0.41025641041666666 0.636177884375 0.41025641041666666 0.5715144234375
4 0.3660256416666667 0.6193509609375 0.24615384583333333 0.6193509609375 0.24615384583333333 0.6888221156250001 0.3660256416666667 0.6888221156250001 0.3660256416666667 0.6193509609375
3 0.06730769166666667 0.7644230765625 0.0016025645833333334 0.7644230765625 0.0016025645833333334 0.8298076921875 0.06730769166666667 0.8298076921875 0.06730769166666667 0.7644230765625
4 0.6350961541666666 0.44891826874999996 0.4780448708333333 0.44891826874999996 0.4780448708333333 0.5707932687499999 0.6350961541666666 0.5707932687499999 0.6350961541666666 0.44891826874999996
4 0.6323717958333333 0.6163461531250001 0.474358975 0.6163461531250001 0.474358975 0.7459134609375 0.6323717958333333 0.7459134609375 0.6323717958333333 0.6163461531250001
4 0.8041666666666667 0.76983173125 0.6410256416666668 0.76983173125 0.6410256416666668 0.910216346875 0.8041666666666667 0.910216346875 0.8041666666666667 0.76983173125
4 0.7376602562500001 0.8860576921875 0.6274038458333333 0.8860576921875 0.6274038458333333 0.9810096156249999 0.7376602562500001 0.9810096156249999 0.7376602562500001 0.8860576921875
4 0.5923076916666666 0.7902644234375 0.5458333333333333 0.7902644234375 0.5458333333333333 0.8248798078125 0.5923076916666666 0.8248798078125 0.5923076916666666 0.7902644234375
4 0.5144230770833333 0.8400240390624999 0.49006410208333334 0.8400240390624999 0.49006410208333334 0.8621394234374999 0.5144230770833333 0.8621394234374999 0.5144230770833333 0.8400240390624999
4 0.563141025 0.913341346875 0.5362179479166667 0.913341346875 0.5362179479166667 0.938822115625 0.563141025 0.938822115625 0.563141025 0.913341346875
4 0.07323717916666667 0.8609375 0.014262820833333334 0.8609375 0.014262820833333334 0.9054086531250001 0.07323717916666667 0.9054086531250001 0.07323717916666667 0.8609375
4 0.0802884625 0.9045673078125 0.030929487500000002 0.9045673078125 0.030929487500000002 0.94110576875 0.0802884625 0.94110576875 0.0802884625 0.9045673078125