5 0.7313161375 0.1281001984375 0.5388558208333334 0.1281001984375 0.5388558208333334 0.2878224203125 0.7313161375 0.2878224203125 0.7313161375 0.1281001984375
4 0.4985119041666667 0.20845734062500001 0.30902777708333334 0.20845734062500001 0.30902777708333334 0.35751488125 0.4985119041666667 0.35751488125 0.4985119041666667 0.20845734062500001
4 0.6397156083333333 0.3656994046875 0.45651454999999996 0.3656994046875 0.45651454999999996 0.504836309375 0.6397156083333333 0.504836309375 0.6397156083333333 0.3656994046875
4 0.6388888895833333 0.45882936562500004 0.5016534395833333 0.45882936562500004 0.5016534395833333 0.54092261875 0.6388888895833333 0.54092261875 0.6388888895833333 0.45882936562500004
4 0.42311507916666663 0.36904761875 0.23991402083333335 0.36904761875 0.23991402083333335 0.5054563484375 0.42311507916666663 0.5054563484375 0.42311507916666663 0.36904761875
4 0.5590277770833333 0.5437748015625 0.4012896833333333 0.5437748015625 0.4012896833333333 0.664310515625 0.5590277770833333 0.664310515625 0.5590277770833333 0.5437748015625
4 0.40294312083333333 0.5711805562500001 0.26471560833333335 0.5711805562500001 0.26471560833333335 0.6731150796875001 0.40294312083333333 0.6731150796875001 0.40294312083333333 0.5711805562500001
4 0.2926587291666667 0.66728670625 0.1878306875 0.66728670625 0.1878306875 0.7528521828125 0.2926587291666667 0.7528521828125 0.2926587291666667 0.66728670625
4 0.5527447083333333 0.68018353125 0.4270833333333333 0.68018353125 0.4270833333333333 0.7692212296875 0.5527447083333333 0.7692212296875 0.5527447083333333 0.68018353125
4 0.51851851875 0.7826140875 0.41468253958333334 0.7826140875 0.41468253958333334 0.854290675 0.51851851875 0.854290675 0.51851851875 0.7826140875
4 0.4168320104166667 0.7441716265625 0.30505952291666666 0.7441716265625 0.30505952291666666 0.822792659375 0.4168320104166667 0.822792659375 0.4168320104166667 0.7441716265625
4 0.42080026458333336 0.7999751984375 0.33614417916666667 0.7999751984375 0.33614417916666667 0.8629712296875001 0.42080026458333336 0.8629712296875001 0.42080026458333336 0.7999751984375
3 0.6716269833333333 0.9100942453125 0.6094576729166667 0.9100942453125 0.6094576729166667 0.9654017859374999 0.6716269833333333 0.9654017859374999 0.6716269833333333 0.9100942453125
3 0.7569444437499999 0.8053075390625001 0.7050264541666666 0.8053075390625001 0.7050264541666666 0.8484623015625001 0.7569444437499999 0.8484623015625001 0.7569444437499999 0.8053075390625001
3 0.8082010583333333 0.818700396875 0.75628306875 0.818700396875 0.75628306875 0.8606150796875 0.8082010583333333 0.8606150796875 0.8082010583333333 0.818700396875
5 0.9346891541666668 0.541542659375 0.8540013229166666 0.541542659375 0.8540013229166666 0.5904017859375 0.9346891541666668 0.5904017859375 0.9346891541666668 0.541542659375
3 1 0.5095486109375 0.9417989416666667 0.5095486109375 0.9417989416666667 0.56436011875 1 0.56436011875 1 0.5095486109375
3 0.9470899479166667 0.4594494046875 0.875 0.4594494046875 0.875 0.5065724203124999 0.9470899479166667 0.5065724203124999 0.9470899479166667 0.4594494046875
4 0.93700396875 0.62822420625 0.8718584645833333 0.62822420625 0.8718584645833333 0.6679067453124999 0.93700396875 0.6679067453124999 0.93700396875 0.62822420625
4 0.97437169375 0.5527033734375 0.9098875666666667 0.5527033734375 0.9098875666666667 0.6015625 0.97437169375 0.6015625 0.97437169375 0.5527033734375
4 0.91154100625 0.6701388890625 0.8563161375 0.6701388890625 0.8563161375 0.703373015625 0.91154100625 0.703373015625 0.91154100625 0.6701388890625
4 0.8936838625 0.5636160718750001 0.8275462958333333 0.5636160718750001 0.8275462958333333 0.6055307546875001 0.8936838625 0.6055307546875001 0.8936838625 0.5636160718750001
4 0.61259920625 0.956597221875 0.5613425916666667 0.956597221875 0.5613425916666667 0.997519840625 0.61259920625 0.997519840625 0.61259920625 0.956597221875
4 0.8974867729166667 0.6970486109375 0.8478835979166667 0.6970486109375 0.8478835979166667 0.7307787703125 0.8974867729166667 0.7307787703125 0.8974867729166667 0.6970486109375
3 0.99917328125 0.603174603125 0.95651455 0.603174603125 0.95651455 0.6475694437499999 0.99917328125 0.6475694437499999 0.99917328125 0.603174603125
5 0.999338625 0.6579861109375 0.95568783125 0.6579861109375 0.95568783125 0.703373015625 0.999338625 0.703373015625 0.999338625 0.6579861109375