1 0.7641025645833334 0.27391826875 0.47980769166666665 0.27391826875 0.47980769166666665 0.44891826874999996 0.7641025645833334 0.44891826874999996 0.7641025645833334 0.27391826875
1 0.6086538458333333 0.363221153125 0.3407051291666667 0.363221153125 0.3407051291666667 0.5555288468749999 0.6086538458333333 0.5555288468749999 0.6086538458333333 0.363221153125
2 0.89375 0.4427884609375 0.7841346145833333 0.4427884609375 0.7841346145833333 0.5105769234374999 0.89375 0.5105769234374999 0.89375 0.4427884609375
1 0.9677884625 0.41646634687499995 0.8761217958333333 0.41646634687499995 0.8761217958333333 0.49194711562500004 0.9677884625 0.49194711562500004 0.9677884625 0.41646634687499995
1 0.8480769229166667 0.22584134687500002 0.7596153854166666 0.22584134687500002 0.7596153854166666 0.2842548078125 0.8480769229166667 0.2842548078125 0.8480769229166667 0.22584134687500002
1 0.7657051291666667 0.2171875 0.7137820520833333 0.2171875 0.7137820520833333 0.25829326875 0.7657051291666667 0.25829326875 0.7657051291666667 0.2171875
1 0.9009615375000001 0.2209134609375 0.8419871791666667 0.2209134609375 0.8419871791666667 0.269471153125 0.9009615375000001 0.269471153125 0.9009615375000001 0.2209134609375
1 0.7735576916666667 0.2530048078125 0.7277243583333333 0.2530048078125 0.7277243583333333 0.2905048078125 0.7735576916666667 0.2905048078125 0.7735576916666667 0.2530048078125
1 0.5641025645833333 0.781009615625 0.44743589791666666 0.781009615625 0.44743589791666666 0.8807692312500001 0.5641025645833333 0.8807692312500001 0.5641025645833333 0.781009615625
2 0.4875 0.803125 0.34775641041666666 0.803125 0.34775641041666666 0.9216346156249999 0.4875 0.9216346156249999 0.4875 0.803125
0 0.0822115375 0.5599759609375 0.01298076875 0.5599759609375 0.01298076875 0.6159855765625 0.0822115375 0.6159855765625 0.0822115375 0.5599759609375
0 0.12147435833333334 0.5756009609375 0.04134615416666666 0.5756009609375 0.04134615416666666 0.633052884375 0.12147435833333334 0.633052884375 0.12147435833333334 0.5756009609375
1 0.12756410208333333 0.5875 0.063141025 0.5875 0.063141025 0.6334134609375 0.12756410208333333 0.6334134609375 0.12756410208333333 0.5875
2 0 0.6597355765625 0.05929487083333333 0.6597355765625 0.05929487083333333 0.602283653125 0 0.602283653125 0 0.6597355765625
1 0 0.46490384687499997 0.08621794791666666 0.46490384687499997 0.08621794791666666 0.38798076875 0 0.38798076875 0 0.46490384687499997
1 0 0.5091346156250001 0.051282052083333335 0.5091346156250001 0.051282052083333335 0.47764423125000005 0 0.47764423125000005 0 0.5091346156250001
1 0.10080128125 0.490384615625 0.06362179583333333 0.490384615625 0.06362179583333333 0.521634615625 0.10080128125 0.521634615625 0.10080128125 0.490384615625
1 0.38605769166666665 0.324158653125 0.34567307708333334 0.324158653125 0.34567307708333334 0.35733173125 0.38605769166666665 0.35733173125 0.38605769166666665 0.324158653125
1 0.38878205208333333 0.3574519234375 0.34551282083333335 0.3574519234375 0.34551282083333335 0.387259615625 0.38878205208333333 0.387259615625 0.38878205208333333 0.3574519234375
1 0.41939102500000003 0.3337740390625 0.38125 0.3337740390625 0.38125 0.376322115625 0.41939102500000003 0.376322115625 0.41939102500000003 0.3337740390625