1 0.296592584375 0.06967464166666668 0.2957416890625 0.004677625 0.2368813609375 0.00604750625 0.23773225625 0.07104452291666667 0.296592584375 0.06967464166666668
2 0.3887563234375 0.10591726458333332 0.3874030375 0.0025443520833333334 0.30079797343750003 0.004559947916666667 0.30215125781249996 0.10793286041666666 0.3887563234375 0.10591726458333332
1 0.34624758906249997 0.0387772625 0.2671621265625 0.040617852083333336 0.2687552921875 0.16231438958333333 0.34784075468750003 0.1604738 0.34624758906249997 0.0387772625
1 0.41938631718749997 0.08791269375 0.3364114046875 0.08984380208333334 0.3378280546875 0.19805691666666667 0.4208029671875 0.19612580625 0.41938631718749997 0.08791269375
0 0.315988890625 0.25355281875 0.20734361406250001 0.25608136458333336 0.20899561875 0.38227237708333334 0.3176408953125 0.37974383125 0.315988890625 0.25355281875
0 0.2213682609375 0.2574841333333333 0.1155752484375 0.2599462979166667 0.117449028125 0.40307802291666667 0.22324204218750002 0.40061585833333335 0.2213682609375 0.2574841333333333
2 0.2846339390625 0.3647765604166667 0.19854746875 0.36678008749999996 0.1998600203125 0.46704144166666667 0.285946490625 0.4650379145833333 0.2846339390625 0.3647765604166667
1 0.16404022499999998 0.4749646895833333 0.1077728609375 0.47627422291666666 0.1086509125 0.5433456104166667 0.1649182765625 0.5420360770833333 0.16404022499999998 0.4749646895833333
1 0.145050403125 0.5400776333333333 0.0833378125 0.5415138958333333 0.084247546875 0.6110053833333333 0.14596013593749999 0.6095691208333334 0.145050403125 0.5400776333333333
0 0.10798735156249999 0.6709738520833334 0.0574245140625 0.6721506229166666 0.05815320625 0.7278129583333333 0.10871604374999999 0.7266361875 0.10798735156249999 0.6709738520833334
1 0.2561186484375 0.8018828916666667 0.2099638546875 0.8029570708333333 0.21064276093749998 0.85481639375 0.2567975546875 0.8537422125 0.2561186484375 0.8018828916666667
1 0.48541539531250005 0.8124547437499999 0.415664609375 0.8140780833333333 0.41685043125 0.9046590291666666 0.4866012171875 0.9030356895833334 0.48541539531250005 0.8124547437499999
2 0.44383412968749997 1 0.504192878125 0.9985952458333334 0.5029301140625 0.9021369104166667 0.4311049546875 0.9038085270833334 0.43236422656249995 1 0.44383412968749997 1
0 0.674480340625 0.5830894479166666 0.6280662484375 0.5841696625 0.628799465625 0.6401777291666666 0.6752135578125 0.6390975145833333 0.674480340625 0.5830894479166666
1 0.7335513312499999 0.38977671875000003 0.6472055625 0.39178627916666664 0.6486901031250001 0.5051853270833333 0.735035871875 0.5031757666666666 0.7335513312499999 0.38977671875000003
0 0.7367104140625 0.3933344541666666 0.6291023234375 0.3958388625 0.631053046875 0.5448479749999999 0.7386611359375 0.5423435666666666 0.7367104140625 0.3933344541666666
2 0.632715028125 0.38451517083333336 0.5642607265625 0.38610833749999995 0.5656637984375 0.49328426666666664 0.6341181 0.4916911 0.632715028125 0.38451517083333336
2 0.705027459375 0.3408133666666667 0.6119399796875 0.34297983125 0.613130328125 0.4339065041666667 0.7062178078125 0.4317400416666667 0.705027459375 0.3408133666666667