3 0.7870918354166666 0.8059661859375 0.6462530750000001 0.8078099484375001 0.64896789375 0.9244588468750001 0.7898066541666666 0.9226150843750001 0.7870918354166666 0.8059661859375
3 0.9722348770833332 0.6822873984375 0.7461044479166666 0.6852477390625 0.7501641645833333 0.8596835328125 0.9762945937499999 0.8567231921875 0.9722348770833332 0.6822873984375
4 0.7970175541666666 0.5547227312499999 0.6454277395833333 0.5567072390625001 0.647986175 0.66663673125 0.7995759895833333 0.6646522234375001 0.7970175541666666 0.5547227312499999
3 0.7521876979166666 0.46914057500000006 0.5339413749999999 0.4719977015625 0.5377759 0.6367575515625 0.7560222229166667 0.6339004234375001 0.7521876979166666 0.46914057500000006
4 0.9739122708333333 0.454004865625 0.7524406333333334 0.4569042171875 0.7562563916666666 0.6208577375 0.9777280312500001 0.6179583859375 0.9739122708333333 0.454004865625
4 0.64845810625 0.37115544218749996 0.5076193458333333 0.37299920468750003 0.51055935625 0.4993240484375 0.6513981166666666 0.4974802859375 0.64845810625 0.37115544218749996
4 0.7985823541666667 0.321602228125 0.5921621833333333 0.32430453593749997 0.5958465812499999 0.48261375468749995 0.8022667520833333 0.4799114453125 0.7985823541666667 0.321602228125
4 0.7812396125000001 0.2387520984375 0.6196154875000001 0.24086796875 0.6220363041666667 0.34488438125 0.7836604312500001 0.3427685109375 0.7812396125000001 0.2387520984375
4 0.6036327854166667 0.24726093906250002 0.52228316875 0.2483259109375 0.5243224104166667 0.335946971875 0.6056720270833333 0.334882 0.6036327854166667 0.24726093906250002
4 0.6918365937500001 0.20954152812500002 0.5545815166666667 0.21133837500000002 0.55723378125 0.3252995109375 0.6944888583333333 0.3235026640625 0.6918365937500001 0.20954152812500002
4 0.6156569833333333 0.1940040421875 0.5153138458333334 0.1953176640625 0.5169902770833333 0.26734970156250004 0.6173334145833334 0.2660360796875 0.6156569833333333 0.1940040421875
4 0.76147265 0.2134693484375 0.6736724020833333 0.21461876875 0.6745919375 0.254128878125 0.7623921854166666 0.252979459375 0.76147265 0.2134693484375
4 0.6547111583333333 0.15464276875 0.566194175 0.1558015703125 0.5675203083333333 0.2127821390625 0.6560372916666667 0.2116233375 0.6547111583333333 0.15464276875
4 0.7787030729166666 0.12976332343750002 0.6901860895833334 0.1309221265625 0.6919813729166666 0.2080609125 0.78049835625 0.2069021109375 0.7787030729166666 0.12976332343750002
4 0.7292934333333334 0.09384545 0.6085233020833333 0.0954264890625 0.6108252666666666 0.19433615312500002 0.7315954 0.192755115625 0.7292934333333334 0.09384545
4 0.7207355666666667 0.049595890625 0.6429696354166666 0.050613946875 0.6441831729166666 0.10275654218750001 0.7219491041666667 0.101738484375 0.7207355666666667 0.049595890625
4 0.36915926250000003 0.038066990625000005 0.3175542229166667 0.0387425671875 0.31878026875000004 0.091422715625 0.37038531041666667 0.09074713749999999 0.36915926250000003 0.038066990625000005
4 0.34129098125 0.0420614078125 0.2649585208333333 0.0430607 0.26638473958333336 0.1043416859375 0.3427172 0.1033423953125 0.34129098125 0.0420614078125
4 0.3714201645833333 0.11210781249999999 0.281828075 0.11328069062499999 0.28345446458333334 0.18316251875 0.3730465520833333 0.1819896421875 0.3714201645833333 0.11210781249999999
5 0.30238493541666667 0.211010371875 0.165488225 0.21280252656249998 0.16795283125 0.3187003734375 0.30484953958333333 0.31690821874999997 0.30238493541666667 0.211010371875
4 0.32433560625 0.245405709375 0.26197951458333335 0.24622203125 0.26361215833333335 0.3163726375 0.32596825 0.3155563140625 0.32433560625 0.245405709375
4 0.33726914375 0.1850121671875 0.24122642708333333 0.186269490625 0.24279651666666666 0.253732334375 0.33883923541666666 0.252475009375 0.33726914375 0.1850121671875
3 0.31777219375 0.34846430625 0.16331543541666665 0.3504863453125 0.16581757291666666 0.4579968515625 0.32027433125000004 0.4559748109375 0.31777219375 0.34846430625
3 0.3612295020833333 0.344265809375 0.2623198375 0.345560665625 0.2645655041666667 0.44205134375000005 0.36347516875 0.4407564875 0.3612295020833333 0.344265809375
3 0.2551983854166667 0.409238846875 0.11149267708333334 0.41112014218750004 0.11384468541666666 0.512180015625 0.25755039375 0.510298721875 0.2551983854166667 0.409238846875