5 0.5410611774530271 0.385440003125 0.2446537160751566 0.408756584375 0.2745597369519833 0.6217145734375 0.5709671962421712 0.5983979921875 0.5410611774530271 0.385440003125
4 0.2995044237995824 0.208865821875 0.2723016659707725 0.015157510937499999 0.005391064718162839 0.036153753125 0.032593820459290185 0.22986206406249998 0.2995044237995824 0.208865821875
4 0 0.11674085468749999 0.11688674321503133 0.10754608125000001 0.10575232776617954 0.028258940625 0 0.0365778359375 0 0.11674085468749999
4 1 0.8927592234375 0.9958070688935281 0.8629017484375 0.8860931419624217 0.8715322796875 0.8981538496868475 0.9574154640625 1 0.9494038437500001 1 0.8927592234375
4 0.7891594634655532 0.8753466609375 0.6794455386221294 0.883977190625 0.6919599394572025 0.9730910906249999 0.801673866388309 0.9644605593750001 0.7891594634655532 0.8753466609375
5 0.8147312901878914 0.4061030921875 0.706456235908142 0.414620434375 0.7173827077244258 0.49242683125 0.8256577620041754 0.48390948749999996 0.8147312901878914 0.4061030921875
4 0.7723073716075156 0.7967814953125 0.6971263528183715 0.80269553125 0.7055575073068894 0.8627329921875001 0.7807385240083508 0.85681895625 0.7723073716075156 0.7967814953125
4 0.7193895240083508 0.7177869984374999 0.6467265281837161 0.72350295625 0.6556113778705637 0.786771134375 0.7282743716075157 0.7810551765625 0.7193895240083508 0.7177869984374999
4 0.8129304488517746 0.957858865625 0.815747133611691 0.9779162234375001 0.9254610605427974 0.9692856921875 0.9226443736951984 0.949228334375 0.8129304488517746 0.957858865625
4 0.8522187473903967 0.3078840390625 0.7475408705636742 0.316118415625 0.7571440688935281 0.384501890625 0.8618219457202505 0.376267515625 0.8522187473903967 0.3078840390625
4 0.9221578434237996 0.38118436875 0.9853703736951983 0.376211821875 0.9772794926931107 0.318597396875 0.9140669603340292 0.32356994375000003 0.9221578434237996 0.38118436875