5 0.44560185208333336 0.1426091265625 0.23925264583333333 0.1426091265625 0.23925264583333333 0.2765376984375 0.44560185208333336 0.2765376984375 0.44560185208333336 0.1426091265625
5 0.31977513125 0.343005953125 0.14748677291666665 0.343005953125 0.14748677291666665 0.4833829359375 0.31977513125 0.4833829359375 0.31977513125 0.343005953125
5 0.5760582020833334 0.20560515937499999 0.40046296249999996 0.20560515937499999 0.40046296249999996 0.346478175 0.5760582020833334 0.346478175 0.5760582020833334 0.20560515937499999
5 0.5947420625 0.3436259921875 0.42774470833333333 0.3436259921875 0.42774470833333333 0.4874751984375 0.5947420625 0.4874751984375 0.5947420625 0.3436259921875
5 0.5380290999999999 0.397693453125 0.40443121666666665 0.397693453125 0.40443121666666665 0.5147569437499999 0.5380290999999999 0.5147569437499999 0.5380290999999999 0.397693453125
5 0.30820105833333333 0.4663938484375 0.15839947083333333 0.4663938484375 0.15839947083333333 0.5747767859375 0.30820105833333333 0.5747767859375 0.30820105833333333 0.4663938484375
5 0.3331679895833333 0.576512896875 0.21345899375000002 0.576512896875 0.21345899375000002 0.6724950390625 0.3331679895833333 0.6724950390625 0.3331679895833333 0.576512896875
5 0.6491402125000001 0.46006944375 0.5039682541666667 0.46006944375 0.5039682541666667 0.5835813484375 0.6491402125000001 0.5835813484375 0.6491402125000001 0.46006944375
4 0.6117724875 0.5618799609375 0.50529100625 0.5618799609375 0.50529100625 0.6538938484375 0.6117724875 0.6538938484375 0.6117724875 0.5618799609375
5 0.5186838625 0.5520833328125 0.3920304229166666 0.5520833328125 0.3920304229166666 0.659226190625 0.5186838625 0.659226190625 0.5186838625 0.5520833328125
4 0.48148148125 0.6644345234375 0.38822751250000004 0.6644345234375 0.38822751250000004 0.731894840625 0.48148148125 0.731894840625 0.48148148125 0.6644345234375
4 0.33465608541666664 0.6417410718750001 0.23511904791666666 0.6417410718750001 0.23511904791666666 0.7156498015625 0.33465608541666664 0.7156498015625 0.33465608541666664 0.6417410718750001
5 0.8082010583333333 0.1968005953125 0.6203703708333334 0.1968005953125 0.6203703708333334 0.3342013890625 0.8082010583333333 0.3342013890625 0.8082010583333333 0.1968005953125
5 0.8136574083333333 0.32490079375 0.64996693125 0.32490079375 0.64996693125 0.4449404765625 0.8136574083333333 0.4449404765625 0.8136574083333333 0.32490079375
5 0.8134920625 0.4378720234375 0.6699735458333334 0.4378720234375 0.6699735458333334 0.548487103125 0.8134920625 0.548487103125 0.8134920625 0.4378720234375
4 0.84325396875 0.5426587296875 0.7251984125 0.5426587296875 0.7251984125 0.6386408734375 0.84325396875 0.6386408734375 0.84325396875 0.5426587296875
4 0.76240079375 0.605034721875 0.6701388895833333 0.605034721875 0.6701388895833333 0.678943453125 0.76240079375 0.678943453125 0.76240079375 0.605034721875
4 0.8642526458333334 0.65811011875 0.7848875666666667 0.65811011875 0.7848875666666667 0.7337549609375 0.8642526458333334 0.7337549609375 0.8642526458333334 0.65811011875
4 0.8090277770833333 0.6469494046875 0.743882275 0.6469494046875 0.743882275 0.701016865625 0.8090277770833333 0.701016865625 0.8090277770833333 0.6469494046875