4 0.9359696158663884 0.6672392015625 0.8252375073068894 0.646575878125 0.7993320208768268 0.7243394578125 0.9100641294363258 0.7450027796875001 0.9359696158663884 0.6672392015625
4 0.8742206283924844 0.7603211546875001 0.9254038935281838 0.76987228125 0.941807713987474 0.720630984375 0.8906244488517745 0.7110798578125 0.8742206283924844 0.7603211546875001
4 0.8034640709812109 0.93489155625 0.7621192901878914 0.9271763546875 0.7545000292275573 0.9500479953125 0.7958448100208768 0.957763196875 0.8034640709812109 0.93489155625
4 0.7780926764091858 0.847130675 0.6767080835073068 0.8282116578125001 0.6514300647181629 0.9040916890625 0.7528146597077244 0.92301070625 0.7780926764091858 0.847130675
4 0.7545860605427975 0.6265325390625 0.6780083340292276 0.6122426437499999 0.653985254697286 0.68435558125 0.7305629791231733 0.6986454765625 0.7545860605427975 0.6265325390625
4 0.7116386534446764 0.7428435484375 0.5958732672233821 0.7212409828124999 0.5655755010438414 0.8121893890624999 0.6813408872651356 0.8337919546875 0.7116386534446764 0.7428435484375
4 0.7004204592901879 0.601134309375 0.5393555720250521 0.5710785671874999 0.5010799916492693 0.6859749265625 0.662144878914405 0.7160306703125 0.7004204592901879 0.601134309375
4 0.873386248434238 0.2515750609375 0.7155570396659707 0.2221231171875 0.6763850751565762 0.3397102578125 0.8342142839248434 0.36916220312500003 0.873386248434238 0.2515750609375
4 0.6634587891440501 0.3567328875 0.47183471607515654 0.320974603125 0.42683625887265136 0.45605182187500004 0.6184603319415449 0.49181010625 0.6634587891440501 0.3567328875
4 0.6360115845511481 0.2052787890625 0.485013254697286 0.17710152968749998 0.44924754906054276 0.2844637015625 0.6002458789144051 0.312640959375 0.6360115845511481 0.2052787890625
4 0.5445743048016701 0.31296998125000003 0.45325626513569933 0.2959294484375 0.42824716283924846 0.371002246875 0.5195652004175365 0.3880427796875 0.5445743048016701 0.31296998125000003
4 0.46608735073068897 0.378920884375 0.37764546972860125 0.36241706093750004 0.35577370981210854 0.428072125 0.44421559081419626 0.44457594843750003 0.46608735073068897 0.378920884375
4 0.36714135281837157 0.37446138125 0.2344785344467641 0.349705646875 0.19745789144050105 0.4608349125 0.3301207098121086 0.4855906484375 0.36714135281837157 0.37446138125
4 0.33639539457202505 0.4667551796875 0.22494424634655533 0.445957678125 0.20432742171189977 0.507845646875 0.3157785720250522 0.5286431484375 0.33639539457202505 0.4667551796875
4 0.3365323862212944 0.5225127609375 0.2124980438413361 0.49936715468750004 0.182021 0.59085371875 0.30605534237995824 0.613999325 0.3365323862212944 0.5225127609375
4 0.448517605427975 0.8030639671875001 0.36079476409185807 0.7866943203125001 0.33766806680584555 0.8561164781249999 0.42539090605427976 0.8724861234375 0.448517605427975 0.8030639671875001
4 0.3871213841336117 0.6755701171874999 0.2544585657620042 0.6508143828125 0.21976851983298537 0.7549476187499999 0.35243133820459294 0.779703353125 0.3871213841336117 0.6755701171874999
4 0.33007092901878915 0.63934456875 0.22545065553235907 0.619821753125 0.20142757411273485 0.691934690625 0.306047847599165 0.71145750625 0.33007092901878915 0.63934456875