1 0.44079880833333335 0 0.43985270833333334 0.02031960625 0.5591883375 0.023445075000000003 0.5602207187499999 0.0012724437499999999 0.5116367104166667 0 0.44079880833333335 0
1 0.7827098270833334 0.26591523437500003 0.859863375 0.2679359296875 0.8629982875 0.2006068390625 0.7858447395833333 0.19858614375 0.7827098270833334 0.26591523437500003
1 0.6634532166666667 0.020761279687500002 0.6642337979166667 0.0039966062500000005 0.5629246979166667 0.0013432625 0.5621441166666667 0.0181079359375 0.6634532166666667 0.020761279687500002
1 0.38247962291666665 0.45401173593750005 0.7924029145833333 0.4647478625 0.8070828604166667 0.1494638515625 0.39715956875 0.1387277234375 0.38247962291666665 0.45401173593750005
1 0.8475211354166666 0.6996940734375 0.9401775 0.702120796875 0.9432620520833334 0.6358732984375 0.8506056854166667 0.633446575 0.8475211354166666 0.6996940734375
1 0.9317851416666667 0.7350651375 0.9892897729166666 0.7365712171875 0.9930667750000001 0.6554518328125 0.93556214375 0.653945753125 0.9317851416666667 0.7350651375
2 0.8044640416666666 0.76002156875 0.8679174270833333 0.76168345 0.8703598874999999 0.7092262484375 0.8069065041666666 0.7075643671875 0.8044640416666666 0.76002156875
0 0.5868443229166667 0.8326976484375 0.7180774625 0.8361347203125 0.72320159375 0.7260827546875 0.5919684562499999 0.7226456828125001 0.5868443229166667 0.8326976484375
0 0.4730534270833333 0.8190236578125001 0.6107761166666666 0.8226306937500001 0.6165423395833333 0.69878843125 0.47881965 0.69518139375 0.4730534270833333 0.8190236578125001
1 0.3990284875 0.79244868125 0.5122350958333334 0.7954136265625 0.51718296875 0.6891472328125 0.4039763604166666 0.6861822859375 0.3990284875 0.79244868125
2 0.49532733125 0.9337187437500001 0.6712662645833334 0.9383266859375 0.6770324875 0.8144844250000001 0.5010935520833333 0.8098764828125 0.49532733125 0.9337187437500001