3 0.2016448037578288 0.0739944890625 0.19197194363256784 0.032937071875 0.08339979331941545 0.047265309374999995 0.09307265135699375 0.088322725 0.2016448037578288 0.0739944890625
5 0.18377338830897702 0.1373550078125 0.16016220876826723 0.03713499375 0.04320904801670146 0.052569270312500006 0.06682022755741128 0.152789284375 0.18377338830897702 0.1373550078125
5 0.21010576409185802 0.12491336718749999 0.10762889144050104 0.1384372109375 0.12603419206680586 0.2165603515625 0.22851106471816285 0.20303650625 0.21010576409185802 0.12491336718749999
4 0.4890244175365344 0 0.5156039498956159 0.11281948281250001 0.6912241670146139 0.08964293125 0.670104878914405 0 0.4890244175365344 0
4 0.7636301273486431 0.00850201875 0.5350571774530272 0.038666728125 0.577644624217119 0.21943340781249998 0.8062175741127349 0.1892686984375 0.7636301273486431 0.00850201875
4 0.17908082881002088 0.186628915625 0.06555626513569937 0.201610721875 0.0859095720250522 0.28800236875 0.1994341356993737 0.27302056406249997 0.17908082881002088 0.186628915625
4 0.22756320668058455 0.23902785 0.13156256784968684 0.251697028125 0.14788551774530273 0.32098141875 0.2438861565762004 0.30831224062499996 0.22756320668058455 0.23902785
4 0.8599727807933194 0.1448384546875 0.7014955344467642 0.165752653125 0.7306484572025053 0.2894951453125 0.8891257014613778 0.268580946875 0.8599727807933194 0.1448384546875
4 0.18931442379958247 0.2850865375 0.08264704801670146 0.2991634015625 0.10071648434237995 0.3758609375 0.20738386221294364 0.361784071875 0.18931442379958247 0.2850865375
4 0.2517366409185804 0.3282961921875 0.15611695407098122 0.340915096875 0.17183535073068895 0.4076333984375 0.2674550375782881 0.39501449375000003 0.2517366409185804 0.3282961921875
4 0.8893870709812108 0.2488494109375 0.6802428225469729 0.2764501203125 0.7140306555323591 0.41986595781249997 0.9231749060542798 0.3922652484375 0.8893870709812108 0.2488494109375
4 0.23524551774530272 0.38000911249999997 0.144578248434238 0.391974446875 0.16056533402922754 0.45983323125000003 0.25123260542797493 0.44786789687499995 0.23524551774530272 0.38000911249999997
4 0.28061913152400836 0.400038903125 0.20671387682672232 0.4097921578125 0.2195438496868476 0.464250259375 0.29344910229645094 0.454497003125 0.28061913152400836 0.400038903125
4 0.9827869102296451 0.4243803234375 0.9896833841336117 0.423470196875 0.9833691565762004 0.39666882812500004 0.9764726826722339 0.39757895468750004 0.9827869102296451 0.4243803234375
4 0.2891808496868476 0.45138546249999995 0.22137087682672232 0.4603343265625 0.2325887056367432 0.5079495234375 0.3003986805845511 0.49900066093750006 0.2891808496868476 0.45138546249999995
4 0.911852133611691 0.36671282656250004 0.7667083089770356 0.3858674171875 0.7865242338204593 0.469978096875 0.9316680584551148 0.45082350625 0.911852133611691 0.36671282656250004
4 0.9146483924843424 0.4527756015625 0.79350472651357 0.4687628984375 0.812380235908142 0.548881884375 0.9335238997912317 0.5328945875 0.9146483924843424 0.4527756015625
4 0.8540607494780793 0.545733203125 0.7131074300626306 0.5643347734375 0.7402451711899791 0.6795236375 0.881198490605428 0.6609220671875 0.8540607494780793 0.545733203125
4 0.8324046555323591 0.596363828125 0.6983085240083508 0.6140604578125 0.7206770104384134 0.709005734375 0.8547731419624217 0.6913091046875001 0.8324046555323591 0.596363828125
3 0.9586465845511482 0.578674765625 0.8599792609603341 0.591695865625 0.8775113173277662 0.666112434375 0.9761786409185803 0.653091334375 0.9586465845511482 0.578674765625
4 1 0.6240768937500001 0.9538863903966598 0.63016249375 0.9662461524008351 0.6826247484375 1 0.6781702625 1 0.6240768937500001
4 0.9583437244258873 0.6407457171875001 0.8905337473903967 0.64969458125 0.8994677077244259 0.6876156671875 0.9672776847599165 0.6786668031249999 0.9583437244258873 0.6407457171875001
4 0.8739869603340292 0.699503940625 0.7943673799582464 0.7100113140625 0.808272114822547 0.76903135 0.8878916931106472 0.7585239765625 0.8739869603340292 0.699503940625
5 1 0.6936045125 0.951296400835073 0.7000319125 0.9657385177453027 0.7613329156249999 1 0.7568114375 1 0.6936045125
5 1 0.8200608640624999 0.9888396325678497 0.7726895687499999 0.9438869519832985 0.7786219609375 0.9561795427974947 0.8307990937499999 1 0.82501611875 1 0.8200608640624999
4 0.8655988559498956 0.7989491328125 0.7909316910229646 0.8088029390625 0.8043662171189979 0.8658271281250001 0.879033382045929 0.8559733234375001 0.8655988559498956 0.7989491328125
3 1 0.869848940625 0.9085182212943632 0.881921765625 0.9249419290187891 0.9516338359375001 1 0.9417284421875 1 0.869848940625
4 0.8668644405010438 0.8618420468749999 0.8036259227557412 0.8701876171875 0.8149109248434238 0.9180879359375 0.8781494425887265 0.9097423656249999 0.8668644405010438 0.8618420468749999
4 0.9053261273486429 0.8758753406249999 0.8257065490605429 0.8863827140625 0.8416264634655533 0.9539563781249999 0.9212460396659709 0.9434490046875 0.9053261273486429 0.8758753406249999
4 0.8278784070981211 0.5346361875000001 0.7097823841336117 0.5502212875 0.7234184279749478 0.6081008390625 0.8415144530271399 0.592515740625 0.8278784070981211 0.5346361875000001
4 0.9805000104384134 0.5513899624999999 0.9370711503131524 0.5571212578125 0.9452662108559499 0.5919060125 0.9886950709812109 0.5861747171875 0.9805000104384134 0.5513899624999999
3 0.32123091231732775 0.6007633546875 0.2827544634655533 0.6058410796875 0.28792675782881005 0.62779539375 0.3264032045929019 0.6227176671875 0.32123091231732775 0.6007633546875
5 0.3242547306889353 0.5477408609375 0.2899687870563674 0.55226556875 0.2945365260960334 0.5716537921875 0.3288224697286013 0.5671290859375 0.3242547306889353 0.5477408609375
5 0.24787140918580378 0.5678166609375 0.2158711962421712 0.5720397203124999 0.220707624217119 0.5925684296875 0.25270783924843426 0.5883453703125 0.24787140918580378 0.5678166609375
5 0.2720514697286013 0.5612447890625 0.24081316701461378 0.5653673 0.24497787056367432 0.5830447984375 0.2762161732776618 0.5789222890625 0.2720514697286013 0.5612447890625