4 0.5871141878914404 0.4854590265625 0.525595872651357 0.47816659218749996 0.5164809457202505 0.521238715625 0.577999260960334 0.5285311484374999 0.5871141878914404 0.4854590265625
4 0.5764024739039666 0.439148509375 0.5287753903966597 0.433502753125 0.5190842317327766 0.4792978265625 0.5667113152400836 0.48494358125000003 0.5764024739039666 0.439148509375
5 0.5441549707724427 0.43532586249999994 0.4753602922755741 0.4271708828125 0.4644119018789144 0.4789069375 0.5332065782881001 0.4870619171875 0.5441549707724427 0.43532586249999994
5 0.5583194906054281 0.513383884375 0.48787109603340295 0.505032871875 0.4771846283924843 0.555531221875 0.5476330229645093 0.5638822359375 0.5583194906054281 0.513383884375
5 0.5367227118997911 0.7059580390625 0.48975711691022966 0.700390696875 0.4824756513569938 0.7347988890625 0.5294412463465553 0.7403662296875 0.5367227118997911 0.7059580390625
5 0.5462808810020877 0.6912316578125 0.5089068517745302 0.6868013078125 0.5048208496868476 0.7061095 0.542194878914405 0.71053985 0.5462808810020877 0.6912316578125
5 0.5013352087682672 0.7121669515625 0.4639611774530271 0.7077366031250001 0.4570464029227558 0.7404120062499999 0.4944204363256785 0.7448423562500001 0.5013352087682672 0.7121669515625
5 0.4978834175365344 0.665194528125 0.4588556680584551 0.6605681453125001 0.45382674321503136 0.684332075 0.49285449060542796 0.6889584578125 0.4978834175365344 0.665194528125
5 0.47932274739039665 0.6695918468750001 0.44327169102296454 0.665318325 0.4366188413361169 0.6967560234375 0.47266989770354906 0.7010295453125 0.47932274739039665 0.6695918468750001
5 0.7188011753653445 0.7074954734375 0.6910187077244259 0.704202115625 0.686304089770355 0.7264808015625001 0.7140865574112735 0.729774159375 0.7188011753653445 0.7074954734375
5 0.8833804133611691 1 0.8863055824634655 0.9861772609375 0.8614998100208768 0.9832367640624999 0.8579523716075156 1 0.8833804133611691 1
4 0.8742395949895616 0.9751044234374999 0.8514182860125261 0.972399165625 0.8475418225469729 0.9907171953124999 0.8703631315240083 0.9934224531250001 0.8742395949895616 0.9751044234374999