5 0.7265063854166667 0.66893485625 0.44352475208333336 0.6615234046875 0.4324044458333333 0.9003563187499999 0.7153860791666666 0.9077677703125 0.7265063854166667 0.66893485625
5 0.35099769375 0.48816260156249996 0.01321075625 0.4793157671875 0.0018027479166666666 0.7243277124999999 0.3395896854166667 0.733174546875 0.35099769375 0.48816260156249996
4 0.4261922625 0.305879965625 0.17938929374999998 0.29941605312499997 0.17073321666666666 0.4853242390625 0.4175361875 0.4917881515625 0.4261922625 0.305879965625
4 0.6163192937499999 0.3626383546875 0.4185903541666667 0.3574597203125 0.41146035 0.5105921875 0.6091892875 0.515770821875 0.6163192937499999 0.3626383546875
4 0.5520756124999999 0.1941875203125 0.3468243770833333 0.18881187187499998 0.33949423125 0.3462427921875 0.5447454666666667 0.351618440625 0.5520756124999999 0.1941875203125
4 0.5700489645833334 0.13938264375 0.5163182729166667 0.13797540625 0.5145045 0.17693015625 0.5682351916666666 0.17833739531249998 0.5700489645833334 0.13938264375
4 0.69289838125 0.019675796875000002 0.5757654770833334 0.016608018750000002 0.5713748937500001 0.11090537812500001 0.6885077979166667 0.11397315781249999 0.69289838125 0.019675796875000002
4 0.5875424458333334 0.0178578984375 0.4790064541666667 0.015015278125 0.47450329375 0.11173051875 0.5830392854166667 0.1145731390625 0.5875424458333334 0.0178578984375
4 0.7017164520833333 0.0960283875 0.6028519854166666 0.09343906874999999 0.59921193125 0.171617221875 0.6980763979166666 0.17420654062500002 0.7017164520833333 0.0960283875
3 0.9992053354166667 0.315642378125 0.9444000312499999 0.3142069953125 0.9426863270833333 0.35101251875 0.99749163125 0.3524479 0.9992053354166667 0.315642378125
3 1 0.30033126875 0.9789633666666667 0.2997803078125 0.9771871187500001 0.33792909843749996 1 0.33852658125 1 0.30033126875
3 0.9911389125 0.284767271875 0.9327515625 0.283238075 0.9316257729166666 0.307416884375 0.9900131229166667 0.3089460828125 0.9911389125 0.284767271875
4 0.488724575 0.168320025 0.4417997708333333 0.16709103593750002 0.4405113666666667 0.1947623421875 0.4874361708333333 0.1959913296875 0.488724575 0.168320025