3 1 0.1834153671875 0.9914101 0.183077734375 0.9870667187500001 0.24523523125 1 0.245743584375 1 0.1834153671875
3 1 0.20801183124999997 0.9705180083333332 0.2068530171875 0.9665515333333333 0.2636166828125 1 0.2649314015625 1 0.20801183124999997
3 0.9021064104166666 0.29636859531250004 0.9825858125 0.2995319046875 0.9867676645833333 0.23968605156249997 0.9062882625 0.23652274062499998 0.9021064104166666 0.29636859531250004
3 1 0.28746743124999996 0.9471728854166667 0.2853910171875 0.9427577125000001 0.348575909375 1 0.350825865625 1 0.28746743124999996
3 0.39214901874999997 0.2791573953125 0.6037927270833333 0.287476228125 0.6157101041666666 0.116928384375 0.40406639583333337 0.1086095515625 0.39214901874999997 0.2791573953125
3 0.38580810833333334 0.47310434062500006 0.58923264375 0.4811001109375 0.6000731520833333 0.32596321875 0.3966486166666667 0.3179674484375 0.38580810833333334 0.47310434062500006
3 0.2303331 0.39075709999999997 0.4282781854166667 0.398537496875 0.438849475 0.247253340625 0.24090438958333332 0.23947294375 0.2303331 0.39075709999999997
3 0.18339182083333333 0.52193899375 0.3755149916666667 0.5294905546875001 0.3851170979166667 0.392076253125 0.192993925 0.38452469218749996 0.18339182083333333 0.52193899375
3 0.19225154791666668 0.554867890625 0.34430625 0.560844528125 0.3494393375 0.48738566875 0.19738463541666668 0.48140903125 0.19225154791666668 0.554867890625
3 0.3533963875 0.5806471953125001 0.5246291583333333 0.5873776421875 0.5339440979166666 0.4540729296875 0.36271132500000003 0.4473424828125 0.3533963875 0.5806471953125001
5 0.5047867625 0.5347004656250001 0.6770469333333333 0.5414712953125 0.6857336979166667 0.4171563015625 0.5134735270833334 0.410385471875 0.5047867625 0.5347004656250001
4 0.6003181791666666 0.6345232796875 0.7756605375 0.6414152578125 0.7836293875 0.5273742296874999 0.6082870270833334 0.5204822515624999 0.6003181791666666 0.6345232796875
4 0.6741908208333334 0.69537669375 0.8543276979166666 0.702457125 0.8636785333333333 0.5686387109375 0.68354165625 0.56155828125 0.6741908208333334 0.69537669375
4 0.64193868125 0.7637775203125 0.80050023125 0.7700099140625001 0.8086844541666667 0.6528866984375 0.6501229062499999 0.6466543046875 0.64193868125 0.7637775203125
4 0.4519398916666667 0.6570221546874999 0.6128986979166666 0.663348775 0.62068806875 0.551876240625 0.4597292625 0.5455496203125 0.4519398916666667 0.6570221546874999
4 0.53978765625 0.7390292421875 0.66204785625 0.74383478125 0.6693705833333333 0.6390403234375001 0.5471103833333333 0.634234784375 0.53978765625 0.7390292421875
4 0.5086303354166667 0.7917622703125 0.6397946416666667 0.7969177921874999 0.6454841125 0.7154966093749999 0.5143198083333334 0.7103410859375 0.5086303354166667 0.7917622703125
4 0.48132769375 0.8360187281250001 0.5916015979166667 0.8403531359375 0.5971654354166667 0.7607298984375 0.48689152916666667 0.756395490625 0.48132769375 0.8360187281250001
4 0.38025353749999996 0.7958595015625 0.5145000333333333 0.8011361718750001 0.5216253333333333 0.6991670562500001 0.3873788375 0.6938903843750001 0.38025353749999996 0.7958595015625
4 0.34185105416666667 0.6991836296875 0.48328932500000005 0.704742978125 0.49132996458333333 0.5896745546875 0.34989169375 0.58411520625 0.34185105416666667 0.6991836296875