1 0.7203525645833333 0.1912259609375 0.4354166666666667 0.1912259609375 0.4354166666666667 0.43016826874999997 0.7203525645833333 0.43016826874999997 0.7203525645833333 0.1912259609375
1 0.9136217958333333 0.3222355765625 0.6661858979166666 0.3222355765625 0.6661858979166666 0.4931490390625 0.9136217958333333 0.4931490390625 0.9136217958333333 0.3222355765625
2 0.9766025645833333 0.3943509609375 0.9003205125 0.3943509609375 0.9003205125 0.4525240390625 0.9766025645833333 0.4525240390625 0.9766025645833333 0.3943509609375
1 0.49118589791666667 0.3954326921875 0.4030448708333333 0.3954326921875 0.4030448708333333 0.46442307656250004 0.49118589791666667 0.46442307656250004 0.49118589791666667 0.3954326921875
0 0.20737179583333332 0.760216346875 0.10480769166666667 0.760216346875 0.10480769166666667 0.8282451921874999 0.20737179583333332 0.8282451921874999 0.20737179583333332 0.760216346875
0 0.1625 0.73173076875 0.11891025625 0.73173076875 0.11891025625 0.7704326921875 0.1625 0.7704326921875 0.1625 0.73173076875
2 0.22820512916666666 0.728966346875 0.14615384583333332 0.728966346875 0.14615384583333332 0.7664663468749999 0.22820512916666666 0.7664663468749999 0.22820512916666666 0.728966346875
1 0.3830128208333334 0.6875 0.225 0.6875 0.225 0.8012019234375 0.3830128208333334 0.8012019234375 0.3830128208333334 0.6875
1 0.4469551291666667 0.5818509609375 0.2905448708333333 0.5818509609375 0.2905448708333333 0.7010817312500001 0.4469551291666667 0.7010817312500001 0.4469551291666667 0.5818509609375
1 0.29583333333333334 0.5878605765625 0.08589743541666667 0.5878605765625 0.08589743541666667 0.7426682687499999 0.29583333333333334 0.7426682687499999 0.29583333333333334 0.5878605765625
1 0.24471153750000002 0.10084134687499999 0.19246794791666666 0.10084134687499999 0.19246794791666666 0.1400240390625 0.24471153750000002 0.1400240390625 0.24471153750000002 0.10084134687499999
1 0.2778846145833333 0.10769230781250001 0.2378205125 0.10769230781250001 0.2378205125 0.146875 0.2778846145833333 0.146875 0.2778846145833333 0.10769230781250001
1 0.12451923125 0.1215144234375 0.07035256458333333 0.1215144234375 0.07035256458333333 0.1691105765625 0.12451923125 0.1691105765625 0.12451923125 0.1215144234375