5 0.15725913987473905 0.5343285625 0.41557298121085595 0.5789627171875 0.4696025845511482 0.4038074421875 0.2112887432150313 0.3591732875 0.15725913987473905 0.5343285625
3 0.3598584196242171 0.5346711796875 0.49563877035490606 0.5581327218750001 0.5403236325678497 0.41327159843750005 0.40454327974947807 0.38981005625 0.3598584196242171 0.5346711796875
4 0.13211529436325678 0.712589496875 0.3403854300626305 0.7485765796875 0.38107753653444676 0.616659321875 0.17280740083507307 0.5806722390625 0.13211529436325678 0.712589496875
4 0.1727442108559499 0.85855825 0.34127375574112734 0.8876785390625 0.3834100501043841 0.7510794578125 0.21488050521920668 0.72195916875 0.1727442108559499 0.85855825
4 0.30884568267223383 0.8043337578124999 0.40893309394572025 0.821627903125 0.44002560125260964 0.720831 0.3399381899791231 0.7035368546874999 0.30884568267223383 0.8043337578124999
4 0.37893065553235905 0.6946100421875 0.5353172400835073 0.7216321453125001 0.5650505135699374 0.6252416640625 0.4086639290187892 0.5982195609375001 0.37893065553235905 0.6946100421875
4 0.36860304801670146 0.7752083359374999 0.5562669478079332 0.8076348578125 0.6003571419624217 0.6647015453125 0.41269324217118997 0.6322750218750001 0.36860304801670146 0.7752083359374999
4 0.5035723277661796 0.8333393687499999 0.6573831336116911 0.8599164015625 0.6961213402922756 0.7343333765625 0.5423105344467641 0.7077563437500001 0.5035723277661796 0.8333393687499999
4 0.5754460354906054 0.6801226046875 0.7042349874739039 0.7023761015625001 0.7367716805845511 0.596897375 0.6079827286012526 0.5746438781250001 0.5754460354906054 0.6801226046875
4 0.6403976701461377 0.649864140625 0.8328451607515658 0.6831172234375 0.8739620292275574 0.5498229578125 0.6815145365344468 0.5165698765625 0.6403976701461377 0.649864140625
4 0.6338189665970773 0.5179011890624999 0.835833636743215 0.5528073874999999 0.8858704864300626 0.390595978125 0.6838558162839249 0.3556897796875 0.6338189665970773 0.5179011890624999