3 0.8176332212943633 0.69702791875 0.5648489081419624 0.7338033625 0.6154698956158664 0.928713253125 0.8682542066805845 0.891937809375 0.8176332212943633 0.69702791875
4 0.386200363256785 0.6025788249999999 0.1454187599164927 0.637608096875 0.19384805636743213 0.8240791515625 0.43462965970772444 0.7890498796875 0.386200363256785 0.6025788249999999
4 0.21835844676409186 0.7004482859375 0.1467059164926931 0.7108724046875 0.17427879958246348 0.81703840625 0.24593133194154487 0.8066142875000001 0.21835844676409186 0.7004482859375
4 0.3743635511482255 0.4305596625 0.1317633549060543 0.46585350625000005 0.1734054801670146 0.6261913906250001 0.4160056764091858 0.590897546875 0.3743635511482255 0.4305596625
4 0.3947432630480167 0.4109269359375 0.23179740292275575 0.4346325453125 0.2568250981210856 0.530998609375 0.4197709582463466 0.5072929984375001 0.3947432630480167 0.4109269359375
4 0.40314350313152403 0.2339861140625 0.1699999853862213 0.2679041859375 0.21496499791231732 0.44103643437500006 0.44810851356993736 0.4071183625 0.40314350313152403 0.2339861140625
4 0.43356992484342377 0.3475058953125 0.34300403549060543 0.3606815578125 0.3594770668058455 0.42410893749999995 0.4500429540709812 0.410933275 0.43356992484342377 0.3475058953125
4 0.453283375782881 0.198864846875 0.38417687473903966 0.20891856562500002 0.3994480083507307 0.267718196875 0.4685545114822547 0.25766447812500004 0.453283375782881 0.198864846875
4 0.7674223632567849 0.49061686875 0.5488275845511482 0.5224183671875 0.5930148977035491 0.692556190625 0.8116096764091858 0.6607546906249999 0.7674223632567849 0.49061686875
4 0.612781127348643 0.5165043812500001 0.5087576555323591 0.5316378734375 0.5388050271398748 0.6473315937499999 0.6428285010438414 0.6321981015625 0.612781127348643 0.5165043812500001
4 0.7946827640918581 0.34342043437499997 0.5677224592901878 0.37643896250000003 0.6052640020876826 0.5209880578125 0.8322243048016702 0.4879695296875 0.7946827640918581 0.34342043437499997
4 0.7513817849686848 0.206489375 0.5658853820459291 0.233475671875 0.6017301315240083 0.371491475 0.787226534446764 0.3445051765625 0.7513817849686848 0.206489375