4 1 0.08284285625 0.9748216229166666 0.0777829625 0.957881275 0.1251996390625 1 0.13366389843749998 1 0.08284285625
4 0.9393412604166667 0.1105730578125 0.8664066229166667 0.095915975 0.84460513125 0.156939178125 0.9175397708333333 0.1715962609375 0.9393412604166667 0.1105730578125
4 0.8662104666666667 0.0656785453125 0.8185647229166667 0.0561035671875 0.8025573229166666 0.100908890625 0.8502030666666667 0.11048386875 0.8662104666666667 0.0656785453125
4 0.8820497104166667 0.31766377343749996 0.8072825437500001 0.302638421875 0.7861684875 0.36173746875 0.8609356541666667 0.3767628203125 0.8820497104166667 0.31766377343749996
4 0.8170673416666666 0.2439141578125 0.7298389791666666 0.22638458125 0.7033236541666666 0.30060199062500004 0.7905520166666666 0.3181315671875 0.8170673416666666 0.2439141578125
4 0.8084842291666666 0.3537009578125 0.7289524854166667 0.3377181078125 0.7075438145833334 0.39764179374999997 0.7870755583333333 0.41362464218749995 0.8084842291666666 0.3537009578125
4 0.7431360458333334 0.30241585312499997 0.65004359375 0.2837078171875 0.6246085208333334 0.3549015546875 0.717700975 0.373609590625 0.7431360458333334 0.30241585312499997
4 0.6999097770833332 0.2496841171875 0.5976546812500001 0.22913473906249998 0.5673093625 0.31407244218749997 0.6695644604166666 0.3346218203125 0.6999097770833332 0.2496841171875
5 0.6713343583333333 0.1674890234375 0.5830064791666667 0.1497384859375 0.5578660229166666 0.220107584375 0.6461939 0.237858121875 0.6713343583333333 0.1674890234375
4 0.6857964041666667 0.386495253125 0.6337525916666666 0.3760364296875 0.6191200604166667 0.41699344375 0.6711638729166667 0.4274522671875 0.6857964041666667 0.386495253125
4 0.6511484562500001 0.380121565625 0.59983765625 0.36981005 0.5867764020833334 0.40636899531250004 0.6380872041666666 0.41668051093749997 0.6511484562500001 0.380121565625
5 0.5138210020833334 0.1443786703125 0.43099070833333336 0.1277329375 0.40663589166666664 0.195903 0.48946618333333336 0.21254873281250003 0.5138210020833334 0.1443786703125
5 0.47685132291666665 0.237412796875 0.3903559729166667 0.22003052812499999 0.36717961458333337 0.284902040625 0.4536749625 0.302284309375 0.47685132291666665 0.237412796875
5 0.5040135979166667 0.2861797453125 0.40652307708333335 0.266587865625 0.38118621041666667 0.33750672187499997 0.47867673125 0.3570986015625 0.5040135979166667 0.2861797453125
4 0.41077075 0.3234182859375 0.3554283875 0.3122965796875 0.34374200208333333 0.3450072140625 0.3990843666666667 0.3561289203125 0.41077075 0.3234182859375
4 0.4072105125 0.26466371093749996 0.3401399645833333 0.2511850875 0.32305231041666665 0.29901408281249997 0.39012285625 0.31249270625 0.4072105125 0.26466371093749996
5 0.61654703125 0.3675703171875 0.5065953145833333 0.3454742125 0.48066921875 0.41804234375 0.5906209354166666 0.4401384484375 0.61654703125 0.3675703171875
5 0.5998474729166666 0.45554490937500003 0.49502683750000004 0.43447995625 0.4674312583333334 0.5117210375 0.5722518916666667 0.532785990625 0.5998474729166666 0.45554490937500003
5 0.49516313125 0.3873689890625 0.39107550416666664 0.36645134218750003 0.36593504791666664 0.43682044062500003 0.47002267291666666 0.4577380875 0.49516313125 0.3873689890625
4 0.5277291895833334 0.54195743125 0.4445323916666667 0.5252380453125001 0.42322192708333334 0.58488685 0.5064187229166667 0.6016062359375 0.5277291895833334 0.54195743125
4 0.6087951354166666 0.47722954375000004 0.5574843333333334 0.466918028125 0.5379415562500001 0.5216190078125 0.5892523583333333 0.5319305234375 0.6087951354166666 0.47722954375000004
4 0.45623829375 0.464984853125 0.3671774020833333 0.44708700781250005 0.34537591041666665 0.5081102109375 0.4344368020833333 0.52600805625 0.45623829375 0.464984853125
4 0.4356213666666667 0.526540721875 0.35499010833333333 0.5103369125 0.33348323333333335 0.5705354765624999 0.4141144916666667 0.5867392875 0.4356213666666667 0.526540721875
3 0.3725764625 0.5941536140625 0.27545244583333334 0.5746353875 0.24638379166666666 0.6559996578125 0.34350780833333333 0.675517884375 0.3725764625 0.5941536140625
4 0.5319411041666666 0.6824512484375 0.42712046875 0.6613862953125 0.3956948979166667 0.7493476703125 0.50051553125 0.7704126234374999 0.5319411041666666 0.6824512484375
5 0.44990463125 0.7350521999999999 0.32675871041666665 0.7103045625 0.29169955625 0.8084364687500001 0.41484547708333336 0.8331841062500001 0.44990463125 0.7350521999999999
5 0.34935710625 0.662993784375 0.27642246875 0.6483367015625 0.26542351875 0.6791231828125001 0.33835815625 0.6937802671875 0.34935710625 0.662993784375
5 0.2937151520833333 0.7247290203125 0.18449644791666667 0.702780221875 0.15434753958333333 0.7871681640625 0.26356624375 0.8091169624999999 0.2937151520833333 0.7247290203125
4 0.46868990625 0.779778771875 0.3722989020833333 0.760407853125 0.3441140916666667 0.839298209375 0.4405050958333333 0.858669128125 0.46868990625 0.779778771875
4 0.3710753041666666 0.8149602984375001 0.2948421125 0.79964033125 0.2741208770833333 0.8576398624999999 0.35035406666666663 0.8729598281250001 0.3710753041666666 0.8149602984375001
4 0.28238608125000003 0.8092163484375 0.18819411041666667 0.7902873515625 0.16148237291666667 0.8650545187500001 0.2556743458333333 0.883983515625 0.28238608125000003 0.8092163484375
4 0.4844455020833333 0.6477168843750001 0.4199404958333333 0.6347538359375 0.3988264395833333 0.6938528828125 0.46333144791666664 0.70681593125 0.4844455020833333 0.6477168843750001
4 0.7092324291666666 0.6260129453125 0.6095428729166666 0.6059791421875 0.5828311354166666 0.680746309375 0.6825206916666667 0.7007801125 0.7092324291666666 0.6260129453125
5 0.733223575 0.5330221578125001 0.6382985916666667 0.513945853125 0.6108994208333333 0.5906371765625 0.7058244041666666 0.60971348125 0.733223575 0.5330221578125001
4 0.8825753458333333 0.5855742015625001 0.7935144562499999 0.56767635625 0.7694542520833333 0.6350217812500001 0.8585151437499999 0.6529196265625 0.8825753458333333 0.5855742015625001