4 0.18741604583333332 0.7622565781249999 0.08351679166666666 0.7831363703124999 0.12069379166666666 0.8871962078125 0.2245930458333333 0.8663164171875 0.18741604583333332 0.7622565781249999
4 0.30308057083333334 0.8595794921875 0.13028984999999998 0.8943038421875 0.16522934375 0.992100821875 0.3380200666666667 0.9573764703125001 0.30308057083333334 0.8595794921875
4 0.4431919770833333 0.781078584375 0.28099994375000004 0.813673003125 0.3190375229166667 0.9201416359374999 0.48122955624999997 0.8875472171875 0.4431919770833333 0.781078584375
4 0.4790615541666667 0.736951340625 0.3371033770833333 0.7654795234375 0.36799815208333336 0.851955178125 0.5099563291666667 0.8234269937500001 0.4790615541666667 0.736951340625
4 0.09018742916666667 0.661616009375 0.04345685208333334 0.6710070734375 0.057656402083333336 0.7107521515624999 0.10438697708333335 0.7013610875 0.09018742916666667 0.661616009375
4 0.24569204791666666 0.5789889578125 0.13842048541666668 0.6005464546875 0.17396238541666667 0.7000295890625 0.28123394791666667 0.6784720921875 0.24569204791666666 0.5789889578125
4 0.3204237583333333 0.6547187546875 0.24430591250000003 0.6700155421875 0.2801059875 0.7702213140625 0.3562238333333333 0.7549245265625 0.3204237583333333 0.6547187546875
4 0.34174999791666666 0.6238411125 0.260172225 0.6402351375 0.2757486979166667 0.6838342828124999 0.35732647291666664 0.6674402578125 0.34174999791666666 0.6238411125
4 0.4540646104166666 0.6419325 0.28898202500000003 0.675107809375 0.3259869083333333 0.778685890625 0.49106949375000003 0.74551058125 0.4540646104166666 0.6419325
4 0.11896070416666667 0.55282240625 0.05568975416666667 0.56553745625 0.0694590125 0.6040781375 0.13272996458333333 0.5913630875 0.11896070416666667 0.55282240625
4 0.17036207083333332 0.537716478125 0.10998167083333334 0.5498506390625 0.13622932083333333 0.6233188125 0.19660972083333333 0.611184653125 0.17036207083333332 0.537716478125
4 0.44814779791666665 0.584903403125 0.35629250833333337 0.6033628171875 0.38701516874999997 0.6893567125 0.47887045833333336 0.6708972984375 0.44814779791666665 0.584903403125
4 0.33522951041666665 0.503938971875 0.21607457083333334 0.5278845734375001 0.25023954583333335 0.6235136390625 0.36939448541666664 0.5995680375 0.33522951041666665 0.503938971875
4 0.7237279645833333 0.679392071875 0.5531854500000001 0.7136646203125 0.6049062291666666 0.858433053125 0.7754487458333333 0.8241605062499999 0.7237279645833333 0.679392071875
4 0.6102290604166666 0.53658265625 0.4865777083333333 0.561431865625 0.5316720333333333 0.6876525984375 0.6553233854166667 0.6628033875 0.6102290604166666 0.53658265625
4 0.7471781708333334 0.48969808125 0.6016870999999999 0.51893624375 0.6463511333333333 0.6439525796875001 0.7918422062499999 0.6147144171875001 0.7471781708333334 0.48969808125
4 0.5753132291666667 0.420063334375 0.48249442291666667 0.438716378125 0.5244906625 0.5562654546875 0.6173094708333333 0.5376124124999999 0.5753132291666667 0.420063334375
3 0.37172863125 0.39798171875 0.22912811041666667 0.426638990625 0.275771475 0.5571955484375 0.4183719979166666 0.528538278125 0.37172863125 0.39798171875
3 0.38555012708333336 0.3417621890625 0.2904831145833333 0.3608670359375 0.3258529 0.4598684109375 0.4209199125 0.4407635640625 0.38555012708333336 0.3417621890625
3 0.5250217312500001 0.3857641484375 0.36507790416666663 0.41790676250000003 0.4200688833333333 0.5718286078125 0.5800127104166666 0.53968599375 0.5250217312500001 0.3857641484375
3 0.45118557291666667 0.2672557328125 0.3018404333333333 0.29726841406250004 0.34831168333333334 0.4273432125 0.49765682291666663 0.39733053125 0.45118557291666667 0.2672557328125
5 0.4595395270833333 0.22078378437500001 0.3313917625 0.24653660156249999 0.36572885208333333 0.3426474265625 0.49387661666666666 0.31689460937499997 0.4595395270833333 0.22078378437500001
4 0.3526681875 0.231417559375 0.26884220625000005 0.2482633875 0.29810188125 0.3301623359375 0.38192786250000005 0.3133165078125 0.3526681875 0.231417559375
4 0.5882846270833333 0.3277412484375 0.47748016875 0.350008721875 0.5079446541666667 0.4352799796875 0.6187491125 0.41301250468750006 0.5882846270833333 0.3277412484375
4 0.5730482458333334 0.2489621453125 0.490828125 0.26548525624999997 0.5166454854166667 0.337749034375 0.5988656083333334 0.321225921875 0.5730482458333334 0.2489621453125
4 0.6755553479166667 0.241528978125 0.5653932333333334 0.26366736562500004 0.6011933083333333 0.3638731375 0.7113554229166666 0.34173475 0.6755553479166667 0.241528978125
4 0.63162694375 0.154703590625 0.5349540687500001 0.1741311546875 0.5670536541666666 0.2639791171875 0.6637265291666666 0.244551553125 0.63162694375 0.154703590625
4 0.46262933333333334 0.1571684890625 0.3585694916666667 0.1780805515625 0.38946426666666667 0.26455620625 0.4935241083333333 0.24364414218750002 0.46262933333333334 0.1571684890625