4 0.48926282083333333 0 0.48926282083333333 0.05408653906250001 0.6684294875 0.05408653906250001 0.6684294875 0 0.48926282083333333 0
3 0.30625 0.0790865390625 0.21490384583333333 0.0790865390625 0.21490384583333333 0.14927884687499998 0.30625 0.14927884687499998 0.30625 0.0790865390625
5 0.27948717916666665 0.1109375 0.18108974375 0.1109375 0.18108974375 0.199158653125 0.27948717916666665 0.199158653125 0.27948717916666665 0.1109375
5 0.3033653854166667 0.19182692343750002 0.21714743541666665 0.19182692343750002 0.21714743541666665 0.2576923078125 0.3033653854166667 0.2576923078125 0.3033653854166667 0.19182692343750002
4 0.7027243583333332 0.10360576875000001 0.5549679479166667 0.10360576875000001 0.5549679479166667 0.21490384687500003 0.7027243583333332 0.21490384687500003 0.7027243583333332 0.10360576875000001
4 0.7774038458333333 0.15637019218749998 0.5850961541666667 0.15637019218749998 0.5850961541666667 0.3087740390625 0.7774038458333333 0.3087740390625 0.7774038458333333 0.15637019218749998
4 0.2661858979166667 0.2389423078125 0.17067307708333335 0.2389423078125 0.17067307708333335 0.311778846875 0.2661858979166667 0.311778846875 0.2661858979166667 0.2389423078125
4 0.29567307708333335 0.28701923125 0.21490384583333333 0.28701923125 0.21490384583333333 0.3454326921875 0.29567307708333335 0.3454326921875 0.29567307708333335 0.28701923125
4 0.8298076916666666 0.2782451921875 0.6964743583333333 0.2782451921875 0.6964743583333333 0.38257211562500004 0.8298076916666666 0.38257211562500004 0.8298076916666666 0.2782451921875
4 0.255608975 0.32055288437499996 0.16586538541666668 0.32055288437499996 0.16586538541666668 0.385216346875 0.255608975 0.385216346875 0.255608975 0.32055288437499996
4 0.29823717916666664 0.36262019218749997 0.2177884625 0.36262019218749997 0.2177884625 0.41887019218750005 0.29823717916666664 0.41887019218750005 0.29823717916666664 0.36262019218749997
4 0.8338141020833334 0.366466346875 0.6578525645833333 0.366466346875 0.6578525645833333 0.48737980781249995 0.8338141020833334 0.48737980781249995 0.8338141020833334 0.366466346875
4 0.27483974375000003 0.403125 0.19855769166666667 0.403125 0.19855769166666667 0.4603365390625 0.27483974375000003 0.4603365390625 0.27483974375000003 0.403125
4 0.30801282083333337 0.4243990390625 0.24583333333333332 0.4243990390625 0.24583333333333332 0.4703125 0.30801282083333337 0.4703125 0.30801282083333337 0.4243990390625
4 0.9089743583333333 0.4974759609375 0.8762820520833333 0.4974759609375 0.8762820520833333 0.520072115625 0.9089743583333333 0.520072115625 0.9089743583333333 0.4974759609375
4 0.30512820416666664 0.4673076921875 0.24807692291666666 0.4673076921875 0.24807692291666666 0.5074519234375 0.30512820416666664 0.5074519234375 0.30512820416666664 0.4673076921875
4 0.8294871791666666 0.46526442343749996 0.7073717958333333 0.46526442343749996 0.7073717958333333 0.536177884375 0.8294871791666666 0.536177884375 0.8294871791666666 0.46526442343749996
4 0.8152243583333333 0.5359375 0.71330128125 0.5359375 0.71330128125 0.6034855765625 0.8152243583333333 0.6034855765625 0.8152243583333333 0.5359375
4 0.7479166666666667 0.605408653125 0.6293269229166667 0.605408653125 0.6293269229166667 0.7025240390625 0.7479166666666667 0.7025240390625 0.7479166666666667 0.605408653125
4 0.7205128208333333 0.644471153125 0.6076923083333334 0.644471153125 0.6076923083333334 0.7245192312500001 0.7205128208333333 0.7245192312500001 0.7205128208333333 0.644471153125
3 0.8269230770833332 0.6436298078125 0.7439102562500001 0.6436298078125 0.7439102562500001 0.7063701921875001 0.8269230770833332 0.7063701921875001 0.8269230770833332 0.6436298078125
4 0.9331730770833333 0.666947115625 0.8722756416666667 0.666947115625 0.8722756416666667 0.7121394234375 0.9331730770833333 0.7121394234375 0.9331730770833333 0.666947115625
4 0.8714743583333333 0.685216346875 0.813141025 0.685216346875 0.813141025 0.729447115625 0.8714743583333333 0.729447115625 0.8714743583333333 0.685216346875
4 0.8147435895833334 0.6943509609375 0.7576923083333333 0.6943509609375 0.7576923083333333 0.726322115625 0.8147435895833334 0.726322115625 0.8147435895833334 0.6943509609375
4 0.9676282041666667 0.6765625 0.9288461541666667 0.6765625 0.9288461541666667 0.710697115625 0.9676282041666667 0.710697115625 0.9676282041666667 0.6765625
4 0.7346153854166667 0.73329326875 0.6676282041666667 0.73329326875 0.6676282041666667 0.783052884375 0.7346153854166667 0.783052884375 0.7346153854166667 0.73329326875
5 0.8668269229166667 0.7420673078125 0.7975961541666667 0.7420673078125 0.7975961541666667 0.79375 0.8668269229166667 0.79375 0.8668269229166667 0.7420673078125
5 0.8891025645833334 0.7712740390625 0.8205128208333333 0.7712740390625 0.8205128208333333 0.8200721156249999 0.8891025645833334 0.8200721156249999 0.8891025645833334 0.7712740390625
5 0.8142628208333333 0.8055288468749999 0.7764423083333334 0.8055288468749999 0.7764423083333334 0.8495192312500001 0.8142628208333333 0.8495192312500001 0.8142628208333333 0.8055288468749999
4 0.7086538458333334 0.8137019234375 0.6458333333333334 0.8137019234375 0.6458333333333334 0.861778846875 0.7086538458333334 0.861778846875 0.7086538458333334 0.8137019234375
5 0.9274038458333334 0.865865384375 0.8786858979166666 0.865865384375 0.8786858979166666 0.9165865390624999 0.9274038458333334 0.9165865390624999 0.9274038458333334 0.865865384375
3 0.8136217958333333 0.8861778843750001 0.7277243583333333 0.8861778843750001 0.7277243583333333 0.95829326875 0.8136217958333333 0.95829326875 0.8136217958333333 0.8861778843750001
4 0.6975961541666666 0.8652644234375 0.6443910249999999 0.8652644234375 0.6443910249999999 0.9056490390624999 0.6975961541666666 0.9056490390624999 0.6975961541666666 0.8652644234375
4 0.7262820520833333 0.8808894234375 0.6592948708333334 0.8808894234375 0.6592948708333334 0.9378605765625 0.7262820520833333 0.9378605765625 0.7262820520833333 0.8808894234375
4 0.8450320520833333 0.896153846875 0.8030448708333334 0.896153846875 0.8030448708333334 0.9533653843750001 0.8450320520833333 0.9533653843750001 0.8450320520833333 0.896153846875
5 0.7527243583333333 0.9326923078125 0.6783653854166667 0.9326923078125 0.6783653854166667 0.996153846875 0.7527243583333333 0.996153846875 0.7527243583333333 0.9326923078125
5 0.999358975 0.8603365390625 0.9602564104166667 0.8603365390625 0.9602564104166667 0.915625 0.999358975 0.915625 0.999358975 0.8603365390625
4 0.9996794875 0.88701923125 0.94455128125 0.88701923125 0.94455128125 0.94014423125 0.9996794875 0.94014423125 0.9996794875 0.88701923125
4 0.9536858979166667 0.9072115390625 0.9184294875 0.9072115390625 0.9184294875 0.9444711531250001 0.9536858979166667 0.9444711531250001 0.9536858979166667 0.9072115390625
5 0.09262820416666666 0.9719951921875 0.021474358333333332 0.9719951921875 0.021474358333333332 0.9996394234375 0.09262820416666666 0.9996394234375 0.09262820416666666 0.9719951921875
5 0.18733974375 0.9308894234375 0.11298076875 0.9308894234375 0.11298076875 0.989302884375 0.18733974375 0.989302884375 0.18733974375 0.9308894234375
4 0.7286858979166666 0.593509615625 0.6293269229166667 0.593509615625 0.6293269229166667 0.6423076921875001 0.7286858979166666 0.6423076921875001 0.7286858979166666 0.593509615625
4 0.85 0.6236778843749999 0.8134615375 0.6236778843749999 0.8134615375 0.6530048078124999 0.85 0.6530048078124999 0.85 0.6236778843749999
3 0.30256410208333334 0.5929086531250001 0.27019230833333335 0.5929086531250001 0.27019230833333335 0.6114182687499999 0.30256410208333334 0.6114182687499999 0.30256410208333334 0.5929086531250001
5 0.31522435833333334 0.5498798078125 0.28637820416666665 0.5498798078125 0.28637820416666665 0.5662259609375 0.31522435833333334 0.5662259609375 0.31522435833333334 0.5498798078125
5 0.2490384625 0.558052884375 0.22211538541666667 0.558052884375 0.22211538541666667 0.5753605765625001 0.2490384625 0.5753605765625001 0.2490384625 0.558052884375
5 0.27003205208333336 0.5552884609375 0.24375 0.5552884609375 0.24375 0.5701923078125 0.27003205208333336 0.5701923078125 0.27003205208333336 0.5552884609375