5 0.4524038458333333 0.29423076875 0.30753205208333334 0.29423076875 0.30753205208333334 0.41754807656250004 0.4524038458333333 0.41754807656250004 0.4524038458333333 0.29423076875
5 0.35352564166666667 0.3275240390625 0.25384615416666667 0.3275240390625 0.25384615416666667 0.4222355765625 0.35352564166666667 0.4222355765625 0.35352564166666667 0.3275240390625
5 0.4915064104166667 0.2996394234375 0.41362179583333336 0.2996394234375 0.41362179583333336 0.39170673125 0.4915064104166667 0.39170673125 0.4915064104166667 0.2996394234375
4 0.5158653854166667 0.3868990390625 0.41618589791666666 0.3868990390625 0.41618589791666666 0.4719951921875 0.5158653854166667 0.4719951921875 0.5158653854166667 0.3868990390625
4 0.6679487187500001 0.3868990390625 0.6108974354166666 0.3868990390625 0.6108974354166666 0.44362980781249994 0.6679487187500001 0.44362980781249994 0.6679487187500001 0.3868990390625
4 0.5647435895833334 0.4441105765625 0.48333333333333334 0.4441105765625 0.48333333333333334 0.5147836531250001 0.5647435895833334 0.5147836531250001 0.5647435895833334 0.4441105765625
4 0.6993589750000001 0.472115384375 0.6137820520833334 0.472115384375 0.6137820520833334 0.5447115390625 0.6993589750000001 0.5447115390625 0.6993589750000001 0.472115384375
4 0.6310897437499999 0.5109375 0.5775641020833333 0.5109375 0.5775641020833333 0.5789663468749999 0.6310897437499999 0.5789663468749999 0.6310897437499999 0.5109375
4 0.5496794875000001 0.4943509609375 0.4548076916666667 0.4943509609375 0.4548076916666667 0.588341346875 0.5496794875000001 0.588341346875 0.5496794875000001 0.4943509609375
4 0.7216346145833333 0.5389423078125 0.6447115375 0.5389423078125 0.6447115375 0.6036057687499999 0.7216346145833333 0.6036057687499999 0.7216346145833333 0.5389423078125
4 0.3219551291666667 0.440625 0.19919871875 0.440625 0.19919871875 0.5555288468749999 0.3219551291666667 0.5555288468749999 0.3219551291666667 0.440625
4 0.5921474354166667 0.5608173078124999 0.51233974375 0.5608173078124999 0.51233974375 0.6485576921875 0.5921474354166667 0.6485576921875 0.5921474354166667 0.5608173078124999
4 0.66201923125 0.5951923078125 0.63125 0.5951923078125 0.63125 0.6326923078125 0.66201923125 0.6326923078125 0.66201923125 0.5951923078125
4 0.44246794791666666 0.534615384375 0.34118589791666665 0.534615384375 0.34118589791666665 0.6394230765625 0.44246794791666666 0.6394230765625 0.44246794791666666 0.534615384375
4 0.45641025625 0.5686298078124999 0.4134615375 0.5686298078124999 0.4134615375 0.6349759609375 0.45641025625 0.6349759609375 0.45641025625 0.5686298078124999
4 0.2940705125 0.5415865390625 0.18381410208333332 0.5415865390625 0.18381410208333332 0.646875 0.2940705125 0.646875 0.2940705125 0.5415865390625
5 0.655608975 0.582572115625 0.5857371791666667 0.582572115625 0.5857371791666667 0.6419471156250001 0.655608975 0.6419471156250001 0.655608975 0.582572115625
3 0.7796474354166667 0.6319711531250001 0.7290064104166666 0.6319711531250001 0.7290064104166666 0.675721153125 0.7796474354166667 0.675721153125 0.7796474354166667 0.6319711531250001
4 0.725 0.5983173078124999 0.6836538458333333 0.5983173078124999 0.6836538458333333 0.655528846875 0.725 0.655528846875 0.725 0.5983173078124999
4 0.47692307708333337 0.6092548078125 0.40128205208333334 0.6092548078125 0.40128205208333334 0.6878605765625 0.47692307708333337 0.6878605765625 0.47692307708333337 0.6092548078125
4 0.32548076875000004 0.6170673078125 0.23926282083333333 0.6170673078125 0.23926282083333333 0.699278846875 0.32548076875000004 0.699278846875 0.32548076875000004 0.6170673078125
4 0.29230769166666665 0.6493990390625 0.22724358958333332 0.6493990390625 0.22724358958333332 0.707572115625 0.29230769166666665 0.707572115625 0.29230769166666665 0.6493990390625
4 0.24743589791666667 0.679927884375 0.17884615416666666 0.679927884375 0.17884615416666666 0.7493990390625 0.24743589791666667 0.7493990390625 0.24743589791666667 0.679927884375
5 0.7418269229166667 0.6493990390625 0.6684294875 0.6493990390625 0.6684294875 0.73016826875 0.7418269229166667 0.73016826875 0.7418269229166667 0.6493990390625
5 0.64358974375 0.6865384609375 0.56955128125 0.6865384609375 0.56955128125 0.769471153125 0.64358974375 0.769471153125 0.64358974375 0.6865384609375
4 0.58798076875 0.6590144234374999 0.5357371791666666 0.6590144234374999 0.5357371791666666 0.7188701921875 0.58798076875 0.7188701921875 0.58798076875 0.6590144234374999
4 0.5753205124999999 0.6891826921875001 0.5333333333333333 0.6891826921875001 0.5333333333333333 0.7442307687499999 0.5753205124999999 0.7442307687499999 0.5753205124999999 0.6891826921875001
4 0.5642628208333333 0.6883413468749999 0.5094551291666667 0.6883413468749999 0.5094551291666667 0.7525240390625 0.5642628208333333 0.7525240390625 0.5642628208333333 0.6883413468749999
4 0.46346153749999996 0.6847355765625001 0.400641025 0.6847355765625001 0.400641025 0.7498798078125 0.46346153749999996 0.7498798078125 0.46346153749999996 0.6847355765625001
4 0.4099358979166666 0.7490384609375 0.36153846250000005 0.7490384609375 0.36153846250000005 0.80576923125 0.4099358979166666 0.80576923125 0.4099358979166666 0.7490384609375
4 0.3855769229166667 0.788822115625 0.34647435833333334 0.788822115625 0.34647435833333334 0.829447115625 0.3855769229166667 0.829447115625 0.3855769229166667 0.788822115625
4 0.40352564166666666 0.8122596156249999 0.36153846250000005 0.8122596156249999 0.36153846250000005 0.850240384375 0.40352564166666666 0.850240384375 0.40352564166666666 0.8122596156249999
4 0.7413461541666667 0.71358173125 0.6685897437499999 0.71358173125 0.6685897437499999 0.7681490390625 0.7413461541666667 0.7681490390625 0.7413461541666667 0.71358173125
4 0.63125 0.7564903843749999 0.5850961541666667 0.7564903843749999 0.5850961541666667 0.803125 0.63125 0.803125 0.63125 0.7564903843749999
4 0.7394230770833333 0.7512019234375 0.6743589750000001 0.7512019234375 0.6743589750000001 0.80360576875 0.7394230770833333 0.80360576875 0.7394230770833333 0.7512019234375
4 0.65576923125 0.7921875 0.5916666666666667 0.7921875 0.5916666666666667 0.83858173125 0.65576923125 0.83858173125 0.65576923125 0.7921875
4 0.6597756416666667 0.82451923125 0.60048076875 0.82451923125 0.60048076875 0.865625 0.6597756416666667 0.865625 0.6597756416666667 0.82451923125