3 0.7676282041666667 0.210096153125 0.6358974354166667 0.210096153125 0.6358974354166667 0.32451923125 0.7676282041666667 0.32451923125 0.7676282041666667 0.210096153125
3 0.6719551291666667 0.1878605765625 0.54951923125 0.1878605765625 0.54951923125 0.2842548078125 0.6719551291666667 0.2842548078125 0.6719551291666667 0.1878605765625
3 0.6719551291666667 0.2800480765625 0.5600961541666667 0.2800480765625 0.5600961541666667 0.37524038437499996 0.6719551291666667 0.37524038437499996 0.6719551291666667 0.2800480765625
5 0.8128205125 0.3 0.6852564104166666 0.3 0.6852564104166666 0.4 0.8128205125 0.4 0.8128205125 0.3
3 0.6493589750000001 0.32235576875 0.5333333333333333 0.32235576875 0.5333333333333333 0.42668269218750005 0.6493589750000001 0.42668269218750005 0.6493589750000001 0.32235576875
4 0.81169871875 0.40144230781249995 0.6905448708333334 0.40144230781249995 0.6905448708333334 0.49567307656250004 0.81169871875 0.49567307656250004 0.81169871875 0.40144230781249995
4 0.66330128125 0.43401442343749996 0.5549679479166667 0.43401442343749996 0.5549679479166667 0.520072115625 0.66330128125 0.520072115625 0.66330128125 0.43401442343749996
4 0.7873397437499999 0.493990384375 0.6847756416666667 0.493990384375 0.6847756416666667 0.575721153125 0.7873397437499999 0.575721153125 0.7873397437499999 0.493990384375
3 0.38733974375 0.35516826875 0.28701923125 0.35516826875 0.28701923125 0.43329326874999996 0.38733974375 0.43329326874999996 0.38733974375 0.35516826875
3 0.25320512916666665 0.3574519234375 0.12916666666666668 0.3574519234375 0.12916666666666668 0.45384615312500004 0.25320512916666665 0.45384615312500004 0.25320512916666665 0.3574519234375
5 0.42083333333333334 0.42536057656250004 0.3266025645833333 0.42536057656250004 0.3266025645833333 0.4943509609375 0.42083333333333334 0.4943509609375 0.42083333333333334 0.42536057656250004
5 0.3139423083333333 0.42728365312500005 0.21426282083333334 0.42728365312500005 0.21426282083333334 0.508533653125 0.3139423083333333 0.508533653125 0.3139423083333333 0.42728365312500005
5 0.39807692291666663 0.4675480765625 0.29583333333333334 0.4675480765625 0.29583333333333334 0.54951923125 0.39807692291666663 0.54951923125 0.39807692291666663 0.4675480765625
3 0.060897435416666666 0.3665865390625 0.027884614583333335 0.3665865390625 0.027884614583333335 0.38701923125 0.060897435416666666 0.38701923125 0.060897435416666666 0.3665865390625
3 0.07083333333333333 0.3837740390625 0.04198717916666667 0.3837740390625 0.04198717916666667 0.40324519218750005 0.07083333333333333 0.40324519218750005 0.07083333333333333 0.3837740390625
3 0.9139423083333333 0.302884615625 0.87451923125 0.302884615625 0.87451923125 0.33389423125 0.9139423083333333 0.33389423125 0.9139423083333333 0.302884615625
3 0.9040064104166666 0.2878605765625 0.8690705125 0.2878605765625 0.8690705125 0.3118990390625 0.9040064104166666 0.3118990390625 0.9040064104166666 0.2878605765625
5 0.8543269229166667 0.3181490390625 0.8241987187500001 0.3181490390625 0.8241987187500001 0.3462740390625 0.8543269229166667 0.3462740390625 0.8543269229166667 0.3181490390625
4 0.85 0.3415865390625 0.8176282041666667 0.3415865390625 0.8176282041666667 0.365865384375 0.85 0.365865384375 0.85 0.3415865390625
5 0.9155448708333334 0.3290865390625 0.8786858979166666 0.3290865390625 0.8786858979166666 0.353365384375 0.9155448708333334 0.353365384375 0.9155448708333334 0.3290865390625
3 0.6637820520833333 0.778365384375 0.5948717958333333 0.778365384375 0.5948717958333333 0.843028846875 0.6637820520833333 0.843028846875 0.6637820520833333 0.778365384375
3 0.5959935895833334 0.7955528843749999 0.5443910249999999 0.7955528843749999 0.5443910249999999 0.8277644234375 0.5959935895833334 0.8277644234375 0.5959935895833334 0.7955528843749999
4 0.6115384625 0.777884615625 0.5673076916666666 0.777884615625 0.5673076916666666 0.8112980765625 0.6115384625 0.8112980765625 0.6115384625 0.777884615625
3 0.7088141020833334 0.8848557687499999 0.6232371791666667 0.8848557687499999 0.6232371791666667 0.9526442312500001 0.7088141020833334 0.9526442312500001 0.7088141020833334 0.8848557687499999
3 0.69423076875 0.9204326921874999 0.6198717958333333 0.9204326921874999 0.6198717958333333 0.9790865390624999 0.69423076875 0.9790865390624999 0.69423076875 0.9204326921874999
3 0.7608974354166667 0.9731971156249999 0.6727564104166667 0.9731971156249999 0.6727564104166667 0.9996394234375 0.7608974354166667 0.9996394234375 0.7608974354166667 0.9731971156249999
4 0.33157051249999997 0.22992788437499997 0.30144230833333335 0.22992788437499997 0.30144230833333335 0.2530048078125 0.33157051249999997 0.2530048078125 0.33157051249999997 0.22992788437499997
4 0.3461538458333333 0.24411057656250001 0.31858974375 0.24411057656250001 0.31858974375 0.26478365312499996 0.3461538458333333 0.26478365312499996 0.3461538458333333 0.24411057656250001
4 0.35961538541666666 0.25889423125 0.3365384625 0.25889423125 0.3365384625 0.277403846875 0.35961538541666666 0.277403846875 0.35961538541666666 0.25889423125
4 0.31330128125 0.24807692343749999 0.28798076875 0.24807692343749999 0.28798076875 0.263221153125 0.31330128125 0.263221153125 0.31330128125 0.24807692343749999