3 0 0.5051179546875 0.04740850939457203 0.49692621875 0.015189233820459289 0.3924765125 0 0.39510106718750004 0 0.5051179546875
3 0.4866670083507307 0.1606792703125 0.2237191503131524 0.2061141390625 0.2868628392484342 0.41081580781250004 0.5498106951983299 0.3653809390625 0.4866670083507307 0.1606792703125
3 0.3398370688935282 0.271618765625 0.14320354070981212 0.3055951546875 0.19149437160751565 0.46214625 0.38812789979123175 0.4281698625 0.3398370688935282 0.271618765625
3 0.21852940918580374 0.4106591578125 0.06082668058455115 0.4379086765625 0.09418848434237996 0.5460622734375 0.25189121294363254 0.518812753125 0.21852940918580374 0.4106591578125
3 0.6481717995824634 0.29727794687500003 0.4696839832985386 0.3281189296875 0.5152327473903966 0.4757806890625 0.6937205636743214 0.44493970625 0.6481717995824634 0.29727794687500003
4 0.22382174321503132 0.51794096875 0.12781443423799582 0.5345301109375 0.1430481356993737 0.583915315625 0.23905544467640918 0.5673261734375 0.22382174321503132 0.51794096875
3 0.7478041189979123 0.3482052859375 0.6171549958246346 0.3707802015625 0.6481555762004175 0.47127909062500006 0.7788046972860125 0.44870417500000004 0.7478041189979123 0.3482052859375
5 0.8424903653444676 0.4219646265625 0.7022735010438413 0.44619275625 0.7319030480167015 0.5422469765625 0.8721199102296451 0.518018846875 0.8424903653444676 0.4219646265625
3 0.5827339436325678 0.416911303125 0.37290353653444674 0.4531679859375 0.4203565135699374 0.60700289375 0.6301869206680585 0.5707462109375 0.5827339436325678 0.416911303125
5 0.6929254655532359 0.4795386453125 0.5569975908141963 0.5030256796875 0.588379012526096 0.6047591999999999 0.7243068872651357 0.581272165625 0.6929254655532359 0.4795386453125
4 0.8627316680584551 0.5343359734375001 0.7901488204592902 0.54687759375 0.8129993716075157 0.6209553984375 0.8855822171189979 0.608413778125 0.8627316680584551 0.5343359734375001
4 0.07879014613778705 0.6003502671875001 0.022373478079331943 0.6100985265625 0.03288473068893528 0.6441743171875001 0.0893013987473904 0.6344260578124999 0.07879014613778705 0.6003502671875001
4 0.22964004175365343 0.5694732375 0.1342925782881002 0.585948365625 0.15188750104384136 0.6429882765625 0.24723496659707725 0.62651315 0.22964004175365343 0.5694732375
4 0.29976300835073066 0.572051590625 0.20144624425887264 0.5890397843749999 0.22178323382045928 0.6549690312500001 0.32009999791231736 0.6379808375 0.29976300835073066 0.572051590625
5 0.38398117118997915 0.4502135265625 0.23122727348643005 0.47660793593750006 0.26954002922755743 0.6008117234375 0.42229392901878915 0.5744173140625 0.38398117118997915 0.4502135265625
5 0.5295410751565762 0.5328683171875 0.36062099791231733 0.5620560875 0.39657253027139877 0.6786051671875 0.5654926075156577 0.649417396875 0.5295410751565762 0.5328683171875
4 0.8265283987473904 0.5352597640625001 0.6975288872651356 0.5575496421875 0.7295196576200417 0.66125856875 0.8585191691022964 0.6389686890624999 0.8265283987473904 0.5352597640625001
4 0.727109102296451 0.5638823000000001 0.62714272651357 0.5811555312500001 0.6539540396659708 0.668073490625 0.7539204154488518 0.650800259375 0.727109102296451 0.5638823000000001
5 0.7381598956158665 0.44818467812499996 0.6550195427974949 0.46255053437500004 0.6797743068893528 0.5428014890624999 0.7629146576200417 0.528435634375 0.7381598956158665 0.44818467812499996
4 0.7896670960334029 0.6517759734374999 0.7236826910229645 0.663177446875 0.747066419624217 0.7389837328125 0.8130508267223382 0.7275822609375 0.7896670960334029 0.6517759734374999
4 0.8780485386221294 0.6397555968749999 0.745089962421712 0.6627295640625 0.775557363256785 0.761499971875 0.9085159394572024 0.7385260046875 0.8780485386221294 0.6397555968749999
4 0.8775144070981211 0.7315286296875 0.7564330229645093 0.7524503328125001 0.7841583569937369 0.8423314015625 0.9052397411273486 0.8214097 0.8775144070981211 0.7315286296875
3 0.3636528956158664 0.8580316171875 0.27523379123173275 0.873309590625 0.2963324655532359 0.941708096875 0.3847515699373695 0.9264301234375001 0.3636528956158664 0.8580316171875
3 0.33083095824634656 0.905967103125 0.2305346617954071 0.9232973421875 0.25399455949895616 0.9993505546874999 0.3542908559498956 0.9820203171875 0.33083095824634656 0.905967103125
3 0.25471615240083506 1 0.24675834029227556 0.9742020531250001 0.13887383716075155 0.9928434609375 0.14108139248434237 1 0.25471615240083506 1