3 0.7005438520833334 0.204692765625 0.529488025 0.1889405046875 0.5055463166666666 0.3351826765625 0.6766021437499999 0.35093493750000004 0.7005438520833334 0.204692765625
5 0.7365961979166666 0.3281904703125 0.5863064083333334 0.314350521875 0.56500088125 0.444490215625 0.7152906708333333 0.4583301640625 0.7365961979166666 0.3281904703125
5 0.5753421916666667 0.2874832109375 0.38774393125 0.270207584375 0.3627650375 0.42278515624999996 0.5503632979166666 0.44006078281249994 0.5753421916666667 0.2874832109375
4 0.7445992479166667 0.44843527187500004 0.6140195937499999 0.4364103984375 0.5962577854166666 0.544904140625 0.7268374395833334 0.5569290140625001 0.7445992479166667 0.44843527187500004
4 0.6209415312500001 0.43450225937500003 0.45903683958333336 0.4195927109375 0.43336648958333335 0.5763938859375 0.59527118125 0.5913034328125 0.6209415312500001 0.43450225937500003
5 0.6379956458333333 0.4078035203125 0.4743311208333333 0.3927319125 0.4597240854166667 0.4819554765625 0.6233886104166667 0.497027084375 0.6379956458333333 0.4078035203125
4 0.6731805541666667 0.5355086203125 0.5443607333333333 0.52364580625 0.5237466625 0.6495618999999999 0.6525664833333333 0.6614247140625 0.6731805541666667 0.5355086203125
4 0.6942620291666667 0.5551349921875001 0.5935995479166666 0.5458651421875 0.5747141208333333 0.6612222359375 0.6753766020833333 0.670492084375 0.6942620291666667 0.5551349921875001
4 0.6291587041666666 0.6963808593749999 0.4978751166666667 0.6842911609375 0.47769320833333334 0.8075675062500001 0.6089767958333333 0.819657203125 0.6291587041666666 0.6963808593749999
4 0.46212805416666664 0.8622706546875 0.3818796416666667 0.8548807046875 0.36951984375 0.930377565625 0.44976825625 0.9377675156249999 0.46212805416666664 0.8622706546875
4 0.35704412083333337 0.7392487859375 0.20851416458333333 0.725570896875 0.18880763333333334 0.8459435140625 0.33733758750000004 0.859621403125 0.35704412083333337 0.7392487859375
4 0.35254469374999997 0.5986941109374999 0.1748015 0.5823260203125 0.14926079791666666 0.7383352703125 0.32700399166666666 0.754703359375 0.35254469374999997 0.5986941109374999
4 0.38886002708333334 0.42706388593750005 0.19316652916666666 0.40904278125 0.16771226041666668 0.5645240796875 0.36340575625 0.582545184375 0.38886002708333334 0.42706388593750005