3 0.59920635 0.19878472187500001 0.40608465625 0.19878472187500001 0.40608465625 0.34561011875 0.59920635 0.34561011875 0.59920635 0.19878472187500001
3 0.5853174604166667 0.306299603125 0.3998015875 0.306299603125 0.3998015875 0.42584325468750006 0.5853174604166667 0.42584325468750006 0.5853174604166667 0.306299603125
5 0.7337962958333333 0.18315972187500001 0.5902777770833333 0.18315972187500001 0.5902777770833333 0.29774305624999997 0.7337962958333333 0.29774305624999997 0.7337962958333333 0.18315972187500001
5 0.7136243395833334 0.317584325 0.5591931208333333 0.317584325 0.5591931208333333 0.4311755953125 0.7136243395833334 0.4311755953125 0.7136243395833334 0.317584325
5 0.5031415354166666 0.40711805625 0.3265542333333334 0.40711805625 0.3265542333333334 0.5321180562500001 0.5031415354166666 0.5321180562500001 0.5031415354166666 0.40711805625
4 0.36425264583333333 0.5100446421875 0.2306547625 0.5100446421875 0.2306547625 0.614459325 0.36425264583333333 0.614459325 0.36425264583333333 0.5100446421875
4 0.5343915354166667 0.6944444437499999 0.4527116395833334 0.6944444437499999 0.4527116395833334 0.7564484125 0.5343915354166667 0.7564484125 0.5343915354166667 0.6944444437499999
4 0.7647156083333333 0.4554811515625 0.5920965604166667 0.4554811515625 0.5920965604166667 0.58271329375 0.7647156083333333 0.58271329375 0.7647156083333333 0.4554811515625
5 0.8389550270833334 0.37834821406249997 0.6901455020833333 0.37834821406249997 0.6901455020833333 0.4847470234375 0.8389550270833334 0.4847470234375 0.8389550270833334 0.37834821406249997
4 0.8356481479166666 0.5424107140625 0.6808862437500001 0.5424107140625 0.6808862437500001 0.6552579359374999 0.8356481479166666 0.6552579359374999 0.8356481479166666 0.5424107140625
4 0.7647156083333333 0.6319444437499999 0.6152447083333333 0.6319444437499999 0.6152447083333333 0.7428075390625 0.7647156083333333 0.7428075390625 0.7647156083333333 0.6319444437499999
4 0.6688161375 0.702876984375 0.5302579374999999 0.702876984375 0.5302579374999999 0.8102678578125 0.6688161375 0.8102678578125 0.6688161375 0.702876984375