3 0.48221153749999995 0.00012019218750000001 0.33766025625 0.00012019218750000001 0.33766025625 0.030168268749999998 0.48221153749999995 0.030168268749999998 0.48221153749999995 0.00012019218750000001
3 0.6971153854166666 0.090865384375 0.49615384583333333 0.090865384375 0.49615384583333333 0.24423076875 0.6971153854166666 0.24423076875 0.6971153854166666 0.090865384375
3 0.47692307708333337 0.1659855765625 0.28141025625 0.1659855765625 0.28141025625 0.3140625 0.47692307708333337 0.3140625 0.47692307708333337 0.1659855765625
3 0.5974358979166666 0.28617788437499997 0.44262820416666665 0.28617788437499997 0.44262820416666665 0.40973557656250004 0.5974358979166666 0.40973557656250004 0.5974358979166666 0.28617788437499997
4 0.5915064104166666 0.4048076921875 0.45304487083333334 0.4048076921875 0.45304487083333334 0.5161057687499999 0.5915064104166666 0.5161057687499999 0.5915064104166666 0.4048076921875
4 0.4594551291666667 0.36298076875 0.30625 0.36298076875 0.30625 0.4790865390625 0.4594551291666667 0.4790865390625 0.4594551291666667 0.36298076875
3 0.19391025625 0.5633413468749999 0.09358974375 0.5633413468749999 0.09358974375 0.638341346875 0.19391025625 0.638341346875 0.19391025625 0.5633413468749999
3 0.12644230833333334 0.590865384375 0.013942308333333332 0.590865384375 0.013942308333333332 0.6646634609375 0.12644230833333334 0.6646634609375 0.12644230833333334 0.590865384375
3 0 0.724158653125 0.07756410208333334 0.724158653125 0.07756410208333334 0.6359375 0 0.6359375 0 0.724158653125
5 0.17644230833333333 0.71454326875 0.0565705125 0.71454326875 0.0565705125 0.79795673125 0.17644230833333333 0.79795673125 0.17644230833333333 0.71454326875
4 0.48621794791666667 0.6180288468749999 0.3458333333333333 0.6180288468749999 0.3458333333333333 0.72764423125 0.48621794791666667 0.72764423125 0.48621794791666667 0.6180288468749999
4 0.5940705125 0.674278846875 0.48445512916666666 0.674278846875 0.48445512916666666 0.7598557687499999 0.5940705125 0.7598557687499999 0.5940705125 0.674278846875
4 0.5059294875 0.758533653125 0.40112179583333335 0.758533653125 0.40112179583333335 0.846033653125 0.5059294875 0.846033653125 0.5059294875 0.758533653125