3 1 0.8554067453125 0.94345238125 0.8554067453125 0.94345238125 0.9551091265625 1 0.9551091265625 1 0.8554067453125
3 0.98693783125 0.7306547625 0.86259920625 0.7306547625 0.86259920625 0.8204365078125001 0.98693783125 0.8204365078125001 0.98693783125 0.7306547625
4 0.9332010583333333 0.934027778125 0.8323412708333334 0.934027778125 0.8323412708333334 0.999255953125 0.9332010583333333 0.999255953125 0.9332010583333333 0.934027778125
5 0.8440806875 0.84424603125 0.7352843916666667 0.84424603125 0.7352843916666667 0.9310515875 0.8440806875 0.9310515875 0.8440806875 0.84424603125
4 0.8082010583333333 0.8856646828124999 0.7166005291666667 0.8856646828124999 0.7166005291666667 0.95262896875 0.8082010583333333 0.95262896875 0.8082010583333333 0.8856646828124999
4 0.84391534375 0.97197420625 0.78108465625 0.97197420625 0.78108465625 0.999255953125 0.84391534375 0.999255953125 0.84391534375 0.97197420625
4 0.7686838625 0.958457340625 0.6932870375 0.958457340625 0.6932870375 0.9993799609374999 0.7686838625 0.9993799609374999 0.7686838625 0.958457340625
3 0.6878306875 0.2620287703125 0.45899470833333333 0.2620287703125 0.45899470833333333 0.42745535781250005 0.6878306875 0.42745535781250005 0.6878306875 0.2620287703125
3 0.7857142854166667 0.077380953125 0.5029761895833333 0.077380953125 0.5029761895833333 0.299355159375 0.7857142854166667 0.299355159375 0.7857142854166667 0.077380953125
3 0.40922618958333334 0.40228174531249994 0.18865740833333333 0.40228174531249994 0.18865740833333333 0.5625 0.40922618958333334 0.5625 0.40922618958333334 0.40228174531249994
4 0.7174272479166667 0.7517361109375 0.5970568791666667 0.7517361109375 0.5970568791666667 0.8524305562500001 0.7174272479166667 0.8524305562500001 0.7174272479166667 0.7517361109375
4 0.5985449729166666 0.7867063484375 0.4649470895833333 0.7867063484375 0.4649470895833333 0.8950892859374999 0.5985449729166666 0.8950892859374999 0.5985449729166666 0.7867063484375
4 0.57457010625 0.598586309375 0.4161706354166667 0.598586309375 0.4161706354166667 0.7216021828125 0.57457010625 0.7216021828125 0.57457010625 0.598586309375
4 0.5109126979166666 0.703869046875 0.3548280416666667 0.703869046875 0.3548280416666667 0.8268849203125 0.5109126979166666 0.8268849203125 0.5109126979166666 0.703869046875
4 0.45568783124999995 0.810019840625 0.3462301583333333 0.810019840625 0.3462301583333333 0.8787202375 0.45568783124999995 0.8787202375 0.45568783124999995 0.810019840625
4 0.38359788333333333 0.7745535718750001 0.2741402125 0.7745535718750001 0.2741402125 0.8303571421875 0.38359788333333333 0.8303571421875 0.38359788333333333 0.7745535718750001
4 0.3821097875 0.6795634921875 0.25082671875 0.6795634921875 0.25082671875 0.783730159375 0.3821097875 0.783730159375 0.3821097875 0.6795634921875
3 0.21924603125 0.849454365625 0.13062169375000002 0.849454365625 0.13062169375000002 0.9171626984374999 0.21924603125 0.9171626984374999 0.21924603125 0.849454365625
5 0.23693783125 0.9100942453125 0.14699074166666665 0.9100942453125 0.14699074166666665 0.9849950390625001 0.23693783125 0.9849950390625001 0.23693783125 0.9100942453125
3 0.412367725 0.8541666671874999 0.34259259166666667 0.8541666671874999 0.34259259166666667 0.9047619046875001 0.412367725 0.9047619046875001 0.412367725 0.8541666671874999
3 0.3037367729166667 0.86396329375 0.22503306875 0.86396329375 0.22503306875 0.9224950390625001 0.3037367729166667 0.9224950390625001 0.3037367729166667 0.86396329375
3 0.3138227520833333 0.825644840625 0.24272486875 0.825644840625 0.24272486875 0.8824404765624999 0.3138227520833333 0.8824404765624999 0.3138227520833333 0.825644840625
4 0.09358465625 0.793898809375 0.03306878333333333 0.793898809375 0.03306878333333333 0.8370535718750001 0.09358465625 0.8370535718750001 0.09358465625 0.793898809375
4 0.05770502708333333 0.7450396828125 0.00082671875 0.7450396828125 0.00082671875 0.7951388890625 0.05770502708333333 0.7951388890625 0.05770502708333333 0.7450396828125
5 0.38773148125 0.9125744046875001 0.31332671875 0.9125744046875001 0.31332671875 0.976314484375 0.38773148125 0.976314484375 0.38773148125 0.9125744046875001