2 0.2753825833333333 0.7278982875 0.19592006666666667 0.7416573125 0.21578753958333333 0.80619891875 0.29525005624999995 0.79243989375 0.2753825833333333 0.7278982875
2 0.36141741666666666 0.6547508234375 0.22157726875 0.6789643062499999 0.2541022416666667 0.7846251609375 0.3939423916666666 0.7604116796875 0.36141741666666666 0.6547508234375
2 0.28892854999999995 0.5100947140625001 0.08315880208333333 0.54572398125 0.12409540625 0.6787109203125 0.3298651541666667 0.643081653125 0.28892854999999995 0.5100947140625001
0 0.14869822291666665 0.509293803125 0.01961501041666667 0.531644709375 0.048294666666666666 0.6248136421875 0.17737787916666664 0.6024627359375 0.14869822291666665 0.509293803125
2 0 0.542725853125 0.007808043749999999 0.56809111875 0.0869235625 0.5543921765625 0.060647229166666664 0.469030696875 0 0.479531834375 0 0.542725853125
2 0.2733490125 0.47551205 0.14842977291666667 0.49714195937500005 0.17174200833333333 0.5728742484375 0.2966612479166667 0.5512443390625 0.2733490125 0.47551205
1 0.9108187124999999 0.215052915625 0.6165645041666666 0.2660033671875 0.6810536791666667 0.475503340625 0.9753078854166667 0.4245528875 0.9108187124999999 0.215052915625
1 0.62403600625 0.24634364843749998 0.37593251666666666 0.2893030515625 0.43112883958333337 0.468614209375 0.6792323291666666 0.42565480625 0.62403600625 0.24634364843749998
1 0.45660829583333334 0.1589701421875 0.408501775 0.0026909687500000002 0.18295314791666667 0.041744970312500004 0.23105966875 0.19802414375 0.45660829583333334 0.1589701421875
1 0.42404293125 0 0.2997179375 0.0215270140625 0.31574009166666667 0.073576696875 0.45211026041666663 0.049964046875 0.4367301145833334 0 0.42404293125 0
1 0.5324869041666667 0 0.41312186666666667 0.02066819375 0.4517352604166666 0.146107928125 0.6037203354166666 0.1197915390625 0.56684559375 0 0.5324869041666667 0
2 0.5567945395833332 0 0.58516543125 0.0921658765625 0.7163306312500001 0.0694544734375 0.6949508604166666 0 0.5567945395833332 0
2 0.7038331270833333 0.02707398125 0.6035507395833334 0.044437990625 0.6190922291666666 0.09492618281250001 0.7193746166666667 0.0775621734375 0.7038331270833333 0.02707398125
1 0.6153117354166666 0.06720939375 0.535155225 0.081088584375 0.5551028083333333 0.14589043906250002 0.63525931875 0.13201124687500002 0.6153117354166666 0.06720939375
1 0.2759014979166666 0.0759518203125 0.20060295625 0.08898984843749999 0.2264787375 0.1730500875 0.3017772791666667 0.16001205937500002 0.2759014979166666 0.0759518203125