4 0 0 0 0.074278846875 0.17884615416666666 0.074278846875 0.17884615416666666 0 0 0
4 0.2613782041666667 0.0134615390625 0.11650641041666666 0.0134615390625 0.11650641041666666 0.1105769234375 0.2613782041666667 0.1105769234375 0.2613782041666667 0.0134615390625
4 0.3727564104166667 0.036177884375000004 0.2602564104166667 0.036177884375000004 0.2602564104166667 0.10733173124999999 0.3727564104166667 0.10733173124999999 0.3727564104166667 0.036177884375000004
4 0.375 0.05685096093749999 0.20384615416666665 0.05685096093749999 0.20384615416666665 0.20084134687500002 0.375 0.20084134687500002 0.375 0.05685096093749999
4 0.37147435833333337 0.20048076875 0.23942307708333335 0.20048076875 0.23942307708333335 0.2987980765625 0.37147435833333337 0.2987980765625 0.37147435833333337 0.20048076875
4 0.22948717916666667 0.247596153125 0.11762820416666667 0.247596153125 0.11762820416666667 0.331971153125 0.22948717916666667 0.331971153125 0.22948717916666667 0.247596153125
4 0.31506410208333335 0.30048076875 0.22243589791666668 0.30048076875 0.22243589791666668 0.371153846875 0.31506410208333335 0.371153846875 0.31506410208333335 0.30048076875
3 0.5350961541666667 0.523197115625 0.4040064104166667 0.523197115625 0.4040064104166667 0.6171875 0.5350961541666667 0.6171875 0.5350961541666667 0.523197115625
3 0.41939102500000003 0.536778846875 0.21490384583333333 0.536778846875 0.21490384583333333 0.6855769234375 0.41939102500000003 0.6855769234375 0.41939102500000003 0.536778846875
3 0.7046474354166666 0.5730769234374999 0.5748397437499999 0.5730769234374999 0.5748397437499999 0.68389423125 0.7046474354166666 0.68389423125 0.7046474354166666 0.5730769234374999
4 0.6644230770833333 0.6782451921875 0.6038461541666666 0.6782451921875 0.6038461541666666 0.71983173125 0.6644230770833333 0.71983173125 0.6644230770833333 0.6782451921875
3 0.5899038458333333 0.603125 0.40112179583333335 0.603125 0.40112179583333335 0.7603365390625 0.5899038458333333 0.7603365390625 0.5899038458333333 0.603125
3 0.60625 0.7495192312500001 0.37612179583333333 0.7495192312500001 0.37612179583333333 0.93076923125 0.60625 0.93076923125 0.60625 0.7495192312500001