4 0.2675980625 0.17706983437499998 0.11928564791666667 0.20071341718750002 0.15203960208333334 0.3162848484375 0.30035201875 0.29264126562500004 0.2675980625 0.17706983437499998
4 0.2721920770833333 0.31872919375 0.1857898875 0.3325032078125 0.2124702625 0.42664417656250003 0.29887245 0.41287016249999997 0.2721920770833333 0.31872919375
3 0.6404290666666667 0.300823434375 0.4798706708333333 0.3264192390625 0.5160952416666666 0.454236646875 0.6766536395833334 0.4286408421875 0.6404290666666667 0.300823434375
4 0.7399305937499999 0.35522373906250004 0.6045444875 0.37680664375 0.6313694708333333 0.4714578609375 0.7667555770833334 0.44987495624999996 0.7399305937499999 0.35522373906250004
4 0.6197128749999999 0.42091916874999996 0.46459713750000003 0.44564732031250004 0.5004601875 0.57218910625 0.6555759229166667 0.5474609546875 0.6197128749999999 0.42091916874999996
4 0.54600180625 0.47320097499999997 0.37591876041666666 0.500315175 0.41243255208333335 0.6291530828125 0.5825155979166666 0.6020388828125001 0.54600180625 0.47320097499999997
3 0.8130628208333334 0.383696190625 0.63889778125 0.4114611328125 0.6770022708333333 0.5459117796874999 0.8511673104166667 0.5181468375 0.8130628208333334 0.383696190625
4 0.8246590604166666 0.5111733671875001 0.7229493979166667 0.527387659375 0.7306859833333333 0.5546859875 0.8323956458333334 0.5384716953125 0.8246590604166666 0.5111733671875001
4 0.8424619458333333 0.50060239375 0.7812320479166667 0.51036350625 0.7930176875 0.5519488109374999 0.8542475854166667 0.5421876984375 0.8424619458333333 0.50060239375
4 0.8825570208333333 0.5254087265625 0.8121426416666666 0.5366340046875 0.8266758520833334 0.58791404375 0.8970902333333334 0.5766887656249999 0.8825570208333333 0.5254087265625
4 0.6498397979166667 0.57677374375 0.49574455625 0.6013392093750001 0.53160760625 0.7278809953125001 0.6857028479166666 0.7033155296875 0.6498397979166667 0.57677374375
4 0.7571969083333333 0.687118409375 0.6238518000000001 0.7083759421875 0.6524843958333334 0.8094052734374999 0.78582950625 0.7881477390625 0.7571969083333333 0.687118409375
4 0.6690138520833333 0.7705056296875 0.5649230270833333 0.7870995203125 0.5897234833333334 0.8746072484375 0.6938143083333334 0.8580133578125 0.6690138520833333 0.7705056296875