4 0.48044871875 0.4074519234375 0.27948717916666665 0.4074519234375 0.27948717916666665 0.5300480765625 0.48044871875 0.5300480765625 0.48044871875 0.4074519234375
4 0.36378205208333336 0.4576923078125 0.22532051250000001 0.4576923078125 0.22532051250000001 0.5516826921875 0.36378205208333336 0.5516826921875 0.36378205208333336 0.4576923078125
4 0.39487179583333337 0.5266826921875001 0.28653846250000004 0.5266826921875001 0.28653846250000004 0.584375 0.39487179583333337 0.584375 0.39487179583333337 0.5266826921875001
4 0.27243589791666667 0.560697115625 0.0996794875 0.560697115625 0.0996794875 0.6900240390625 0.27243589791666667 0.6900240390625 0.27243589791666667 0.560697115625
4 0.3533653854166667 0.596153846875 0.21714743541666665 0.596153846875 0.21714743541666665 0.703125 0.3533653854166667 0.703125 0.3533653854166667 0.596153846875
4 0.4897435895833333 0.612740384375 0.3028846145833333 0.612740384375 0.3028846145833333 0.740625 0.4897435895833333 0.740625 0.4897435895833333 0.612740384375
4 0.5158653854166667 0.7100961531250001 0.34887820416666665 0.7100961531250001 0.34887820416666665 0.825 0.5158653854166667 0.825 0.5158653854166667 0.7100961531250001
4 0.6161858979166667 0.726322115625 0.47291666666666665 0.726322115625 0.47291666666666665 0.83858173125 0.6161858979166667 0.83858173125 0.6161858979166667 0.726322115625
4 0.5036858979166666 0.8770432687499999 0.31842948750000005 0.8770432687499999 0.31842948750000005 0.9996394234375 0.5036858979166666 0.9996394234375 0.5036858979166666 0.8770432687499999
4 0.59455128125 0.8787259609375001 0.4782051291666667 0.8787259609375001 0.4782051291666667 0.9941105765625 0.59455128125 0.9941105765625 0.59455128125 0.8787259609375001
3 0.55705128125 0.538341346875 0.5102564104166667 0.538341346875 0.5102564104166667 0.5871394234375 0.55705128125 0.5871394234375 0.55705128125 0.538341346875
3 0.5277243583333333 0.583653846875 0.47612179583333336 0.583653846875 0.47612179583333336 0.6177884609375 0.5277243583333333 0.6177884609375 0.5277243583333333 0.583653846875