1 0.44295241127348645 0.723072578125 0.22634621294363258 0.7516580375 0.2626592338204593 0.9057922859374999 0.47926543215031314 0.877206825 0.44295241127348645 0.723072578125
1 0.5198982693110648 0.7760629453125001 0.4033207411273486 0.7914476484375 0.42433041753653444 0.880625321875 0.5409079457202505 0.8652406171875 0.5198982693110648 0.7760629453125001
1 0.5105509916492693 0.6720077171875001 0.35940473277661794 0.691954446875 0.3861207411273486 0.8053532156250001 0.5372670020876826 0.7854064859375 0.5105509916492693 0.6720077171875001
2 0.7954978914405011 0.6148213421875 0.6818623841336117 0.6298177890625001 0.6976196409185804 0.69670104375 0.8112551503131523 0.681704596875 0.7954978914405011 0.6148213421875
1 0.6639457306889354 0.5425023078125 0.5528844885177453 0.5571590296875 0.5783684488517745 0.66532824375 0.6894296910229646 0.650671521875 0.6639457306889354 0.5425023078125
1 0.8214836805845511 0.52554333125 0.6475367703549061 0.5484990578125 0.6760684279749478 0.6696045390625 0.8500153402922757 0.6466488125 0.8214836805845511 0.52554333125
1 0.8005280751565762 0.4945369640625 0.6817440334029227 0.5102128609375 0.6962043966597077 0.57159131875 0.8149884384133611 0.555915421875 0.8005280751565762 0.4945369640625
0 0.8663885490605427 0.0771773140625 0.9068413215031316 0.071838771875 0.891732509394572 0.007707915625000001 0.8512797390396659 0.0130464578125 0.8663885490605427 0.0771773140625
2 0.8982653277661795 0.0660175109375 0.8066949686847599 0.07810202656250001 0.8236194300626305 0.149939596875 0.9151897912317327 0.13785508124999998 0.8982653277661795 0.0660175109375
2 0.8708511607515658 0.1588895921875 0.7436088121085596 0.1756817296875 0.7646184885177453 0.2648594015625 0.8918608371607516 0.2480672640625 0.8708511607515658 0.1588895921875
1 0.7988223924843424 0.12837979375 0.6811416054279749 0.1439100953125 0.7011786116910229 0.22895917031250002 0.8188593966597078 0.21342887031250002 0.7988223924843424 0.12837979375
2 0.24219010855949896 0.35296044531250004 0.1682718643006263 0.362715415625 0.17546962421711898 0.3932670265625 0.24938786847599165 0.38351205625 0.24219010855949896 0.35296044531250004
1 0.1735954133611691 0.3515123703125 0.111445248434238 0.3597143109375 0.11935629853862213 0.39329355781249997 0.18150646346555324 0.38509161718749996 0.1735954133611691 0.3515123703125