3 0.3548280416666667 0.64521329375 0.21494708958333333 0.64521329375 0.21494708958333333 0.7488839281249999 0.3548280416666667 0.7488839281249999 0.3548280416666667 0.64521329375
3 0.3508597875 0.7460317453124999 0.22982804166666665 0.7460317453124999 0.22982804166666665 0.84375 0.3508597875 0.84375 0.3508597875 0.7460317453124999
3 0.30588624375 0.8374255953124999 0.16600529166666667 0.8374255953124999 0.16600529166666667 0.9532490078125001 0.30588624375 0.9532490078125001 0.30588624375 0.8374255953124999
3 0.26008597916666665 0.760540675 0.12582671875 0.760540675 0.12582671875 0.86768353125 0.26008597916666665 0.86768353125 0.26008597916666665 0.760540675
3 0.47437169375 0.2921626984375 0.2918320104166667 0.2921626984375 0.2918320104166667 0.43551587343750003 0.47437169375 0.43551587343750003 0.47437169375 0.2921626984375
3 0.4859457666666666 0.10292658750000001 0.33614417916666667 0.10292658750000001 0.33614417916666667 0.2229662703125 0.4859457666666666 0.2229662703125 0.4859457666666666 0.10292658750000001
3 0.5899470895833333 0.2242063484375 0.41071428541666666 0.2242063484375 0.41071428541666666 0.35590277812500004 0.5899470895833333 0.35590277812500004 0.5899470895833333 0.2242063484375
3 0.5720899479166667 0.14496527812499999 0.43320105833333333 0.14496527812499999 0.43320105833333333 0.24169146874999997 0.5720899479166667 0.24169146874999997 0.5720899479166667 0.14496527812499999
3 0.6610449729166666 0.24045138906250002 0.5539021166666667 0.24045138906250002 0.5539021166666667 0.35602678593750003 0.6610449729166666 0.35602678593750003 0.6610449729166666 0.24045138906250002
4 0.7772817458333333 0.2279265875 0.6367394187500001 0.2279265875 0.6367394187500001 0.3174603171875 0.7772817458333333 0.3174603171875 0.7772817458333333 0.2279265875
4 0.7048611104166667 0.1540178578125 0.5725859791666666 0.1540178578125 0.5725859791666666 0.2455357140625 0.7048611104166667 0.2455357140625 0.7048611104166667 0.1540178578125
4 0.6516203708333334 0.365575396875 0.4928902125 0.365575396875 0.4928902125 0.487103175 0.6516203708333334 0.487103175 0.6516203708333334 0.365575396875
4 0.5537367729166667 0.4365079359375 0.44494047708333334 0.4365079359375 0.44494047708333334 0.5240575390625 0.5537367729166667 0.5240575390625 0.5537367729166667 0.4365079359375
4 0.47536375625 0.44915674531249994 0.3262235458333333 0.44915674531249994 0.3262235458333333 0.5615079359374999 0.47536375625 0.5615079359374999 0.47536375625 0.44915674531249994
4 0.6531084645833333 0.494667659375 0.5112433854166667 0.494667659375 0.5112433854166667 0.604042659375 0.6531084645833333 0.604042659375 0.6531084645833333 0.494667659375
4 0.6860119041666667 0.6171875 0.54976851875 0.6171875 0.54976851875 0.7225942453124999 0.6860119041666667 0.7225942453124999 0.6860119041666667 0.6171875
4 0.5071097875 0.5818452375 0.37549603125 0.5818452375 0.37549603125 0.6820436515625 0.5071097875 0.6820436515625 0.5071097875 0.5818452375
4 0.5524140208333334 0.7418154765625 0.42212301666666663 0.7418154765625 0.42212301666666663 0.8506944437499999 0.5524140208333334 0.8506944437499999 0.5524140208333334 0.7418154765625
4 0.6583994708333333 0.0001240078125 0.5119047624999999 0.0001240078125 0.5119047624999999 0.09114583281250001 0.6583994708333333 0.09114583281250001 0.6583994708333333 0.0001240078125