1 0.9496794875 0.152884615625 0.7599358979166666 0.152884615625 0.7599358979166666 0.26995192343749996 0.9496794875 0.26995192343749996 0.9496794875 0.152884615625
1 0.7822115375 0.2061298078125 0.6889423083333334 0.2061298078125 0.6889423083333334 0.26983173125 0.7822115375 0.26983173125 0.7822115375 0.2061298078125
1 0.7721153854166667 0.090865384375 0.5746794875 0.090865384375 0.5746794875 0.24975961562500001 0.7721153854166667 0.24975961562500001 0.7721153854166667 0.090865384375
2 0.15432692291666666 0.37079326875 0.0046474354166666666 0.37079326875 0.0046474354166666666 0.49651442343749996 0.15432692291666666 0.49651442343749996 0.15432692291666666 0.37079326875
1 0.32788461458333334 0.44242788437499997 0.16474358958333332 0.44242788437499997 0.16474358958333332 0.545072115625 0.32788461458333334 0.545072115625 0.32788461458333334 0.44242788437499997
0 0.43141025625 0.528365384375 0.30512820416666664 0.528365384375 0.30512820416666664 0.64375 0.43141025625 0.64375 0.43141025625 0.528365384375
2 0.51330128125 0.528966346875 0.42483974375 0.528966346875 0.42483974375 0.5784855765625 0.51330128125 0.5784855765625 0.51330128125 0.528966346875
2 0.5743589750000001 0.5711538468749999 0.4025641020833334 0.5711538468749999 0.4025641020833334 0.699759615625 0.5743589750000001 0.699759615625 0.5743589750000001 0.5711538468749999
1 0.59951923125 0.6201923078125 0.45176282083333336 0.6201923078125 0.45176282083333336 0.7329326921875 0.59951923125 0.7329326921875 0.59951923125 0.6201923078125
2 0.22243589791666668 0.755528846875 0.11955128124999999 0.755528846875 0.11955128124999999 0.8293269234375 0.22243589791666668 0.8293269234375 0.22243589791666668 0.755528846875
2 0.19647435833333335 0.825 0.14358974375000003 0.825 0.14358974375000003 0.8677884609375001 0.19647435833333335 0.8677884609375001 0.19647435833333335 0.825
1 0.25833333333333336 0.810096153125 0.17243589791666666 0.810096153125 0.17243589791666666 0.8704326921875 0.25833333333333336 0.8704326921875 0.25833333333333336 0.810096153125