5 0.8115866826722339 0.9960055875 0.8090059707724426 0.8853499296875 0.5933848580375783 0.8881668093749999 0.5959655699373695 0.9988224671875001 0.8115866826722339 0.9960055875
5 0.5175481064718163 0.81970251875 0.7530907369519833 0.8166253843750001 0.7490611440501044 0.6438446859375 0.5135185135699374 0.6469218203125 0.5175481064718163 0.81970251875
4 0.2503701649269311 0.898789246875 0.48161599582463466 0.8957682453125001 0.4773136722338205 0.7112934234375 0.2460678413361169 0.714314425 0.2503701649269311 0.898789246875
4 0.20542584551148224 0.546544884375 0.40268791231732776 0.5439678484375 0.3992787828810021 0.3977912859375 0.20201671398747392 0.400368321875 0.20542584551148224 0.546544884375
4 0.4346595407098121 0.6080336749999999 0.6327028434237996 0.6054464328125 0.6293414405010438 0.461316340625 0.43129813778705633 0.463903584375 0.4346595407098121 0.6080336749999999
4 0.41415195824634654 0.407247575 0.6004767244258873 0.40481342343750004 0.5971289582463465 0.2612680375 0.41080419206680585 0.2637021890625 0.41415195824634654 0.407247575
4 0.20785583298538624 0.2235107296875 0.30511970354906054 0.222240071875 0.3032787724425887 0.14330472656249998 0.2060149018789144 0.144575384375 0.20785583298538624 0.2235107296875
4 0.24011215448851775 0.14062063125 0.35104765135699373 0.1391713671875 0.34907717536534444 0.0546813125 0.2381416764091858 0.056130578125 0.24011215448851775 0.14062063125
4 0.3783760835073069 0.26383338749999996 0.5377482087682672 0.261751346875 0.5346390814196242 0.12843832187499998 0.3752669561586639 0.13052036250000001 0.3783760835073069 0.26383338749999996
4 0.35278255949895615 0.1297905515625 0.45199951983298536 0.128494378125 0.45012449895615864 0.04809726875 0.3509075365344468 0.0493934421875 0.35278255949895615 0.1297905515625
4 0.34999487682672237 0.00188350625 0.3511267098121086 0.050414125 0.4292503006263048 0.0493935171875 0.42811846972860124 0.0008628984375000001 0.34999487682672237 0.00188350625
3 0.5454136346555324 0.1715790078125 0.6606459311064719 0.170073609375 0.6585663611691023 0.08090590625 0.5433340647181629 0.08241130468749999 0.5454136346555324 0.1715790078125
3 0.6673302108559499 0.2053717921875 0.7915467181628392 0.20374902499999997 0.7893307828810021 0.108734259375 0.6651142755741127 0.11035702656249999 0.6673302108559499 0.2053717921875
3 0.7497972379958247 0.2733108015625 0.8611233549060543 0.27185643437499996 0.8589074196242171 0.1768416671875 0.7475813027139875 0.178296034375 0.7497972379958247 0.2733108015625
5 0.6131637599164927 0.2702704875 0.7213649331941544 0.26885694375 0.7195444572025051 0.190798659375 0.6113432839248435 0.192212203125 0.6131637599164927 0.2702704875
5 0.623405356993737 0.09788823437500001 0.7214504655532359 0.0966073703125 0.7197322630480167 0.022934384375 0.6216871565762003 0.024215246875 0.623405356993737 0.09788823437500001