4 0.5048080479166667 0.7604517859375 0.45732944166666667 0.7654562984375 0.4643198708333333 0.8027609171875 0.5117984770833334 0.7977564046875 0.5048080479166667 0.7604517859375
4 0.48312186874999996 0.751354015625 0.42773016249999996 0.7571926125 0.43556791666666667 0.799019003125 0.49095962291666667 0.7931804046875001 0.48312186874999996 0.751354015625
4 0.40705730625 0.7422241765625001 0.3456365708333333 0.7486982671875 0.35469235416666667 0.79702470625 0.4161130895833333 0.7905506156250001 0.40705730625 0.7422241765625001
4 0.35604379374999995 0.795009003125 0.2927389833333333 0.8016816859375 0.30010011875 0.8409645812500001 0.3634049270833334 0.834291896875 0.35604379374999995 0.795009003125
4 0.41386035416666667 0.7969842109374999 0.35507731875000004 0.8031802734375001 0.36434493333333334 0.8526371546875 0.42312797083333337 0.8464410921875001 0.41386035416666667 0.7969842109374999
4 0.36014700833333335 0.8261336125 0.2987262708333333 0.8326077046875 0.3078350125 0.8812167531249999 0.36925575 0.8747426609375 0.36014700833333335 0.8261336125
4 0.4343427625 0.8037592265625 0.38422645625 0.8090417671875001 0.3914287166666667 0.8474768296875 0.441545025 0.8421942890624999 0.4343427625 0.8037592265625
4 0.38342090624999997 0.8529319828125 0.3314205270833333 0.8584131156250001 0.3393112375 0.9005221171875 0.3913116166666667 0.895040984375 0.38342090624999997 0.8529319828125
4 0.43707824791666666 0.8511667984375 0.3805560979166666 0.8571245515625 0.38934709375 0.9040379359375 0.44586924375 0.8980801843749999 0.43707824791666666 0.8511667984375
4 0.40914613541666667 0.8876854625 0.3586530145833333 0.893007721875 0.36521978125000004 0.9280514546875 0.4157129041666667 0.9227291953125001 0.40914613541666667 0.8876854625
5 0.30536836458333333 0.7716752953125 0.23603452708333333 0.7789834718749999 0.24509031041666668 0.827309909375 0.3144241479166666 0.8200017328125 0.30536836458333333 0.7716752953125
4 0.21878762916666666 0.7699941609375001 0.15774370624999998 0.776428534375 0.16584625 0.8196679796874999 0.2268901729166667 0.8132336062500001 0.21878762916666666 0.7699941609375001
3 0.27176363541666665 0.726656934375 0.19602395416666668 0.7346403234375 0.20740988124999998 0.7954016359375 0.2831495625 0.787418246875 0.27176363541666665 0.726656934375
3 0.23710180208333334 0.7108574734374999 0.16098530833333333 0.7188805796875 0.17072954166666668 0.7708809578125 0.2468460375 0.7628578515625 0.23710180208333334 0.7108574734374999
5 0.17211761875 0.703441628125 0.10579829583333332 0.7104320578125 0.11485408125 0.758758496875 0.18117340208333335 0.7517680671875 0.17211761875 0.703441628125
3 0.3253282875 0.6844104328125 0.25712489375 0.6915994546875 0.26671025625 0.7427520015625 0.33491365 0.7355629796875001 0.3253282875 0.6844104328125
5 0.2613961270833333 0.667229240625 0.1924391020833333 0.6744977 0.20191854999999997 0.7250850234375 0.27087557291666664 0.717816565625 0.2613961270833333 0.667229240625
3 0.23288044166666666 0.6565457968749999 0.16957563333333334 0.6632184796875 0.17751930208333333 0.7056100921875 0.2408241125 0.698937409375 0.23288044166666666 0.6565457968749999
3 0.28684941249999996 0.6318364375 0.22392141875 0.638469403125 0.23255353958333333 0.68453495625 0.2954815333333333 0.677901990625 0.28684941249999996 0.6318364375
5 0.33087457708333334 0.656591603125 0.2773669416666667 0.662231609375 0.28456920208333336 0.700666671875 0.3380768375 0.695026665625 0.33087457708333334 0.656591603125
3 0.3877297604166667 0.673942365625 0.3240481375 0.680654765625 0.33373941458333334 0.7323725343749999 0.3974210375 0.7256601328125 0.3877297604166667 0.673942365625
5 0.43359724375 0.7034026171875001 0.3695388041666667 0.7101547375 0.3780650104166667 0.75565506875 0.44212345000000003 0.7489029484375 0.43359724375 0.7034026171875001
4 0.39939775 0.63265369375 0.35154232916666667 0.637697925 0.35885050625 0.676698209375 0.40670592499999997 0.6716539781249999 0.39939775 0.63265369375
3 0.3687545770833333 0.5870349765625 0.30846428333333337 0.5933899140625 0.31624907916666667 0.6349336937500001 0.376539375 0.6285787578125 0.3687545770833333 0.5870349765625
4 0.5799091375 0.6434547328125 0.5252710604166667 0.64921389375 0.5327381104166666 0.689062009375 0.5873761875 0.6833028484375 0.5799091375 0.6434547328125
5 0.5246365604166666 0.5832846234375 0.46057812499999995 0.5900367421875 0.46894545625 0.634689240625 0.53300389375 0.6279371203124999 0.5246365604166666 0.5832846234375
3 0.5169026833333333 0.5338101734375 0.4517138041666667 0.5406814484375 0.4610873354166667 0.59070355 0.5262762125 0.5838322765624999 0.5169026833333333 0.5338101734375
4 0.4322039875 0.5503750000000001 0.37342095416666665 0.5565710625 0.3820001166666666 0.6023540046875 0.44078315208333335 0.5961579421875001 0.4322039875 0.5503750000000001
3 0.6370178625 0.5504009265625001 0.5673072124999999 0.5577488203125001 0.57652186875 0.6069230906249999 0.6462325208333334 0.5995751968749999 0.6370178625 0.5504009265625001
3 0.8152764979166667 0.5143198953125 0.7504644333333333 0.5211514515625 0.75978500625 0.57089094375 0.8245970708333333 0.5640593875000001 0.8152764979166667 0.5143198953125
3 0.1111143625 0.52758976875 0.08096921666666666 0.5307672359375 0.08457034791666666 0.54998476875 0.11471549375 0.5468073 0.1111143625 0.52758976875
5 0.08447154583333334 0.51152144375 0.05583365625 0.5145400375 0.058958166666666666 0.531214071875 0.08759605625 0.528195478125 0.08447154583333334 0.51152144375
5 0.04011235416666667 0.5259957078124999 0.01486579375 0.5286568375 0.018731714583333333 0.5492874203125 0.043978275 0.5466262921875 0.04011235416666667 0.5259957078124999
4 0.06819513125 0.324182590625 0.03126732708333333 0.3280749890625 0.03629831875 0.35492301249999997 0.07322612291666666 0.3510306140625 0.06819513125 0.324182590625
4 0.06475289375 0.359128559375 0.03310049166666666 0.3624649015625 0.03728415625 0.3847911484375 0.06893655833333333 0.3814548078125 0.06475289375 0.359128559375
4 0.11344543958333334 0.3175397015625 0.08367710833333333 0.3206774515625 0.088549225 0.346677640625 0.11831755833333334 0.343539890625 0.11344543958333334 0.3175397015625
4 0.050490945833333335 0.27071569375000004 0.0075341125 0.2752435859375 0.013571302083333332 0.30746121249999997 0.05652813541666667 0.30293332031250003 0.050490945833333335 0.27071569375000004
4 0.09454461041666667 0.2505097796875 0.0512109625 0.255077390625 0.057407024999999993 0.28814284843750004 0.10074067291666666 0.2835752375 0.09454461041666667 0.2505097796875
5 0 0.2401577203125 0.03918752083333333 0.2360271359375 0.031720470833333334 0.1961790203125 0 0.1995225359375 0 0.2401577203125
5 0.06080950416666667 0.15968250781249999 0.009185941666666668 0.165123921875 0.0169707375 0.20666770156249997 0.06859430208333334 0.2012262875 0.06080950416666667 0.15968250781249999
4 0.093685075 0.276681828125 0.05374275625 0.2808919734375 0.058138252083333335 0.30434866562499996 0.09808057291666666 0.3001385203125 0.093685075 0.276681828125
4 0.43535598124999997 0.53131023125 0.3980513625 0.5352423484375 0.40488291875000004 0.571699134375 0.44218753958333334 0.56776701875 0.43535598124999997 0.53131023125
4 0.029083908333333335 0.5071287671875 0.0094895625 0.509194121875 0.012296325 0.524172490625 0.031890670833333336 0.5221071375 0.029083908333333335 0.5071287671875