4 0.6993441377870564 0.7401706328125 0.5390771983298539 0.7317829265625 0.5274332734864301 0.856409653125 0.6877002129436326 0.864797359375 0.6993441377870564 0.7401706328125
4 0.6807690020876827 0.6147917421875 0.58740248434238 0.6099053265625 0.5779176972860126 0.7114224625000001 0.6712842150313153 0.716308878125 0.6807690020876827 0.6147917421875
3 0.3822641628392484 0.5203783 0.2087641732776618 0.5112980312500001 0.19588645511482256 0.649130240625 0.3693864446764092 0.658210509375 0.3822641628392484 0.5203783
4 0.2715605949895616 0.47767720156250004 0.12526187682672235 0.47002053281249995 0.11572568267223382 0.5720878984375 0.26202440083507306 0.579744565625 0.2715605949895616 0.47767720156250004
4 0.4441206993736952 0.40390868125 0.2765020668058455 0.39513621875 0.26375286847599166 0.5315928546875 0.4313715010438413 0.5403653187499999 0.4441206993736952 0.40390868125
4 0.555961369519833 0.3652519890625 0.3721690104384134 0.355633059375 0.35918847599164927 0.494565725 0.5429808371607516 0.5041846546875 0.555961369519833 0.3652519890625
3 0.25407553444676406 0.3920272890625 0.06587215657620042 0.38217750625 0.05232613361169102 0.527162684375 0.24052951148225468 0.5370124671875 0.25407553444676406 0.3920272890625
4 0.20281409603340292 0.371374615625 0.0929062630480167 0.36562249687500004 0.09015593319415449 0.39505971562500003 0.20006376409185805 0.40081183437499995 0.20281409603340292 0.371374615625
4 0.13826181628392487 0.3605318125 0.07209656784968685 0.3570689984375 0.06790681002087683 0.4019126125 0.1340720605427975 0.4053754265625 0.13826181628392487 0.3605318125
4 0.11798534864300628 0.316619415625 0.04189531315240084 0.312637178125 0.03672880375782881 0.36793513125 0.11281883924843424 0.3719173671875 0.11798534864300628 0.316619415625
4 0.4730242171189979 0.2388545640625 0.30650833820459294 0.2301398140625 0.29375913987473906 0.366596453125 0.4602750208768267 0.37531120156250003 0.4730242171189979 0.2388545640625
4 0.3816545407098121 0.1295709890625 0.23756132985386222 0.1220297484375 0.22738253653444676 0.23097496718750002 0.371475745302714 0.2385162078125 0.3816545407098121 0.1295709890625
4 0.47096838413361164 0.07701820312499999 0.35848745929018794 0.0711314171875 0.3496709770354906 0.1654955859375 0.4621519039665971 0.1713823703125 0.47096838413361164 0.07701820312499999