1 0.3020833333333333 0.3300480765625 0.18637820416666667 0.3300480765625 0.18637820416666667 0.40865384687499995 0.3020833333333333 0.40865384687499995 0.3020833333333333 0.3300480765625
0 0.04551282083333333 0.6859375 0.0003205125 0.6859375 0.0003205125 0.7234375 0.04551282083333333 0.7234375 0.04551282083333333 0.6859375
2 0.08493589791666666 0.6652644234375 0.035897435416666665 0.6652644234375 0.035897435416666665 0.6996394234375 0.08493589791666666 0.6996394234375 0.08493589791666666 0.6652644234375
0 0.34022435833333337 0.5567307687499999 0.22131410208333333 0.5567307687499999 0.22131410208333333 0.6480769234375 0.34022435833333337 0.6480769234375 0.34022435833333337 0.5567307687499999
1 0.2996794875 0.6185096156250001 0.20929487083333334 0.6185096156250001 0.20929487083333334 0.681971153125 0.2996794875 0.681971153125 0.2996794875 0.6185096156250001
1 0.31842948750000005 0.765865384375 0.24086538541666666 0.765865384375 0.24086538541666666 0.8240384609375001 0.31842948750000005 0.8240384609375001 0.31842948750000005 0.765865384375
2 0.5017628208333333 0.7324519234375 0.3328525645833333 0.7324519234375 0.3328525645833333 0.863221153125 0.5017628208333333 0.863221153125 0.5017628208333333 0.7324519234375
2 0.63798076875 0.7449519234374999 0.49599358958333334 0.7449519234374999 0.49599358958333334 0.859375 0.63798076875 0.859375 0.63798076875 0.7449519234374999
2 0.5693910249999999 0.8325721156249999 0.40913461458333333 0.8325721156249999 0.40913461458333333 0.966466346875 0.5693910249999999 0.966466346875 0.5693910249999999 0.8325721156249999
1 0.36955128125 0.9097355765625 0.3032051291666667 0.9097355765625 0.3032051291666667 0.960216346875 0.36955128125 0.960216346875 0.36955128125 0.9097355765625
1 0.9525641020833333 0.0941105765625 0.7516025645833333 0.0941105765625 0.7516025645833333 0.2443509609375 0.9525641020833333 0.2443509609375 0.9525641020833333 0.0941105765625
1 0.7392628208333334 0.21778846093749998 0.6290064104166666 0.21778846093749998 0.6290064104166666 0.358653846875 0.7392628208333334 0.358653846875 0.7392628208333334 0.21778846093749998
1 0.594391025 0.2540865390625 0.5520833333333334 0.2540865390625 0.5520833333333334 0.347596153125 0.594391025 0.347596153125 0.594391025 0.2540865390625
1 0.8201923083333333 0.2795673078125 0.7471153854166667 0.2795673078125 0.7471153854166667 0.32451923125 0.8201923083333333 0.32451923125 0.8201923083333333 0.2795673078125
2 0.35480769166666665 0.550841346875 0.2791666666666667 0.550841346875 0.2791666666666667 0.642908653125 0.35480769166666665 0.642908653125 0.35480769166666665 0.550841346875
1 0.07644230833333333 0.4365384609375 0.01330128125 0.4365384609375 0.01330128125 0.478125 0.07644230833333333 0.478125 0.07644230833333333 0.4365384609375
1 0.07996794791666666 0.4125 0.03733974375 0.4125 0.03733974375 0.45 0.07996794791666666 0.45 0.07996794791666666 0.4125