5 0.7221499520833333 0.17887475 0.56058365 0.159682559375 0.5340284166666667 0.2854299171875 0.69559471875 0.304622109375 0.7221499520833333 0.17887475
5 0.67425351875 0.12370775 0.5292841729166666 0.10648708437500001 0.5071816354166666 0.21114953125000002 0.6521509812499999 0.2283701984375 0.67425351875 0.12370775
4 0.78549785 0.2710322421875 0.65509318125 0.2555416890625 0.6348146395833333 0.3515669453125 0.7652193083333334 0.3670574984375 0.78549785 0.2710322421875
4 0.6563618000000001 0.2791290796875 0.5425540895833334 0.2656100515625 0.5260844791666667 0.3435988171875 0.6398921895833334 0.3571178453125 0.6563618000000001 0.2791290796875
4 0.6316279125 0.37241162656250004 0.5689659291666668 0.364968115625 0.55973865625 0.40866214687499997 0.6224006395833332 0.4161056578125 0.6316279125 0.37241162656250004
4 0.7852202687500001 0.4129214640625 0.6714125583333334 0.3994024375 0.65370906875 0.48323400781250003 0.7675167791666666 0.4967530359375 0.7852202687500001 0.4129214640625
4 0.8155819979166666 0.4968638578125 0.7265003645833333 0.486282 0.7124985145833332 0.552585153125 0.8015801479166667 0.5631670109375 0.8155819979166666 0.4968638578125
4 0.9344357041666667 0.5234818609375 0.8196118541666666 0.5098421265625 0.8030349520833333 0.5883389640625001 0.9178588020833334 0.601978696875 0.9344357041666667 0.5234818609375
4 0.9712576645833334 0.5554590953125 0.9221442187500001 0.5496249921875 0.9142044729166667 0.58722218125 0.9633179166666667 0.5930562859374999 0.9712576645833334 0.5554590953125
4 0.9145179375 0.5849157468749999 0.8640496375000001 0.578920703125 0.8573974166666667 0.6104210515624999 0.9078657166666667 0.616416096875 0.9145179375 0.5849157468749999
4 0.66361269375 0.4133191421875 0.5626760937499999 0.401329053125 0.5460455437499999 0.480079921875 0.64698214375 0.4920700125 0.66361269375 0.4133191421875
4 0.65714461875 0.519578375 0.5724662645833334 0.5095195734375 0.55862535625 0.5750606203124999 0.6433037104166667 0.5851194203125 0.65714461875 0.519578375
4 0.5896223625 0.5713210828124999 0.50528271875 0.5613025171875 0.4916563958333333 0.625827425 0.5759960395833333 0.635845990625 0.5896223625 0.5713210828124999
4 0.5596803520833333 0.500188525 0.4597598916666667 0.488319140625 0.44500698541666667 0.558178784375 0.54492744375 0.57004816875 0.5596803520833333 0.500188525
4 0.5464209645833333 0.352524746875 0.44175851875000005 0.3400920703125 0.42507432083333335 0.4190969765625 0.5297367666666667 0.43152965312499997 0.5464209645833333 0.352524746875
4 0.55177298125 0.2630594421875 0.4718366145833333 0.253563934375 0.45633265 0.3269800671875 0.5362690166666667 0.336475575 0.55177298125 0.2630594421875
4 0.5060030854166667 0.340041546875 0.45417993333333334 0.3338855625 0.4491371208333333 0.3577648578125 0.5009602750000001 0.36392084375 0.5060030854166667 0.340041546875
5 0.43931740625 0.1420224484375 0.33092910833333333 0.12914718281249998 0.3119917395833333 0.2188215625 0.4203800375 0.23169682656249999 0.43931740625 0.1420224484375
5 0.47545670833333337 0.21011526093750002 0.3714716854166667 0.1977630546875 0.3548411354166667 0.276513925 0.45882615833333334 0.2888661328125 0.47545670833333337 0.21011526093750002
5 0.4302059125 0.26984191874999996 0.31470463541666666 0.2561217140625 0.2971620875 0.3391911828125 0.41266336458333336 0.35291138593750004 0.4302059125 0.26984191874999996
4 0.344149675 0.39372940624999997 0.23576137916666667 0.3808541421875 0.21880894791666666 0.4611292234375 0.32719724375 0.47400448749999996 0.344149675 0.39372940624999997
4 0.33085135833333335 0.2372071421875 0.22754376666666667 0.2249354046875 0.20914286666666668 0.3120694328125 0.3124504604166667 0.32434116875 0.33085135833333335 0.2372071421875
4 0.24085991666666665 0.3254721328125 0.14568144375 0.31416604062500003 0.13082124374999998 0.3845337546875 0.22599971458333332 0.395839846875 0.24085991666666665 0.3254721328125
4 0.09661802916666667 0.3837259078125 0.02752048958333333 0.3755179265625 0.016200985416666668 0.4291193265625 0.085298525 0.4373273078125 0.09661802916666667 0.3837259078125
4 0.08844535625000001 0.5070997671875 0.0491546 0.5024324828125 0.044380022916666664 0.525041603125 0.08367077916666667 0.5297088859375 0.08844535625000001 0.5070997671875