4 0.47227564166666663 0.1003605765625 0.31201923125 0.1003605765625 0.31201923125 0.22752403906250002 0.47227564166666663 0.22752403906250002 0.47227564166666663 0.1003605765625
4 0.8157051291666666 0.182091346875 0.6451923083333334 0.182091346875 0.6451923083333334 0.30829326875 0.8157051291666666 0.30829326875 0.8157051291666666 0.182091346875
4 0.7552884624999999 0.2878605765625 0.6440705125 0.2878605765625 0.6440705125 0.361177884375 0.7552884624999999 0.361177884375 0.7552884624999999 0.2878605765625
4 0.3947115375 0.221875 0.2591346145833333 0.221875 0.2591346145833333 0.3298076921875 0.3947115375 0.3298076921875 0.3947115375 0.221875
4 0.7307692312499999 0.3519230765625 0.5980769229166667 0.3519230765625 0.5980769229166667 0.45288461562500004 0.7307692312499999 0.45288461562500004 0.7307692312499999 0.3519230765625
4 0.5875 0.30961538437499997 0.44487179583333336 0.30961538437499997 0.44487179583333336 0.41875 0.5875 0.41875 0.5875 0.30961538437499997
4 0.4099358979166666 0.3144230765625 0.26666666666666666 0.3144230765625 0.26666666666666666 0.42980769218750003 0.4099358979166666 0.42980769218750003 0.4099358979166666 0.3144230765625
3 0.99455128125 0.4052884609375 0.8961538458333334 0.4052884609375 0.8961538458333334 0.4737980765625 0.99455128125 0.4737980765625 0.99455128125 0.4052884609375
3 0.9892628208333334 0.4659855765625 0.9072115375 0.4659855765625 0.9072115375 0.499158653125 0.9892628208333334 0.499158653125 0.9892628208333334 0.4659855765625
4 0.6836538458333333 0.4215144234375 0.5823717958333333 0.4215144234375 0.5823717958333333 0.4847355765625 0.6836538458333333 0.4847355765625 0.6836538458333333 0.4215144234375
4 0.42451923124999996 0.4074519234375 0.3145833333333333 0.4074519234375 0.3145833333333333 0.4790865390625 0.42451923124999996 0.4790865390625 0.42451923124999996 0.4074519234375
3 0.31794871875 0.368990384375 0.13621794791666667 0.368990384375 0.13621794791666667 0.503125 0.31794871875 0.503125 0.31794871875 0.368990384375
4 0.45368589791666664 0.477403846875 0.32836538541666666 0.477403846875 0.32836538541666666 0.5764423078124999 0.45368589791666664 0.5764423078124999 0.45368589791666664 0.477403846875
5 0.31442307708333334 0.4921875 0.15673076875 0.4921875 0.15673076875 0.5974759609375 0.31442307708333334 0.5974759609375 0.31442307708333334 0.4921875
4 0.6056089750000001 0.4918269234375 0.493108975 0.4918269234375 0.493108975 0.5800480765625 0.6056089750000001 0.5800480765625 0.6056089750000001 0.4918269234375
4 0.9759615375 0.5337740390625 0.8961538458333334 0.5337740390625 0.8961538458333334 0.588341346875 0.9759615375 0.588341346875 0.9759615375 0.5337740390625
4 0.5923076916666666 0.5782451921875 0.5224358979166667 0.5782451921875 0.5224358979166667 0.65204326875 0.5923076916666666 0.65204326875 0.5923076916666666 0.5782451921875
4 0.53798076875 0.5659855765625 0.41458333333333336 0.5659855765625 0.41458333333333336 0.6590144234374999 0.53798076875 0.6590144234374999 0.53798076875 0.5659855765625
4 0.9665064104166666 0.5790865390625 0.8921474354166666 0.5790865390625 0.8921474354166666 0.621875 0.9665064104166666 0.621875 0.9665064104166666 0.5790865390625
4 0.9788461541666666 0.6157451921875 0.9108974354166667 0.6157451921875 0.9108974354166667 0.6594951921875001 0.9788461541666666 0.6594951921875001 0.9788461541666666 0.6157451921875
4 0.99919871875 0.66514423125 0.9536858979166667 0.66514423125 0.9536858979166667 0.7021634609375 0.99919871875 0.7021634609375 0.99919871875 0.66514423125
4 0.9777243583333333 0.6739182687499999 0.93701923125 0.6739182687499999 0.93701923125 0.704927884375 0.9777243583333333 0.704927884375 0.9777243583333333 0.6739182687499999
4 0.42387820416666666 0.665625 0.40176282083333337 0.665625 0.40176282083333337 0.6870192312500001 0.42387820416666666 0.6870192312500001 0.42387820416666666 0.665625
4 0.5048076916666667 0.6790865390625 0.45064102500000003 0.6790865390625 0.45064102500000003 0.72235576875 0.5048076916666667 0.72235576875 0.5048076916666667 0.6790865390625
4 0.28894230833333334 0.650721153125 0.15368589791666667 0.650721153125 0.15368589791666667 0.7516826921875001 0.28894230833333334 0.7516826921875001 0.28894230833333334 0.650721153125
4 0.29455128125 0.7201923078125 0.20673076875 0.7201923078125 0.20673076875 0.7800480765625 0.29455128125 0.7800480765625 0.29455128125 0.7201923078125
4 0.3424679479166667 0.7525240390625 0.23573717916666667 0.7525240390625 0.23573717916666667 0.8289663468749999 0.3424679479166667 0.8289663468749999 0.3424679479166667 0.7525240390625
4 0.35929487083333334 0.777403846875 0.275 0.777403846875 0.275 0.84375 0.35929487083333334 0.84375 0.35929487083333334 0.777403846875
4 0.29935897499999997 0.8205528843750001 0.24519230833333333 0.8205528843750001 0.24519230833333333 0.86045673125 0.29935897499999997 0.86045673125 0.29935897499999997 0.8205528843750001