1 0.8234866263048016 0.065611721875 0.7420329311064718 0.05812640625 0.731630018789144 0.12153771718749999 0.8130837118997912 0.1290230328125 0.8234866263048016 0.065611721875
0 0.8620484676409186 0.118984165625 0.7720895720250521 0.11071725156250001 0.7590758893528183 0.190042596875 0.8490347849686848 0.1983095109375 0.8620484676409186 0.118984165625
0 0.7725057244258873 0.11324071718749999 0.6900706617954071 0.1056652171875 0.6783021169102297 0.1774007953125 0.7607371774530272 0.18497629375 0.7725057244258873 0.11324071718749999
1 0.6681033173277662 0.1565817671875 0.534309903966597 0.1442866109375 0.5149902108559499 0.2620504734375 0.6487836221294363 0.2743456296875 0.6681033173277662 0.1565817671875
1 0.7149593757828809 0.15939654375 0.6292530814196242 0.151520428125 0.6140302860125261 0.24431149843750002 0.6997365803757828 0.2521876125 0.7149593757828809 0.15939654375
2 0.5744831586638831 0.252606328125 0.4606442651356994 0.242144925 0.4456222985386221 0.3337118359375 0.5594611920668059 0.34417323906249997 0.5744831586638831 0.252606328125
1 0.6691797557411273 0.266403328125 0.5730055177453027 0.2575652453125 0.559911503131524 0.3373802546875 0.6560857411273486 0.3462183375 0.6691797557411273 0.266403328125
0 0.6786973778705637 0.249881396875 0.6139269749478079 0.24392921875 0.6069783110647182 0.2862850375 0.6717487160751565 0.292237215625 0.6786973778705637 0.249881396875
1 0.9700476534446765 0.3138095890625 0.8722377974947807 0.3048211984375 0.8591839498956159 0.3843913765625 0.9569938058455115 0.393379765625 0.9700476534446765 0.3138095890625
1 1 0.36639084843749997 0.9539799144050105 0.36216176093749997 0.9449024676409186 0.41749363749999996 1 0.4225569109375 1 0.36639084843749997
1 0.997844853862213 0.32754756406249996 0.9566273215031316 0.3237598140625 0.9477507035490605 0.377867534375 0.988968235908142 0.38165528437499996 0.997844853862213 0.32754756406249996
1 0.682922764091858 0.5914909578125 0.6286203027139875 0.586500746875 0.6199846805845511 0.6391394796875 0.6742871419624217 0.644129690625 0.682922764091858 0.5914909578125
1 0.5854737411273486 0.46088400937499996 0.4821027891440501 0.4513845734375 0.46973175782881 0.5267926187499999 0.5731027098121085 0.5362920546875001 0.5854737411273486 0.46088400937499996
1 0.5464529206680584 0.509487834375 0.4574753945720251 0.5013111046875001 0.44442154697286007 0.5808812828125001 0.5333990730688936 0.5890580125 0.5464529206680584 0.509487834375
1 0.468334866388309 0.545427690625 0.3734691189979123 0.536709853125 0.3632670354906054 0.5988970078125 0.4581327807933194 0.60761484375 0.468334866388309 0.545427690625
1 0.40137486638830894 0.7279028015625 0.29309706889352816 0.7179524421875 0.2789185803757829 0.804377896875 0.3871963799582463 0.8143282546874999 0.40137486638830894 0.7279028015625
1 0.4474236993736952 0.7973716609375 0.31559302505219206 0.785256875 0.2965946555323591 0.9010620859375 0.4284253298538622 0.9131768734374999 0.4474236993736952 0.7973716609375
1 0.3435651711899791 0.7959043968749999 0.2679996993736952 0.7889601890625 0.25510651356993735 0.8675510421875 0.33067198747390397 0.8744952500000001 0.3435651711899791 0.7959043968749999
1 0.4696047536534447 0.8898721796875 0.39076804801670145 0.8826273562500001 0.37666989352818375 0.9685631484374999 0.4555065991649269 0.975807971875 0.4696047536534447 0.8898721796875