4 0.21266728958333334 0.8792889468749999 0.20499466458333335 0.9890907421874999 0.36914812916666667 0.9955429312499999 0.37682075416666666 0.8857411359375 0.21266728958333334 0.8792889468749999
4 0.2852232333333333 0.9052717796875 0.48312130625 0.913050328125 0.4939900895833333 0.7575087703125 0.2960920166666667 0.7497302218749999 0.2852232333333333 0.9052717796875
4 0.71713066875 0.8554989171875 0.80571026875 0.8589806125000001 0.8104999020833333 0.7904368749999999 0.7219203020833334 0.7869551796875001 0.71713066875 0.8554989171875
4 0.5761464875000001 0.779771471875 0.6900345437500001 0.7842479359375 0.696224225 0.6956683375 0.58233616875 0.691191871875 0.5761464875000001 0.779771471875
4 0.4558588625 0.7180752125 0.5131543979166666 0.7203272625 0.5165071416666667 0.6723466453125 0.45921160625 0.6700945968750001 0.4558588625 0.7180752125
4 0.31560659583333334 0.77058815 0.4467184666666667 0.7757416109374999 0.45318447083333335 0.6832075640624999 0.3220726020833334 0.678054103125 0.31560659583333334 0.77058815
4 0.49821188541666667 0.6769146125 0.6043668020833334 0.6810871203125 0.6096538208333333 0.605425378125 0.5034989041666666 0.601252871875 0.49821188541666667 0.6769146125
5 0.23500483125 0.6882460546875 0.40689143541666667 0.6950022015624999 0.4162680645833333 0.560814653125 0.24438146041666667 0.55405850625 0.23500483125 0.6882460546875
5 0.31053486458333335 0.6060928890625 0.4905061145833333 0.613166809375 0.5002695979166666 0.4734430359375 0.32029834791666667 0.46636911562499994 0.31053486458333335 0.6060928890625
4 0.4759972583333333 0.56607025 0.53680785625 0.5684604609374999 0.5421685625 0.49174420156250004 0.48135796249999996 0.489353990625 0.4759972583333333 0.56607025
3 0.40495587083333334 0.5007582265625 0.5487219666666667 0.5064090734375 0.55645906875 0.39568457343749996 0.41269297083333334 0.3900337265625 0.40495587083333334 0.5007582265625
3 0.14945432500000003 0.512789071875 0.33891624583333335 0.5202360296874999 0.3480902375 0.3889484078125 0.15862831458333335 0.38150145 0.14945432500000003 0.512789071875
3 0.1536912895833333 0.35883732031250004 0.29921491875 0.364557246875 0.3071730770833333 0.2506691890625 0.16164945 0.2449492625 0.1536912895833333 0.35883732031250004
5 0.6498151291666667 0.4417828015625 0.7208194104166666 0.444573684375 0.7247248041666666 0.38868417499999997 0.6537205208333333 0.3858932921875 0.6498151291666667 0.4417828015625
5 0.8486327916666667 0.43135708125 0.9045223 0.433553865625 0.9071750208333333 0.3955911796875 0.8512855125000001 0.393394396875 0.8486327916666667 0.43135708125
4 0.8006589020833333 0.45207368125 0.8358095354166667 0.45345530624999997 0.8377253895833333 0.4260378109375 0.80257475625 0.42465618593750004 0.8006589020833333 0.45207368125
4 0.7750676375 0.402162334375 0.80389115625 0.4032952671875 0.8052175166666667 0.38431392343750004 0.7763939979166667 0.383180990625 0.7750676375 0.402162334375
4 0.8353972916666667 0.46692114843750004 0.8832021541666666 0.4688001578125 0.8860206708333334 0.4284648046875 0.83821580625 0.42658579375 0.8353972916666667 0.46692114843750004
4 0.8636343083333333 0.486535796875 0.8871852312499999 0.4874614859375 0.8885115916666667 0.4684801421875 0.86496066875 0.4675544546875 0.8636343083333333 0.486535796875
3 0.8765857666666667 0.4600807734375 0.9321237708333334 0.462263740625 0.9348133333333333 0.42377379687500005 0.8792753291666667 0.421590828125 0.8765857666666667 0.4600807734375
5 0.9798340583333334 0.5815121390625 0.99494883125 0.5821062375 0.9977305041666666 0.54229814375 0.9826157291666667 0.54170404375 0.9798340583333334 0.5815121390625
5 0.9262713958333334 0.5031407296875 0.9765368041666667 0.5051164531250001 0.9789868875 0.470053696875 0.9287214791666667 0.4680779734375 0.9262713958333334 0.5031407296875
4 1 0.397785796875 0.95455394375 0.3959995015625 0.9522696562499999 0.42868959218749997 1 0.43056567343749996 1 0.397785796875
4 0.9341120583333333 0.3985004390625 0.99070458125 0.40072485625 0.9932836145833334 0.3638166890625 0.9366910916666666 0.3615922734375 0.9341120583333333 0.3985004390625
4 1 0.36764945937500004 0.9881138312500001 0.3671822640625 0.98535058125 0.40672672812500005 1 0.40730253593750004 1 0.36764945937500004