3 0.4883276125 0 0.46307503333333333 0.2164787125 0.732925475 0.234185353125 0.75833755 0.0163393296875 0.509325025 0 0.4883276125 0
3 1 0.135462896875 0.7877955458333333 0.12153878437500001 0.7671252770833333 0.29873548437499997 0.9927003979166666 0.3135369328125 1 0.2509608046875 1 0.135462896875
3 0.7272403583333333 0.3653473296875 0.47265727083333337 0.34864247812500004 0.45031735 0.5401523218750001 0.7049004375 0.5568571734375001 0.7272403583333333 0.3653473296875
5 0.9263783416666667 0.48644007968749997 0.7355364458333333 0.473917703125 0.7193408375 0.612755184375 0.9101827354166667 0.6252775609375 0.9263783416666667 0.48644007968749997
5 0.6556131395833333 0.55405579375 0.46286282500000003 0.5414081937499999 0.44616632291666664 0.684539615625 0.6389166374999999 0.697187215625 0.6556131395833333 0.55405579375
3 0.31023645625 0.6529767359374999 0.14229558750000001 0.64195704375 0.12723534166666667 0.7710615875 0.2951762104166667 0.782081278125 0.31023645625 0.6529767359374999
4 0.6531653291666667 0.695381853125 0.48865961458333335 0.6845875640625 0.47403347916666666 0.8099706890625 0.63853919375 0.8207649781249999 0.6531653291666667 0.695381853125
4 0.9068543375 1 0.9141616958333334 0.9373573937499999 0.7450757729166667 0.9262625671875 0.7364741875 1 0.9068543375 1
5 0.4641300291666666 0.7333132375 0.33244912083333333 0.724672796875 0.32032746041666665 0.8285862093749999 0.45200836875 0.8372266484375 0.4641300291666666 0.7333132375
4 0.44643571666666665 0.832245728125 0.3540682375 0.8261848984375 0.34635445416666666 0.8923116140625 0.43872193125 0.8983724437499999 0.44643571666666665 0.832245728125
4 0.3844054375 0.8612034984375001 0.24623590625 0.8521372984375001 0.23294549166666664 0.966069909375 0.37111502291666665 0.9751361109375001 0.3844054375 0.8612034984375001
5 0.34940602083333333 0.7655920984375 0.1982592375 0.755674375 0.18420078333333334 0.8761910328125 0.3353475666666667 0.8861087546874999 0.34940602083333333 0.7655920984375
5 0.1967229875 0.43913955937500004 0.11084413333333334 0.43350448906250005 0.10406535416666667 0.4916158484375 0.18994420625 0.49725091718750003 0.1967229875 0.43913955937500004
4 0.24783444375 0.549942421875 0.19745218125 0.5466365140625 0.19204251458333335 0.59301109375 0.24242477708333335 0.5963170015625 0.24783444375 0.549942421875
4 0.19978320416666667 0.5711638265625 0.15016431249999998 0.567908009375 0.1453891125 0.608843596875 0.19500800416666667 0.6120994140625 0.19978320416666667 0.5711638265625
4 0.09828126875000001 0.38623906875 0.03263165625 0.38193137187500004 0.02682127291666667 0.43174110624999995 0.09247088541666666 0.436048803125 0.09828126875000001 0.38623906875
4 0.10635943541666666 0.4389792984375 0.04719844791666667 0.4350973625 0.04269039166666667 0.473742846875 0.10185137916666666 0.477624784375 0.10635943541666666 0.4389792984375
4 0.06482770416666667 0.4521191015625 0.007575135416666667 0.44836238906250003 0.00246600625 0.492160603125 0.059718575 0.49591731718750004 0.06482770416666667 0.4521191015625
3 0.10156053125 0.49000922031250005 0.037055968749999994 0.4857766578125 0.03234755625 0.5261397171875 0.09685211666666667 0.53037228125 0.10156053125 0.49000922031250005
4 0 0.5253152265625001 0.030098027083333333 0.5272901546875 0.034672868749999995 0.4880721453125 0 0.4857970328125 0 0.5253152265625001
3 0.07718527916666668 0.3313466125 0.018215133333333335 0.3274771984375 0.012004035416666666 0.3807220859375 0.07097418125 0.38459150000000003 0.07718527916666668 0.3313466125
5 0.12947163541666667 0.36448821875 0.06382202291666667 0.36018052031250003 0.0586795 0.4042649984375 0.12432911249999999 0.40857269531249996 0.12947163541666667 0.36448821875
3 0.10496376458333333 0.747677703125 0.056108237500000005 0.744471975 0.05183393333333333 0.7811136171874999 0.10068946041666667 0.7843193453125 0.10496376458333333 0.747677703125