5 1 0.6500686578125 0.7096536325678496 0.66526418125 0.728762356993737 0.8697878203125 1 0.85559236875 1 0.6500686578125
3 0.7003175949895616 0.6186107890625 0.4048471169102297 0.6340744875000001 0.42572339874739035 0.8575165625000001 0.7211938768267223 0.8420528656249999 0.7003175949895616 0.6186107890625
4 0.880937363256785 0.5017717609375001 0.6537837599164927 0.5136600375 0.669357369519833 0.6803468046875001 0.896510974947808 0.6684585281250001 0.880937363256785 0.5017717609375001
3 0.3460698684759917 0.5578955640625 0.23368861377870564 0.5637771328125 0.2427891440501044 0.6611815156249999 0.35517039874739037 0.655299946875 0.3460698684759917 0.5578955640625
3 0.25143429436325676 0.558994828125 0.12538966597077245 0.5655914796875 0.134322993736952 0.6612062812499999 0.260367624217119 0.654609628125 0.25143429436325676 0.558994828125
4 0.6286251732776619 0.4188944 0.4182092025052192 0.4299066984375 0.43213468684759915 0.5789533 0.6425506576200418 0.5679410015624999 0.6286251732776619 0.4188944
4 0.8318456325678496 0.3033131390625 0.6251870918580376 0.3141287890625 0.6388020584551147 0.4598518828125 0.8454605991649269 0.44903623281250005 0.8318456325678496 0.3033131390625
4 0.6848407202505219 0.1774163546875 0.5868060104384134 0.182547084375 0.5939717807933194 0.25924345 0.6920064926931107 0.25411271874999997 0.6848407202505219 0.1774163546875
4 0.5399300313152401 0.2061950125 0.42037550313152405 0.212452 0.4284728267223382 0.299118890625 0.5480273528183717 0.292861903125 0.5399300313152401 0.2061950125
4 0.515964012526096 0.2472695125 0.35644411482254695 0.255618121875 0.3672166576200418 0.37091832343750003 0.5267365553235909 0.3625697140625 0.515964012526096 0.2472695125
4 0.35905477870563673 0.2982561125 0.28014879123173275 0.3023857234375 0.28576197912317325 0.3624645421875 0.3646679665970773 0.35833493125000004 0.35905477870563673 0.2982561125
4 0.38850354488517747 0.37648377499999996 0.31711241336116913 0.380220090625 0.3233466346555324 0.446945928125 0.3947377661795407 0.4432096125 0.38850354488517747 0.37648377499999996
4 0.3227092943632568 0.3446027859375 0.2185260626304802 0.350055303125 0.2262412108559499 0.4326317234375 0.3304244425887265 0.42717920468750004 0.3227092943632568 0.3446027859375
5 0.3981116910229645 0.470136475 0.29871064091858035 0.47533871406249995 0.3060436137787056 0.5538246609375 0.4054446638830898 0.548622421875 0.3981116910229645 0.470136475
3 0.2653262338204593 0.456019734375 0.1297172400835073 0.46311694687499994 0.13893720041753652 0.5617996015625 0.2745461920668058 0.5547023906249999 0.2653262338204593 0.456019734375
3 0.025587154488517744 0.6069098296875 0.00884952192066806 0.6077858078125 0.014199964509394572 0.665052428125 0.030937599164926933 0.66417645 0.025587154488517744 0.6069098296875