4 0 0.70966848125 0.03909060542797495 0.715887221875 0.05977101670146138 0.643068978125 0 0.6335602890625001 0 0.70966848125
4 0 0.8265983390624999 0.016693546972860126 0.8292540374999999 0.028725787056367434 0.7868870609374999 0 0.782317209375 0 0.8265983390624999
4 0 0.7926956015625 0.0680073611691023 0.8035145734375 0.08959018997912319 0.72751880625 0 0.7132663234375001 0 0.7926956015625
4 0.12091659707724425 0.7623921390625 0.035651947807933196 0.7488277875 0.016325162839248435 0.8168797453125001 0.10158981210855951 0.8304440984375001 0.12091659707724425 0.7623921390625
4 0 0.722537684375 0.0630128643006263 0.7325621046874999 0.0794819916492693 0.6745723046875 0.002354634655532359 0.6623024765625 0 0.67059343125 0 0.722537684375
4 0.1991015782881002 0.7045339265624999 0.12445078705636743 0.6926580828125 0.10865847181628392 0.748264740625 0.1833092630480167 0.760140584375 0.1991015782881002 0.7045339265624999
4 0.13834593528183717 0.6359193421875 0.07324761169102297 0.6255631562499999 0.05910973068893528 0.6753443546875 0.12420805427974947 0.685700540625 0.13834593528183717 0.6359193421875
4 0.25287643215031314 0.6492962109375 0.19697678496868476 0.6404034000000001 0.18441813569937368 0.6846239328125 0.24031778288100208 0.6935167453125 0.25287643215031314 0.6492962109375
4 0.2339430229645094 0.59812845625 0.21059253862212943 0.5944137359375 0.20540363465553235 0.6126844953125 0.22875411899791231 0.616399215625 0.2339430229645094 0.59812845625
4 0.24828123590814194 0.6218581265625 0.22811490814196245 0.618649959375 0.22330201043841336 0.635596753125 0.24346834029227557 0.63880491875 0.24828123590814194 0.6218581265625
4 0.17772450313152402 0.5649686734375 0.11474895407098121 0.5549501890624999 0.10031026722338204 0.6057905609375001 0.16328581628392483 0.6158090453125 0.17772450313152402 0.5649686734375
4 0 0.617923515625 0.019972394572025053 0.6211008296875 0.03817115657620042 0.557020775 0 0.5509483046875 0 0.617923515625
4 0.04319078705636743 0.5250236125 0.01913271189979123 0.5211963265625 0.014169413361169104 0.5386727046875001 0.03822748851774531 0.542499990625 0.04319078705636743 0.5250236125
4 0.15180243841336116 0.529294546875 0.12031466597077244 0.5242853046875 0.11422334446764092 0.5457335875 0.1457111189979123 0.5507428296875 0.15180243841336116 0.529294546875
4 0.20161778705636743 0.24842344062500002 0.09441783507306889 0.2313695046875 0.07185738622129437 0.3108075875 0.1790573382045929 0.327861525 0.20161778705636743 0.24842344062500002
4 0.5067897787056368 0.5820315953125 0.39605187473903963 0.564414821875 0.36897933611691025 0.659740521875 0.4797172400835073 0.6773572953125 0.5067897787056368 0.5820315953125
4 0.5229139164926931 0.402213803125 0.38422618997912317 0.3801506234375 0.3551984133611691 0.48236095937499995 0.49388613778705637 0.5044241375 0.5229139164926931 0.402213803125
4 0.5436745114822548 0.4742906390625 0.476099624217119 0.46354046875000005 0.46136013152400834 0.5154400156250001 0.5289350187891441 0.5261901875 0.5436745114822548 0.4742906390625
4 0.6566005052192067 0.5675334249999999 0.5140210292275574 0.5448511265625 0.48409083298538624 0.6502389859375 0.6266703089770355 0.672921284375 0.6566005052192067 0.5675334249999999
4 0.6398965469728601 0.6621561796875 0.6066397954070981 0.6568655203125 0.60047327348643 0.6785785953125 0.6337300250521921 0.6838692562500001 0.6398965469728601 0.6621561796875
5 0.6815481503131524 0.562369246875 0.626709891440501 0.5536452859375001 0.6130984196242172 0.6015729296875 0.6679366784968684 0.610296890625 0.6815481503131524 0.562369246875
4 0.6974863444676409 0.6299426890625 0.6511391711899791 0.622569534375 0.6424157974947808 0.6532855953125 0.6887629707724426 0.6606587484374999 0.6974863444676409 0.6299426890625
4 0.690973891440501 0.5122535515625 0.6113699665970772 0.4995897375 0.5964048684759916 0.552283665625 0.6760087933194155 0.5649474796875 0.690973891440501 0.5122535515625
5 0.7054722526096033 0.43125615 0.6067633841336116 0.4155530203125 0.5858573695198329 0.4891656453125 0.6845662359081419 0.504868775 0.7054722526096033 0.43125615
5 0.7379882338204593 0.46714900000000004 0.6506008141962422 0.4532469453125 0.6311988288100209 0.5215636984375001 0.7185862463465553 0.5354657515625 0.7379882338204593 0.46714900000000004
4 0.7590243215031316 0.4295354859375 0.6893266617954071 0.4184476140625 0.6735343486430062 0.47405427187500004 0.743232006263048 0.48514214375 0.7590243215031316 0.4295354859375
5 0.826899732776618 0.3819377265625 0.7487109916492694 0.369499046875 0.7313394446764092 0.430666371875 0.8095281878914405 0.4431050515625 0.826899732776618 0.3819377265625
5 0.851921260960334 0.455937821875 0.7772704676409186 0.44406197656249996 0.7616285574112736 0.49913904843749995 0.8362793507306889 0.5110148921875 0.851921260960334 0.455937821875
3 0.9030014655532359 0.5416942875 0.839672121085595 0.5316195203125 0.8289935093945721 0.5692202125 0.8923228538622129 0.5792949796875 0.9030014655532359 0.5416942875
4 0.8623485741127349 0.40750362500000004 0.801142 0.397766559375 0.7874553277661795 0.44595899531249994 0.8486619018789144 0.45569606250000005 0.8623485741127349 0.40750362500000004
4 0.7587503903966597 0.3341491 0.6724243549060543 0.320415896875 0.6525711607515658 0.390321409375 0.7388971962421712 0.40405461249999997 0.7587503903966597 0.3341491
4 0.7922318058455114 0.32107115625 0.7179348079331942 0.3092515953125 0.7015408810020877 0.366976603125 0.775837878914405 0.3787961640625 0.7922318058455114 0.32107115625
4 0.7695783235908142 0.2498002171875 0.7012958475991649 0.23893747968749998 0.6867067578288101 0.290307440625 0.7549892338204592 0.30117017968750004 0.7695783235908142 0.2498002171875
4 0.8254643215031314 0.26394924375 0.7692108810020878 0.2550001484375 0.7562010229645093 0.3008094421875 0.8124544634655532 0.3097585375 0.8254643215031314 0.26394924375
4 0.8647141795407097 0.2605068203125 0.8151828496868475 0.2526271140625 0.8051810501043841 0.2878446640625 0.8547123799582464 0.2957243703125 0.8647141795407097 0.2605068203125
4 0.6103832212943633 0.3845785796875 0.5442235156576201 0.37405354218750003 0.5290328141962422 0.42754185156249996 0.5951925198329854 0.4380668890625 0.6103832212943633 0.3845785796875
4 0.5583333006263047 0.3458549234375 0.5119861252609603 0.3384817703125 0.5025859394572025 0.371580971875 0.5489331127348643 0.3789541265625 0.5583333006263047 0.3458549234375
4 0.6753702025052192 0.34454726562500004 0.6021345887265135 0.33289655625000003 0.5879967077244259 0.3826777546875 0.6612323194154488 0.3943284640625 0.6753702025052192 0.34454726562500004
4 0.665680835073069 0.3096566046875 0.601290102296451 0.2994129859375 0.5867010125260961 0.3507829453125 0.651091745302714 0.361026565625 0.665680835073069 0.3096566046875
4 0.195988382045929 0.8847610250000001 0.14681084551148227 0.8769376015624999 0.13635783716075156 0.9137439140625 0.18553537369519832 0.9215673375 0.195988382045929 0.8847610250000001
4 0.6473774551148225 0.47501309999999997 0.5759108204592902 0.463643809375 0.5607953194154488 0.516867325 0.6322619540709812 0.5282366171875 0.6473774551148225 0.47501309999999997