4 1 0.0892129359375 0.9594079708333333 0.081055484375 0.94842189375 0.1118059328125 1 0.12217116562500001 1 0.0892129359375
4 1 0.10638445 0.952822775 0.09690362500000001 0.93685141875 0.14160805781250002 0.9923228145833334 0.1527556953125 1 0.1312669609375 1 0.10638445
4 1 0.08284285625 0.9446487291666668 0.0717193609375 0.9399865708333334 0.0847689203125 1 0.09682933437499999 1 0.08284285625
4 0.9001671375 0.07787457187499999 0.9051985770833333 0.06379138281249999 0.842836325 0.051258946875 0.8378048854166666 0.065342134375 0.9001671375 0.07787457187499999
4 0.8918552020833334 0.1822798375 0.8508546041666667 0.17404028124999998 0.8394992479166666 0.20582435625 0.8804998458333333 0.21406391406249997 0.8918552020833334 0.1822798375
4 0.8211609520833334 0.2075397765625 0.7980765812499999 0.2029006984375 0.7911525833333334 0.22228123125 0.8142369541666666 0.226920309375 0.8211609520833334 0.2075397765625
4 0.8397988208333333 0.06131148125 0.8433531395833334 0.051362806250000004 0.7923608000000001 0.041115290625 0.7888064812500001 0.0510639640625 0.8397988208333333 0.06131148125
4 0.8508621833333333 0.0541181578125 0.796079875 0.0431090015625 0.7788160395833333 0.091431134375 0.8335983479166666 0.102440290625 0.8508621833333333 0.0541181578125
4 0.7962381749999999 0.138276546875 0.7724647208333334 0.1334989890625 0.7652637625 0.15365474375 0.7890372166666667 0.158432303125 0.7962381749999999 0.138276546875
4 0.7671695770833333 0.14005126406249999 0.7475306375 0.1361045859375 0.7424530375 0.1503169765625 0.7620919791666666 0.15426365625 0.7671695770833333 0.14005126406249999
4 0.7612337604166667 0.07294192968749999 0.7291912791666667 0.0665026125 0.71765128125 0.098803503125 0.7496937645833334 0.10524282031250001 0.7612337604166667 0.07294192968749999
4 0.7664305416666667 0.2000030484375 0.7492034000000001 0.19654105 0.7442181208333333 0.210495034375 0.7614452625 0.213957034375 0.7664305416666667 0.2000030484375
5 0.27607181875000003 0.21279751875000003 0.19200336666666665 0.1959029625 0.17067745416666666 0.255595009375 0.2547459041666667 0.27248956406249997 0.27607181875000003 0.21279751875000003
4 0.42080341875 0.2774724046875 0.38566005000000003 0.2704099265625 0.3764280520833333 0.29625063906250004 0.4115714208333333 0.3033131171875 0.42080341875 0.2774724046875
4 0.4862000354166666 0.3611009328125 0.45553572291666666 0.3549385734375 0.4478731645833333 0.376386365625 0.47853747708333333 0.3825487234375 0.4862000354166666 0.3611009328125
4 0.4619384666666667 0.3742276765625 0.39923167083333333 0.361626 0.3819678375 0.40994813125 0.44467463333333335 0.42254980781249996 0.4619384666666667 0.3742276765625
4 0.40464783541666666 0.37282347968749996 0.3705380958333333 0.36596872187499996 0.3589981 0.3982696109375 0.39310783958333334 0.40512437031250004 0.40464783541666666 0.37282347968749996
5 0.38294211250000004 0.310576834375 0.30576451875 0.295067078125 0.28619268541666665 0.3498493875 0.36337027916666664 0.36535914375 0.38294211250000004 0.310576834375
4 0.22883600833333334 0.36103359375 0.16957464166666666 0.34912431875 0.15517272499999998 0.3894358296875 0.21443409166666666 0.40134510624999997 0.22883600833333334 0.36103359375
4 0.129406875 0.40212178906249996 0.07359093541666667 0.39090491250000003 0.05900437916666667 0.43173323906250005 0.11482031875000001 0.442950115625 0.129406875 0.40212178906249996
4 0.30951578125 0.3920645109375 0.24026267291666667 0.378147275 0.2229988375 0.42646940625 0.29225194791666664 0.44038664218749995 0.30951578125 0.3920645109375
4 0.4413161958333333 0.4681271984375 0.37550851458333334 0.4549023609375 0.35806004166666666 0.50374130625 0.42386772291666663 0.51696614375 0.4413161958333333 0.4681271984375
4 0.3767886270833333 0.45183609531249996 0.3209726895833333 0.44061921875000004 0.30500133333333335 0.4853236515625 0.36081727083333337 0.496540528125 0.3767886270833333 0.45183609531249996
5 0.6407705145833333 0.47317448593749994 0.5411976374999999 0.45316413125 0.5156250041666667 0.5247429046875001 0.6151978833333334 0.5447532578125001 0.6407705145833333 0.47317448593749994
4 0.64760455625 0.5677448796875 0.6076375875 0.5597130421875 0.5962822312499999 0.59149711875 0.6362492 0.59952895625 0.64760455625 0.5677448796875
4 0.6081194833333333 0.5960916359375 0.5591944020833334 0.5862595578125 0.54534640625 0.6250206265625 0.5942714875 0.6348527046875 0.6081194833333333 0.5960916359375
4 0.5439408979166667 0.5410962765625 0.49949487291666667 0.53216431875 0.48832415625 0.5634315812499999 0.53277018125 0.5723635375 0.5439408979166667 0.5410962765625
4 0.5361957229166666 0.5855151375000001 0.4772789 0.5736751015625 0.459830425 0.6225140484375 0.5187472479166667 0.634354084375 0.5361957229166666 0.5855151375000001
4 0.49586545416666666 0.5531762984374999 0.4483185416666667 0.54362118125 0.4328087875 0.587033578125 0.4803557 0.5965886953124999 0.49586545416666666 0.5531762984374999
4 0.4577539395833333 0.5415014171875 0.38505540208333333 0.52689178125 0.36779156875 0.5752139125 0.4404901041666667 0.5898235484375001 0.4577539395833333 0.5415014171875
4 0.46694503958333333 0.57727606875 0.38494384791666664 0.5607969546875 0.36389489375 0.6197137781250001 0.44589608750000004 0.6361928921875 0.46694503958333333 0.57727606875
4 0.38551966458333337 0.5023356484375 0.31075387083333333 0.48731057343749995 0.29155131666666667 0.5410592546874999 0.36631711041666665 0.5560843296875 0.38551966458333337 0.5023356484375
4 0.2625932125 0.43761140625 0.20471001666666666 0.425979090625 0.1898465 0.46758263749999995 0.24772969583333332 0.47921495312499995 0.2625932125 0.43761140625
4 0.22443683958333333 0.46844085937499996 0.17895718541666666 0.45930118125 0.16714022916666668 0.4923772921875 0.21261988333333331 0.5015169687500001 0.22443683958333333 0.46844085937499996
4 0.28056417916666665 0.500492309375 0.23232818333333333 0.4907987109375 0.221896025 0.5199987171875 0.2701320208333333 0.5296923140625001 0.28056417916666665 0.500492309375
4 0.22651380000000002 0.49156896093749997 0.17448783333333334 0.481113725 0.16082447708333333 0.5193579796875001 0.21285044374999998 0.5298132156250001 0.22651380000000002 0.49156896093749997
4 0.5102931041666666 0.6910936671875 0.444485425 0.67786883125 0.42657535 0.7279998140624999 0.49238303125 0.7412246484375 0.5102931041666666 0.6910936671875
4 0.3948293 0.6581962453125 0.34108061666666667 0.6473948078125 0.3257555020833333 0.690290390625 0.3795041854166667 0.701091828125 0.3948293 0.6581962453125
4 0.38970926666666666 0.720591134375 0.35215409791666663 0.713043978125 0.34144498124999995 0.743019203125 0.37900015000000004 0.7505663609375001 0.38970926666666666 0.720591134375
4 0.38127708541666666 0.6124054984375 0.2978977208333333 0.5956494234374999 0.2755562875 0.658183946875 0.3589356520833333 0.674940021875 0.38127708541666666 0.6124054984375
4 0.3065875166666666 0.5496201562499999 0.26489783333333333 0.54124211875 0.257235275 0.562689909375 0.2989249583333333 0.5710679468750001 0.3065875166666666 0.5496201562499999
4 0.30731856041666666 0.5594606640625 0.23944362291666668 0.5458203890625 0.2226413875 0.5928504859375 0.29051632499999996 0.6064907609375 0.30731856041666666 0.5594606640625
4 0.22823846458333333 0.5554778546875 0.1731116125 0.544399459375 0.15843273541666666 0.585486190625 0.21355958749999998 0.5965645875 0.22823846458333333 0.5554778546875
5 0.21241932083333334 0.533604015625 0.15350249791666667 0.5217639796875 0.13891594166666668 0.5625923046875 0.19783276666666666 0.574432340625 0.21241932083333334 0.533604015625
4 0.19326363958333334 0.5003967015625 0.13882587291666668 0.48945678593749997 0.12211595833333333 0.5362284749999999 0.17655372500000002 0.547168390625 0.19326363958333334 0.5003967015625
4 0.10764297083333334 0.498699965625 0.06491965833333332 0.4901142078125 0.05651854166666667 0.51362925625 0.09924185416666667 0.5222150140624999 0.10764297083333334 0.498699965625
4 0.13494997291666666 0.51374275 0.07878949166666667 0.5024566328125 0.06604933541666666 0.538116815625 0.12220981666666667 0.5494029328125001 0.13494997291666666 0.51374275
4 0.12345371041666667 0.540236271875 0.06419234375 0.5283269953125 0.04840562708333333 0.5725146125 0.10766699375000001 0.5844238890625 0.12345371041666667 0.540236271875
4 0.07882902291666666 0.506480496875 0.0288703125 0.49644069843749994 0.014283758333333334 0.5372690234374999 0.06424246666666666 0.5473088203125 0.07882902291666666 0.506480496875
4 0.06553826041666667 0.5416145890624999 0.018335891666666666 0.5321287124999999 0.006703577083333333 0.5646880078125001 0.053905943750000004 0.5741738859375001 0.06553826041666667 0.5416145890624999
4 0.1257464375 0.5865338890625 0.07509864375 0.5763556109375 0.061804566666666665 0.6135662375 0.1124523625 0.6237445140625 0.1257464375 0.5865338890625
4 0 0.57275748125 0.00614876875 0.57399315 0.020089083333333334 0.5349736765625 0 0.5309365359375 0 0.57275748125
4 0 0.5904829171875 0.013505189583333332 0.5931969453125 0.023937347916666667 0.5639969406249999 0 0.5591864453125 0 0.5904829171875
4 0 0.61665563125 0.01115499375 0.618897359375 0.0190945125 0.5966743453125 0 0.5928370765625 0 0.61665563125
4 0.12197013541666667 0.62759594375 0.09165036666666666 0.6215028265625 0.08260301041666666 0.6468267234375 0.11292277708333334 0.6529198421875 0.12197013541666667 0.62759594375
4 0 0.6878343296875 0.007412245833333333 0.6893239078125 0.015259443749999999 0.667359303125 0 0.6642927359375 0 0.6878343296875
4 0.0903304875 0.649487490625 0.052086231250000004 0.641801853125 0.04230031458333334 0.669193009375 0.08054456874999999 0.676878646875 0.0903304875 0.649487490625
4 0.040984635416666665 0.687346440625 0.011353954166666668 0.681391803125 0.0037837166666666667 0.7025811890625 0.033414397916666665 0.7085358265624999 0.040984635416666665 0.687346440625
4 0.043493370833333336 0.727871309375 0.027299858333333333 0.72461703125 0.02157601875 0.7406382734375 0.037769533333333334 0.743892553125 0.043493370833333336 0.727871309375
4 0.26047416458333333 0.620809984375 0.21568359791666666 0.6118087875 0.20285112083333334 0.647727378125 0.24764168958333332 0.656728575 0.26047416458333333 0.620809984375
4 0.2206405875 0.6299764703124999 0.1730936770833333 0.620421353125 0.16035352083333335 0.6560815343749999 0.20790043125000002 0.665636653125 0.2206405875 0.6299764703124999
4 0.17956837916666668 0.709795775 0.13684506875 0.70121001875 0.1268745125 0.7291179859375 0.16959782291666667 0.73770374375 0.17956837916666668 0.709795775
4 0.31257144166666667 0.680162978125 0.25055373333333336 0.6676997828125 0.23347453958333333 0.7155051 0.2954922479166667 0.7279682953125 0.31257144166666667 0.680162978125
4 0.29473646666666664 0.7192306562499999 0.2475341 0.7097447781249999 0.2367326625 0.7399784125 0.2839350291666667 0.7494642890625001 0.29473646666666664 0.7192306562499999