3 0.5160256416666666 0.11129807656249999 0.24807692291666666 0.11129807656249999 0.24807692291666666 0.316346153125 0.5160256416666666 0.316346153125 0.5160256416666666 0.11129807656249999
3 0.744391025 0.2915865390625 0.5418269229166667 0.2915865390625 0.5418269229166667 0.4387019234375 0.744391025 0.4387019234375 0.744391025 0.2915865390625
3 0.5036858979166666 0.45300480781249997 0.32772435833333335 0.45300480781249997 0.32772435833333335 0.589783653125 0.5036858979166666 0.589783653125 0.5036858979166666 0.45300480781249997
4 0.6727564104166667 0.47487980781249994 0.5137820520833334 0.47487980781249994 0.5137820520833334 0.5941105765625 0.6727564104166667 0.5941105765625 0.6727564104166667 0.47487980781249994
4 0.5147435895833333 0.5917067312500001 0.35929487083333334 0.5917067312500001 0.35929487083333334 0.71358173125 0.5147435895833333 0.71358173125 0.5147435895833333 0.5917067312500001
4 0.661858975 0.6628605765625 0.5173076916666667 0.6628605765625 0.5173076916666667 0.7743990390625 0.661858975 0.7743990390625 0.661858975 0.6628605765625
3 0.3786858979166666 0.6162259609375 0.32548076875000004 0.6162259609375 0.32548076875000004 0.691466346875 0.3786858979166666 0.691466346875 0.3786858979166666 0.6162259609375
3 0.3230769229166667 0.6788461531250001 0.2128205125 0.6788461531250001 0.2128205125 0.7641826921875 0.3230769229166667 0.7641826921875 0.3230769229166667 0.6788461531250001
3 0.42580128125 0.7329326921875 0.3219551291666667 0.7329326921875 0.3219551291666667 0.8173076921875 0.42580128125 0.8173076921875 0.42580128125 0.7329326921875
3 0.38125 0.7903846156250001 0.2844551291666667 0.7903846156250001 0.2844551291666667 0.8701923078125 0.38125 0.8701923078125 0.38125 0.7903846156250001
4 0.2815705125 0.7885817312500001 0.19278846249999998 0.7885817312500001 0.19278846249999998 0.8592548078125001 0.2815705125 0.8592548078125001 0.2815705125 0.7885817312500001
4 0.33798076875 0.86298076875 0.24823717916666668 0.86298076875 0.24823717916666668 0.936778846875 0.33798076875 0.936778846875 0.33798076875 0.86298076875
4 0.58798076875 0.7626201921875 0.43830128125 0.7626201921875 0.43830128125 0.8849759609375001 0.58798076875 0.8849759609375001 0.58798076875 0.7626201921875
4 0.46282051249999995 0.7891826921875 0.4246794875 0.7891826921875 0.4246794875 0.868509615625 0.46282051249999995 0.868509615625 0.46282051249999995 0.7891826921875
4 0.6096153854166667 0.837259615625 0.513141025 0.837259615625 0.513141025 0.911778846875 0.6096153854166667 0.911778846875 0.6096153854166667 0.837259615625
3 0 0.3418269234375 0.06955128125 0.3418269234375 0.06955128125 0.2733173078125 0 0.2733173078125 0 0.3418269234375
4 0 0.559615384375 0.07371794791666667 0.559615384375 0.07371794791666667 0.5019230765625 0 0.5019230765625 0 0.559615384375
4 0.06666666666666667 0.57139423125 0.0003205125 0.57139423125 0.0003205125 0.6209134609375 0.06666666666666667 0.6209134609375 0.06666666666666667 0.57139423125
4 0.044391025 0.35625 0.00048076875 0.35625 0.00048076875 0.42211538437499996 0.044391025 0.42211538437499996 0.044391025 0.35625
4 0.07900641041666666 0.5344951921875001 0.028044870833333332 0.5344951921875001 0.028044870833333332 0.5671875 0.07900641041666666 0.5671875 0.07900641041666666 0.5344951921875001
3 0.04791666666666667 0.21454326875000002 0.00016025625 0.21454326875000002 0.00016025625 0.26983173125 0.04791666666666667 0.26983173125 0.04791666666666667 0.21454326875000002