4 0.5918395895833334 0.18943442500000002 0.4126855229166667 0.165742153125 0.3778607375 0.31386803125 0.55701480625 0.33756030312499996 0.5918395895833334 0.18943442500000002
4 0.4560203479166667 0.20624786093749997 0.365004325 0.19421142656249998 0.33937734375 0.3032148046875 0.43039336666666667 0.315251240625 0.4560203479166667 0.20624786093749997
5 0.6173479520833334 0.2962978390625 0.5389230770833334 0.2859265234375 0.52674391875 0.3377301078125 0.6051687916666667 0.34810142499999996 0.6173479520833334 0.2962978390625
4 0.6469255791666666 0.380330671875 0.5080631895833333 0.3619667828125 0.48192874166666666 0.47312864374999997 0.62079113125 0.49149253281250005 0.6469255791666666 0.380330671875
4 0.6024307541666667 0.5885206296875001 0.5445114666666666 0.5808610796875 0.5358211291666667 0.6178250953125 0.5937404166666667 0.6254846453125 0.6024307541666667 0.5885206296875001
4 0.7214121166666666 0.49186292187499997 0.60233581875 0.47611564843750004 0.5808319895833333 0.5675813546875 0.6999082875 0.5833286281250001 0.7214121166666666 0.49186292187499997
4 0.5847628729166666 0.6542038078125 0.5106549666666667 0.644403390625 0.4963825145833333 0.7051107187500001 0.57049041875 0.7149111359375 0.5847628729166666 0.6542038078125
4 0.6469817875 0.6830186953124999 0.5631607083333333 0.6719337578125 0.54761959375 0.738037290625 0.6314406708333333 0.7491222296875 0.6469817875 0.6830186953124999
4 0.6273978499999999 0.7434409015625 0.5284673916666667 0.7303578203125001 0.5104523833333333 0.806983959375 0.60938284375 0.8200670406249999 0.6273978499999999 0.7434409015625
4 0.6311149500000001 0.8183507234375 0.5436964 0.8067900359375001 0.5260619916666667 0.8817973109375 0.6134805416666667 0.8933579984375 0.6311149500000001 0.8183507234375
5 0.66582370625 0.2163277140625 0.5805636375 0.2050524765625 0.5647687895833333 0.2722352515625 0.6500288583333333 0.2835104890625 0.66582370625 0.2163277140625