3 0.59455128125 0.0431490390625 0.3483974354166667 0.0431490390625 0.3483974354166667 0.2568509609375 0.59455128125 0.2568509609375 0.59455128125 0.0431490390625
4 0.5770833333333333 0.24026442343749999 0.40240384583333333 0.24026442343749999 0.40240384583333333 0.3681490390625 0.5770833333333333 0.3681490390625 0.5770833333333333 0.24026442343749999
4 0.443108975 0.34326923125 0.2732371791666666 0.34326923125 0.2732371791666666 0.47644230781249997 0.443108975 0.47644230781249997 0.443108975 0.34326923125
4 0.50544871875 0.420552884375 0.36987179583333335 0.420552884375 0.36987179583333335 0.5306490390625 0.50544871875 0.5306490390625 0.50544871875 0.420552884375
4 0.43798076875 0.493028846875 0.28477564166666663 0.493028846875 0.28477564166666663 0.613221153125 0.43798076875 0.613221153125 0.43798076875 0.493028846875
4 0.5886217958333333 0.785216346875 0.49727564166666666 0.785216346875 0.49727564166666666 0.8626201921875 0.5886217958333333 0.8626201921875 0.5886217958333333 0.785216346875
4 0.6445512812499999 0.645552884375 0.5019230770833334 0.645552884375 0.5019230770833334 0.7546875 0.6445512812499999 0.7546875 0.6445512812499999 0.645552884375
4 0.68108974375 0.7139423078125 0.5714743583333333 0.7139423078125 0.5714743583333333 0.8014423078125 0.68108974375 0.8014423078125 0.68108974375 0.7139423078125
5 0.7828525645833333 0.628125 0.6520833333333333 0.628125 0.6520833333333333 0.7278846156250001 0.7828525645833333 0.7278846156250001 0.7828525645833333 0.628125
5 0.7969551291666667 0.5296875 0.6649038458333333 0.5296875 0.6649038458333333 0.63016826875 0.7969551291666667 0.63016826875 0.7969551291666667 0.5296875
4 0.7591346145833333 0.063822115625 0.6905448708333334 0.063822115625 0.6905448708333334 0.12319711562499999 0.7591346145833333 0.12319711562499999 0.7591346145833333 0.063822115625
3 0.8727564104166666 0.28798076875 0.8317307687500001 0.28798076875 0.8317307687500001 0.318028846875 0.8727564104166666 0.318028846875 0.8727564104166666 0.28798076875
4 0.8230769229166667 0.0175480765625 0.7512820520833333 0.0175480765625 0.7512820520833333 0.078365384375 0.8230769229166667 0.078365384375 0.8230769229166667 0.0175480765625
4 0.73669871875 0.0003605765625 0.6604166666666667 0.0003605765625 0.6604166666666667 0.050841346875000006 0.73669871875 0.050841346875000006 0.73669871875 0.0003605765625
4 0.8203525645833333 0.19326923125 0.7677884625 0.19326923125 0.7677884625 0.23461538437499999 0.8203525645833333 0.23461538437499999 0.8203525645833333 0.19326923125
5 0.6424679479166666 0.96766826875 0.5918269229166667 0.96766826875 0.5918269229166667 0.9996394234375 0.6424679479166666 0.9996394234375 0.6424679479166666 0.96766826875