3 0.9657821169102297 0.5374690578125 0.8072729770354906 0.5312517031249999 0.7990359665970772 0.64888475625 0.9575451085594989 0.6551021109375 0.9657821169102297 0.5374690578125
3 0.8892674530271399 0.48565408593750004 0.7110282693110647 0.4786628421875 0.7022654947807934 0.6038043875 0.8805046764091857 0.61079563125 0.8892674530271399 0.48565408593750004
4 0.8334165010438414 0.821144215625 0.7611844864300626 0.8183109921874999 0.757311338204593 0.8736235546875 0.8295433528183717 0.8764567781249999 0.8334165010438414 0.821144215625
3 0.7384185093945721 0.9063870656249999 0.6544822338204592 0.9030947546875 0.6504163048016702 0.9611604328125001 0.7343525803757829 0.9644527437500001 0.7384185093945721 0.9063870656249999
3 0.6159150125260959 0.9151344031249999 0.5453550375782881 0.9123667624999999 0.5410788016701461 0.9734358375 0.6116387766179541 0.976203478125 0.6159150125260959 0.9151344031249999
5 0.7327017724425887 1 0.7374493945720251 0.932199015625 0.6384647849686848 0.9283164484374999 0.6334452943632568 1 0.7327017724425887 1
5 0.8455042087682672 0.8975369234375 0.7512013027139874 0.8938379921875 0.7467498121085595 0.9574098953125001 0.8410527181628393 0.961108828125 0.8455042087682672 0.8975369234375
4 0.8493952025052192 1 0.8528330020876826 0.9509046515625 0.754517204592902 0.9470483171874999 0.7508093716075157 1 0.8493952025052192 1
5 0.8948955386221294 0.472322434375 0.8273452275574112 0.46967284375 0.823068993736952 0.5307419171875 0.8906193027139875 0.5333915078125 0.8948955386221294 0.472322434375
4 0.9336759081419623 0.466816378125 0.8514116701461378 0.46358965 0.846399363256785 0.5351706140625 0.9286635991649269 0.5383973421875 0.9336759081419623 0.466816378125
5 0.8414289290187892 0.39305182968749997 0.6538263402922756 0.38569331562500003 0.6446429498956159 0.51684165625 0.8322455407098122 0.5242001703125 0.8414289290187892 0.39305182968749997
4 0.7540569185803758 0.3478381640625 0.644036860125261 0.3435227421875 0.6407070041753654 0.39107653125 0.7507270626304802 0.3953919515625 0.7540569185803758 0.3478381640625
4 0.7854502317327766 0.2706412484375 0.6510184279749478 0.2653683015625 0.6440257327766179 0.36523125625 0.7784575365344468 0.3705042015625 0.7854502317327766 0.2706412484375
4 0.6961710626304801 0.49928709062500004 0.594845599164927 0.49531270625 0.5906920417536534 0.5546298000000001 0.6920175073068894 0.558604184375 0.6961710626304801 0.49928709062500004
3 0.679987121085595 0.526886475 0.5198059415448851 0.5206035375 0.5125153110647181 0.6247213031250001 0.6726964906054279 0.6310042421875 0.679987121085595 0.526886475
3 0.6109840939457203 0.580899240625 0.493941478079332 0.5763083671875 0.4882281482254697 0.65790065625 0.605270764091858 0.6624915296875 0.6109840939457203 0.580899240625
5 0.5931169498956159 0.45295637031249997 0.4188906576200418 0.4461225265625 0.4100052025052192 0.57301605625 0.5842314947807933 0.5798498984375 0.5931169498956159 0.45295637031249997
5 0.5760775260960334 0.2676992046875 0.41522753235908144 0.2613900328125 0.4066224843423799 0.38427903125 0.5674724801670147 0.390588203125 0.5760775260960334 0.2676992046875
3 0.4112679498956158 0.3514586234375 0.20794820668058456 0.3434836203125 0.19808131941544885 0.484393 0.40140106263048014 0.492368003125 0.4112679498956158 0.3514586234375
3 0.349622133611691 0.4656164328125 0.16201954279749478 0.45825791875000005 0.15387016075156576 0.57463955625 0.341472751565762 0.5819980703125001 0.349622133611691 0.4656164328125
3 0.2250681670146138 0.5922394843750001 0.07425039665970772 0.586323815625 0.06646905219206681 0.6974495093749999 0.21728682045929018 0.7033651765625 0.2250681670146138 0.5922394843750001
5 0.22097211064718164 0.40171768593749996 0.1387078705636743 0.3984909578125 0.13183785386221294 0.49660192968750005 0.21410209394572025 0.49982865781249997 0.22097211064718164 0.40171768593749996
4 0.23074715657620043 0.513532009375 0.13176254488517744 0.5096494421875 0.12625952192066806 0.5882383328125 0.22524413361169104 0.5921209000000001 0.23074715657620043 0.513532009375
4 0.859431993736952 0.4160943578125 0.8186342818371607 0.414494109375 0.8147260835073069 0.47030723906249994 0.8555237954070982 0.4719074859375 0.859431993736952 0.4160943578125