4 0.6395097494780794 0.2710640875 0.48359660751565764 0.25879934375 0.4673156555323591 0.37473448593750003 0.6232287974947808 0.3869992296875 0.6395097494780794 0.2710640875
4 0.600940388308977 0.379639959375 0.46321150104384134 0.3688056609375 0.44944347807933194 0.46684646562500004 0.5871723653444676 0.4776807640625 0.600940388308977 0.379639959375
4 0.40259436951983296 0.434366796875 0.24163004801670146 0.42170470781249997 0.22587999582463464 0.53385935625 0.3868443173277662 0.546521446875 0.40259436951983296 0.434366796875
4 0.6183152672233821 0.4935084859375 0.4738514718162839 0.4821443921875 0.45926940292275575 0.58598195625 0.6037331983298538 0.5973460484374999 0.6183152672233821 0.4935084859375
4 0.40870297077244255 0.5751241390625 0.2504326137787056 0.5626739671875 0.23517806889352819 0.6713001546874999 0.39344842588726514 0.6837503265625 0.40870297077244255 0.5751241390625
3 0.15068989561586638 0.7044054484375 0.09748411691022965 0.700220071875 0.092210503131524 0.7377729765625001 0.1454162839248434 0.741958353125 0.15068989561586638 0.7044054484375
4 0.16351053027139875 0.7367564734375 0.12175409394572025 0.733471746875 0.11743610229645095 0.7642197640624999 0.15919253862212943 0.767504490625 0.16351053027139875 0.7367564734375
5 0.21902496450939457 0.7208655 0.17794201878914406 0.717633753125 0.17305773277661796 0.7524142953124999 0.2141406784968685 0.7556460421875 0.21902496450939457 0.7208655
5 0.23620711691022964 0.760949315625 0.18771577244258872 0.7571347937499999 0.1818404739039666 0.7989722578125 0.23033181628392485 0.802786778125 0.23620711691022964 0.760949315625
4 0.3213496054279749 0.763187659375 0.2870015699373695 0.7604857078125 0.2831436931106472 0.7879572953125 0.31749172860125263 0.790659246875 0.3213496054279749 0.763187659375
4 0.33721102087682675 0.7593390390625 0.3109448747390397 0.757272840625 0.3077948643006263 0.7797037703125 0.33406101043841335 0.78176996875 0.33721102087682675 0.7593390390625
4 0.43532314822546975 0.6595241093750001 0.3282380960334029 0.6511003765625001 0.31723075782881 0.7294826140625 0.4243158079331942 0.7379063484375 0.43532314822546975 0.6595241093750001
4 0.5448584258872652 0.6468633609375 0.4370998830897704 0.638386646875 0.42499535073068895 0.7245819046875 0.5327538935281837 0.73305861875 0.5448584258872652 0.6468633609375
4 0.6218951795407098 0.5771152875000001 0.4915746931106472 0.5668637640624999 0.4786561127348643 0.658855778125 0.608976599164927 0.669107303125 0.6218951795407098 0.5771152875000001