3 0.037406171189979125 0.9244917656249999 0.031590141962421714 0.9659071703125001 0.21050929853862213 0.9799816578125 0.21632532776617955 0.9385662531250001 0.037406171189979125 0.9244917656249999
5 0.064518496868476 0.9160167234375001 0.02024984133611691 0.9125343750000001 0.013425699373695197 0.96112845 0.057694356993736956 0.964610796875 0.064518496868476 0.9160167234375001
4 0 0.9052188109375001 0.03340302922755741 0.907846425 0.03991698329853863 0.8614611734375 0 0.8583211453124999 0 0.9052188109375001
5 0.3333191753653445 0.8199174828125001 0.15956469728601252 0.80624926875 0.14137991231732777 0.9357414328125 0.3151343924843424 0.9494096453124999 0.3333191753653445 0.8199174828125001
5 0.2005746555323591 0.7784893171875 0.06112838413361169 0.7675199234375001 0.04263341127348643 0.8992209062500001 0.18207968267223382 0.9101903015625 0.2005746555323591 0.7784893171875
5 0.33915448643006263 0.685406146875 0.16613781628392485 0.6717959718750001 0.14721633611691023 0.8065340859375001 0.3202330041753653 0.8201442609375 0.33915448643006263 0.685406146875
5 0.5960417724425887 0.7192924015625 0.42228729645093943 0.7056241875 0.39875176409185803 0.873218521875 0.57250624217119 0.8868867359375001 0.5960417724425887 0.7192924015625
4 0.3640328768267223 0.6715910484375 0.25557466805845513 0.663059296875 0.2391734655532359 0.779850734375 0.3476316743215031 0.7883824859375 0.3640328768267223 0.6715910484375
4 0.17882355114822546 0.7062922140625 0.050075540709812114 0.6961643875 0.034721223382045925 0.805501053125 0.16346923382045928 0.81562888125 0.17882355114822546 0.7062922140625
4 0.156757248434238 0.612435978125 0.032436104384133614 0.6026563859375 0.016887918580375784 0.7133735640625 0.14120906471816286 0.7231531578125 0.156757248434238 0.612435978125
4 0.22051026722338204 0.5727865984375 0.1349241962421712 0.5660540593750001 0.12360232567849687 0.646676046875 0.2091883966597077 0.6534085843749999 0.22051026722338204 0.5727865984375
4 0.3198533027139875 0.583811571875 0.20955056576200418 0.5751347234375 0.1951655866388309 0.677568821875 0.30546832359081416 0.6862456703125 0.3198533027139875 0.583811571875
5 0.547948751565762 0.5797013921875 0.39337735908141963 0.5675421953125 0.3723233319415449 0.7174659578125 0.5268947265135699 0.729625153125 0.547948751565762 0.5797013921875
5 0.44000668893528183 0.4864873765625 0.2850663903966597 0.4742991609375 0.2654082108559499 0.614283225 0.4203485114822547 0.626471440625 0.44000668893528183 0.4864873765625
5 0.7331398580375783 0.59692120625 0.5649189603340292 0.5836882859375 0.5432445574112734 0.7380296921875 0.7114654551148225 0.7512626124999999 0.7331398580375783 0.59692120625
4 0.6138270730688935 0.490390428125 0.4828656283924843 0.48008848281249994 0.4650298058455115 0.607095721875 0.5959912505219206 0.617397665625 0.6138270730688935 0.490390428125
4 0.4995223089770355 0.47037222968750003 0.41319842797494777 0.4635816515625 0.39691354697286013 0.5795447828125 0.48323742588726515 0.586335359375 0.4995223089770355 0.47037222968750003
4 0.2631752317327766 0.4748103375 0.13774737160751566 0.46494368750000004 0.12200531941544886 0.5770413796875 0.2474331795407098 0.58690803125 0.2631752317327766 0.4748103375
4 0.31073017118997914 0.4097400390625 0.24875405010438412 0.40486475312500003 0.23235284759916494 0.521656190625 0.29432896868475994 0.526531478125 0.31073017118997914 0.4097400390625
4 0.6930442066805845 0.44818895468750003 0.5775767933194155 0.43910583281250004 0.5612919102296452 0.5550689625 0.6767593256784968 0.5641520859375 0.6930442066805845 0.44818895468750003
4 0.8490541732776619 0.5151752578125001 0.7000163611691023 0.5034513546875 0.681521388308977 0.6351523390625 0.8305592004175365 0.6468762421875 0.8490541732776619 0.5151752578125001
4 0.8851575010438414 0.42142843125 0.7401776492693111 0.4100237421875 0.7243192776617954 0.5229497421875 0.869299127348643 0.5343544312499999 0.8851575010438414 0.42142843125
4 0.8056411586638831 0.37944180625 0.7130458851774529 0.3721578953125 0.70249948434238 0.44725782656249996 0.7950947599164927 0.45454173750000004 0.8056411586638831 0.37944180625
4 0.8289857139874739 0.3194458421875 0.7588936722338204 0.313932125 0.7497043465553236 0.3793684640625 0.8197963862212945 0.38488218125 0.8289857139874739 0.3194458421875
4 0.9319159123173277 0.3540622515625 0.8337870542797495 0.346343046875 0.8230080146137787 0.42309959687500004 0.9211368705636743 0.43081880000000006 0.9319159123173277 0.3540622515625
4 0.9510136513569938 0.31899554218750004 0.8455066847599165 0.310695946875 0.8325175532359081 0.40319035000000003 0.9380245198329854 0.41148994375000003 0.9510136513569938 0.31899554218750004
4 0.9923260521920668 0.29837777656250003 0.9111668455114822 0.2919934734375 0.901124503131524 0.3635040703125 0.9822837077244259 0.369888375 0.9923260521920668 0.29837777656250003
4 0.9223370167014614 0.274866809375 0.8448668684759917 0.26877270000000003 0.8354448997912317 0.33586565625000003 0.9129150501043841 0.3419597640625 0.9223370167014614 0.274866809375
3 0.794550388308977 0.0812716625 0.7606110835073069 0.0786018625 0.7567725052192067 0.105936028125 0.7907118079331941 0.108605828125 0.794550388308977 0.0812716625
5 0.5428619958246346 0.904095496875 0.48162368684759915 0.8992782484375 0.4756137891440501 0.942074165625 0.5368521002087683 0.9468914125 0.5428619958246346 0.904095496875
3 0.521531993736952 0.941778134375 0.4643516430062631 0.9372801015625001 0.45896212317327767 0.9756583765625001 0.5161424739039666 0.980156409375 0.521531993736952 0.941778134375
3 0.493028356993737 1 0.4966187265135699 0.9744333031249999 0.45161225887265133 0.9708929156250001 0.4477155198329854 0.9986412359375001 0.4649885427974948 1 0.493028356993737 1