3 0.36607142916666663 0.100818453125 0.28042328125 0.100818453125 0.28042328125 0.16852678593749998 0.36607142916666663 0.16852678593749998 0.36607142916666663 0.100818453125
5 0.3759920625 0.22123015937499999 0.30390211666666667 0.22123015937499999 0.30390211666666667 0.2765376984375 0.3759920625 0.2765376984375 0.3759920625 0.22123015937499999
4 0.2863756604166667 0.21267361093749998 0.20205026458333333 0.21267361093749998 0.20205026458333333 0.26376488125 0.2863756604166667 0.26376488125 0.2863756604166667 0.21267361093749998
4 0.25595238124999997 0.3245287703125 0.11078042291666666 0.3245287703125 0.11078042291666666 0.454737103125 0.25595238124999997 0.454737103125 0.25595238124999997 0.3245287703125
4 0.363425925 0.439980159375 0.238425925 0.439980159375 0.238425925 0.543402778125 0.363425925 0.543402778125 0.363425925 0.439980159375
4 0.27843915416666665 0.41480654687499996 0.15410052916666667 0.41480654687499996 0.15410052916666667 0.5038442453124999 0.27843915416666665 0.5038442453124999 0.27843915416666665 0.41480654687499996
3 0.4718915354166667 0.3767361109375 0.3389550270833333 0.3767361109375 0.3389550270833333 0.49578372968749995 0.4718915354166667 0.49578372968749995 0.4718915354166667 0.3767361109375
3 0.5977182541666667 0.3802083328125 0.47668650833333337 0.3802083328125 0.47668650833333337 0.474950396875 0.5977182541666667 0.474950396875 0.5977182541666667 0.3802083328125
4 0.3174603166666667 0.2531001984375 0.24107142916666666 0.2531001984375 0.24107142916666666 0.3118799609375 0.3174603166666667 0.3118799609375 0.3174603166666667 0.2531001984375
3 0.5233134916666666 0.471478175 0.3956679895833333 0.471478175 0.3956679895833333 0.568204365625 0.5233134916666666 0.568204365625 0.5233134916666666 0.471478175
3 0.6211970895833333 0.4683779765625 0.5160383604166666 0.4683779765625 0.5160383604166666 0.5584077375 0.6211970895833333 0.5584077375 0.6211970895833333 0.4683779765625
5 0.7367724875 0.49913194375 0.6375661375 0.49913194375 0.6375661375 0.5787450390625 0.7367724875 0.5787450390625 0.7367724875 0.49913194375
4 0.7966269833333333 0.5706845234375 0.69345238125 0.5706845234375 0.69345238125 0.6607142859375 0.7966269833333333 0.6607142859375 0.7966269833333333 0.5706845234375
4 0.6962632270833333 0.54228670625 0.5887896833333334 0.54228670625 0.5887896833333334 0.63603670625 0.6962632270833333 0.63603670625 0.6962632270833333 0.54228670625
4 0.7070105812499999 0.61259920625 0.6676587291666666 0.61259920625 0.6676587291666666 0.6825396828125 0.7070105812499999 0.6825396828125 0.7070105812499999 0.61259920625
4 0.6056547625 0.5555555562500001 0.53687169375 0.5555555562500001 0.53687169375 0.644097221875 0.6056547625 0.644097221875 0.6056547625 0.5555555562500001
4 0.6861772479166667 0.6288442453124999 0.57473545 0.6288442453124999 0.57473545 0.730034721875 0.6861772479166667 0.730034721875 0.6861772479166667 0.6288442453124999
4 0.5281084645833334 0.5631200390625 0.42129629583333333 0.5631200390625 0.42129629583333333 0.6536458328125 0.5281084645833334 0.6536458328125 0.5281084645833334 0.5631200390625
4 0.5186838625 0.6400049609375 0.41187169375 0.6400049609375 0.41187169375 0.74169146875 0.5186838625 0.74169146875 0.5186838625 0.6400049609375
4 0.6550925916666667 0.7748015875 0.54365079375 0.7748015875 0.54365079375 0.8735119046875001 0.6550925916666667 0.8735119046875001 0.6550925916666667 0.7748015875
4 0.5469576729166667 0.7695932546875001 0.43022486875 0.7695932546875001 0.43022486875 0.869295634375 0.5469576729166667 0.869295634375 0.5469576729166667 0.7695932546875001