1 0.465061475 0 0.403047525 0.004888446875 0.41577420416666666 0.0957031484375 0.54421534375 0.0855783671875 0.5322224791666667 0 0.465061475 0
1 0.465061475 0 0.3495901770833333 0.009102392187499999 0.3732146666666667 0.1776813875 0.5895554666666667 0.1606276359375 0.567045275 0 0.465061475 0
1 0.22512118958333333 0.211935734375 0.41096619166666665 0.1972859125 0.3886426520833333 0.037990196875 0.20279765 0.052640018749999996 0.22512118958333333 0.211935734375
1 0.8987048937500001 0.31921366562500003 0.97655888125 0.3130765765625 0.9663398291666667 0.24015573437499999 0.8884858416666667 0.246292821875 0.8987048937500001 0.31921366562500003
1 0.86015775 0.26675343281249997 0.9469810875 0.2599093078125 0.9373276666666667 0.19102467343750001 0.8505043270833333 0.1978687984375 0.86015775 0.26675343281249997
1 0.8163511166666667 0.352774746875 0.9153727791666667 0.34496905 0.9055685208333333 0.27500809375 0.8065468604166667 0.282813790625 0.8163511166666667 0.352774746875
1 0.80954145 0.3197129828125 0.8748383416666666 0.3145657484375 0.8647701229166667 0.24272122812500002 0.7994732333333334 0.2478684625 0.80954145 0.3197129828125
1 0.5167067791666666 0.43026167812500005 0.5812861229166667 0.42517100625 0.5712933229166667 0.3538646484375 0.5067139791666667 0.3589553203125 0.5167067791666666 0.43026167812500005
1 0.396996875 0.44962813125 0.51862130625 0.44004069843750004 0.5056495208333334 0.34747697187500004 0.3840250895833333 0.3570644046875 0.396996875 0.44962813125
1 0.4674819625 0.46597219531249995 0.5478473687500001 0.4596371375 0.5399285458333334 0.403130209375 0.45956313958333334 0.40946526875 0.4674819625 0.46597219531249995
0 0.5515788500000001 0.5393266046875 0.6279977395833334 0.5333026421875 0.6204937125 0.479755603125 0.5440748229166666 0.48577956406249995 0.5515788500000001 0.5393266046875
1 0.3035510166666667 0.7017060671875 0.38786293749999995 0.6950599125 0.37858660208333333 0.628866084375 0.29427468125 0.6355122390625 0.3035510166666667 0.7017060671875
0 0.09608312916666667 0.7277182671875 0.029889302083333333 0.73293620625 0.04708446041666667 0.8556369593750001 0.11327828958333333 0.8504190203125 0.09608312916666667 0.7277182671875
2 0.10613948333333334 0.811125978125 0.25108423333333335 0.7997002484375 0.23588763333333332 0.6912607656249999 0.09094288333333332 0.702686496875 0.10613948333333334 0.811125978125
1 0.18305498125 0.868179190625 0.2949925104166667 0.8593553593750001 0.2825109375 0.77028968125 0.17057340833333334 0.7791135125 0.18305498125 0.868179190625
1 0.06671464166666666 0.8921769828125001 0.18762152291666664 0.8826461125 0.17389556458333333 0.784700775 0.05298868125 0.79423164375 0.06671464166666666 0.8921769828125001