4 1 0.07080853125 0.9768518520833334 0.07080853125 0.9768518520833334 0.09610615156249999 1 0.09610615156249999 1 0.07080853125
4 0.9778439145833333 0.051215278125 0.9375 0.051215278125 0.9375 0.08271329375 0.9778439145833333 0.08271329375 0.9778439145833333 0.051215278125
4 0.9684193125 0.07576884843750001 0.9389880958333333 0.07576884843750001 0.9389880958333333 0.092633928125 0.9684193125 0.092633928125 0.9684193125 0.07576884843750001
4 1 0.1351686515625 0.96825396875 0.1351686515625 0.96825396875 0.19717261875 1 0.19717261875 1 0.1351686515625
4 1 0.1705109125 0.9606481479166666 0.1705109125 0.9606481479166666 0.22160218281250002 1 0.22160218281250002 1 0.1705109125
4 0.8993055562500001 0.0095486109375 0.8166335979166667 0.0095486109375 0.8166335979166667 0.088913690625 0.8993055562500001 0.088913690625 0.8993055562500001 0.0095486109375
4 0.9027777770833333 0.0978422625 0.8363095229166666 0.0978422625 0.8363095229166666 0.17125496093749998 0.9027777770833333 0.17125496093749998 0.9027777770833333 0.0978422625
3 0.8467261895833332 0.089409721875 0.705853175 0.089409721875 0.705853175 0.1930803578125 0.8467261895833332 0.1930803578125 0.8467261895833332 0.089409721875
3 0.7387566145833334 0.15972222187500001 0.6332671958333334 0.15972222187500001 0.6332671958333334 0.252976190625 0.7387566145833334 0.252976190625 0.7387566145833334 0.15972222187500001
3 0.7344576729166667 0.2477678578125 0.6471560854166667 0.2477678578125 0.6471560854166667 0.334325396875 0.7344576729166667 0.334325396875 0.7344576729166667 0.2477678578125
4 0.7961309520833333 0.2606646828125 0.6757605812499999 0.2606646828125 0.6757605812499999 0.349454365625 0.7961309520833333 0.349454365625 0.7961309520833333 0.2606646828125
5 0.8807870375 0.31944444375000003 0.7673611104166667 0.31944444375000003 0.7673611104166667 0.40625 0.8807870375 0.40625 0.8807870375 0.31944444375000003
4 0.7787698416666667 0.34275793593750004 0.6583994708333333 0.34275793593750004 0.6583994708333333 0.41741071406249997 0.7787698416666667 0.41741071406249997 0.7787698416666667 0.34275793593750004
4 1 0.445560515625 0.8495370375 0.445560515625 0.8495370375 0.5482390875 1 0.5482390875 1 0.445560515625
4 0.9389880958333333 0.39112103125000003 0.8100198416666667 0.39112103125000003 0.8100198416666667 0.4858630953125 0.9389880958333333 0.4858630953125 0.9389880958333333 0.39112103125000003
4 0.7671957666666667 0.403769840625 0.6455026458333334 0.403769840625 0.6455026458333334 0.4794146828125 0.7671957666666667 0.4794146828125 0.7671957666666667 0.403769840625
3 0.5340608458333332 0.41493055625 0.38723545000000004 0.41493055625 0.38723545000000004 0.5260416671875 0.5340608458333332 0.5260416671875 0.5340608458333332 0.41493055625
3 0.4823082020833333 0.49789186562500004 0.34375 0.49789186562500004 0.34375 0.5926339281249999 0.4823082020833333 0.5926339281249999 0.4823082020833333 0.49789186562500004
3 0.3994709 0.4079861109375 0.25628306875 0.4079861109375 0.25628306875 0.515625 0.3994709 0.515625 0.3994709 0.4079861109375
3 0.35929232708333336 0.5176091265625 0.22635582083333333 0.5176091265625 0.22635582083333333 0.6143353171875 0.35929232708333336 0.6143353171875 0.35929232708333336 0.5176091265625
3 0.26240079375 0.4136904765625 0.14302248750000002 0.4136904765625 0.14302248750000002 0.50322420625 0.26240079375 0.50322420625 0.26240079375 0.4136904765625
3 0.23181216875 0.5327380953125 0.08366402083333332 0.5327380953125 0.08366402083333332 0.6386408734375 0.23181216875 0.6386408734375 0.23181216875 0.5327380953125
5 0.337632275 0.6795634921875 0.20767195833333335 0.6795634921875 0.20767195833333335 0.780505953125 0.337632275 0.780505953125 0.337632275 0.6795634921875
4 0.23263888958333334 0.74813988125 0.09441137499999999 0.74813988125 0.09441137499999999 0.8463541671874999 0.23263888958333334 0.8463541671874999 0.23263888958333334 0.74813988125
4 0.1884920625 0.6707589281249999 0.05125661458333333 0.6707589281249999 0.05125661458333333 0.7712053578125 0.1884920625 0.7712053578125 0.1884920625 0.6707589281249999
4 0.1001984125 0.7822420640625001 0.00033068750000000004 0.7822420640625001 0.00033068750000000004 0.8665674609374999 0.1001984125 0.8665674609374999 0.1001984125 0.7822420640625001
5 0.39814814791666664 0.94990079375 0.30985449791666664 0.94990079375 0.30985449791666664 0.999751984375 0.39814814791666664 0.999751984375 0.39814814791666664 0.94990079375
4 0.5904431208333333 0.5906498015625 0.4862764541666667 0.5906498015625 0.4862764541666667 0.6779513890625 0.5904431208333333 0.6779513890625 0.5904431208333333 0.5906498015625
4 0.6448412708333334 0.6573660718750001 0.5545634916666666 0.6573660718750001 0.5545634916666666 0.7223462296875 0.6448412708333334 0.7223462296875 0.6448412708333334 0.6573660718750001
4 0.7733134916666666 0.46180555625 0.655588625 0.46180555625 0.655588625 0.556299603125 0.7733134916666666 0.556299603125 0.7733134916666666 0.46180555625
4 0.7200727520833333 0.5520833328125 0.6043320104166666 0.5520833328125 0.6043320104166666 0.6351686515625 0.7200727520833333 0.6351686515625 0.7200727520833333 0.5520833328125
4 0.7549603166666666 0.6302083328125 0.6345899479166667 0.6302083328125 0.6345899479166667 0.71279761875 0.7549603166666666 0.71279761875 0.7549603166666666 0.6302083328125
4 0.9788359791666666 0.5535714281249999 0.8366402125000001 0.5535714281249999 0.8366402125000001 0.6473214281249999 0.9788359791666666 0.6473214281249999 0.9788359791666666 0.5535714281249999
4 0.8516865083333334 0.5457589281249999 0.7223875666666667 0.5457589281249999 0.7223875666666667 0.63231646875 0.8516865083333334 0.63231646875 0.8516865083333334 0.5457589281249999
4 0.8449074083333333 0.627976190625 0.7301587291666666 0.627976190625 0.7301587291666666 0.7098214281249999 0.8449074083333333 0.7098214281249999 0.8449074083333333 0.627976190625
3 0.9389880958333333 0.7490079359374999 0.8738425916666667 0.7490079359374999 0.8738425916666667 0.8053075390625001 0.9389880958333333 0.8053075390625001 0.9389880958333333 0.7490079359374999
3 0.9208002645833333 0.8005952375 0.8404431208333333 0.8005952375 0.8404431208333333 0.846230159375 0.9208002645833333 0.846230159375 0.9208002645833333 0.8005952375
3 0.9143518520833334 0.814112103125 0.8425925916666667 0.814112103125 0.8425925916666667 0.8684275796875 0.9143518520833334 0.8684275796875 0.9143518520833334 0.814112103125
5 0.8326719583333334 0.816840278125 0.7671957666666667 0.816840278125 0.7671957666666667 0.8694196421875 0.8326719583333334 0.8694196421875 0.8326719583333334 0.816840278125
5 0.96957671875 0.8447420640625 0.8885582020833334 0.8447420640625 0.8885582020833334 0.9082341265625 0.96957671875 0.9082341265625 0.96957671875 0.8447420640625
5 0.9609788354166666 0.9006696421875 0.874338625 0.9006696421875 0.874338625 0.9676339281249999 0.9609788354166666 0.9676339281249999 0.9609788354166666 0.9006696421875
4 0.81299603125 0.846230159375 0.7478505291666667 0.846230159375 0.7478505291666667 0.9017857140625001 0.81299603125 0.9017857140625001 0.81299603125 0.846230159375
4 0.87417328125 0.8668154765624999 0.7981150791666667 0.8668154765624999 0.7981150791666667 0.9263392859374999 0.87417328125 0.9263392859374999 0.87417328125 0.8668154765624999
4 0.9042658729166667 0.9495287703124999 0.8325066145833334 0.9495287703124999 0.8325066145833334 0.9996279765624999 0.9042658729166667 0.9996279765624999 0.9042658729166667 0.9495287703124999
4 0.8735119041666667 0.943204365625 0.8093584645833333 0.943204365625 0.8093584645833333 0.9947916671874999 0.8735119041666667 0.9947916671874999 0.8735119041666667 0.943204365625
4 0.8027447083333333 0.9071180562500001 0.7432209000000001 0.9071180562500001 0.7432209000000001 0.958209325 0.8027447083333333 0.958209325 0.8027447083333333 0.9071180562500001
4 0.8010912708333334 0.981646825 0.7610780416666666 0.981646825 0.7610780416666666 0.999751984375 0.8010912708333334 0.999751984375 0.8010912708333334 0.981646825
4 0.9981812166666667 0.27294146874999997 0.9571759249999999 0.27294146874999997 0.9571759249999999 0.3069196421875 0.9981812166666667 0.3069196421875 0.9981812166666667 0.27294146874999997
4 1 0.3107638890625 0.9728835979166667 0.3107638890625 0.9728835979166667 0.34052579375 1 0.34052579375 1 0.3107638890625
4 0.9710648145833333 0.3415178578125 0.9346891541666668 0.3415178578125 0.9346891541666668 0.368799603125 0.9710648145833333 0.368799603125 0.9710648145833333 0.3415178578125
4 0.9942129625 0.406498015625 0.9538690479166667 0.406498015625 0.9538690479166667 0.4427083328125 0.9942129625 0.4427083328125 0.9942129625 0.406498015625