1 0.6887146012526096 0.6339274500000001 0.3735036764091858 0.6256890921875 0.36119618162839245 0.8894688281249999 0.6764071064718163 0.897707184375 0.6887146012526096 0.6339274500000001
1 0.9057631189979123 0.5699879921875 0.6320366430062629 0.5628338734375 0.6232331941544885 0.7515133421875 0.8969596680584552 0.7586674609374999 0.9057631189979123 0.5699879921875
2 0.9733432045929019 0.61665681875 0.8889560250521921 0.6144512734375 0.8859596325678497 0.6786712890625 0.9703468121085596 0.680876834375 0.9733432045929019 0.61665681875
1 0.43696290814196237 0.5894860453125 0.3394567160751566 0.586937621875 0.3359031419624217 0.6630993765625 0.43340933402922754 0.6656477984375 0.43696290814196237 0.5894860453125
0 0.14173280167014612 0.1796396515625 0.028271050104384136 0.17667421249999998 0.024767004175365346 0.251774478125 0.13822875782881 0.254739915625 0.14173280167014612 0.1796396515625
0 0.0891154655532359 0.2421642296875 0.04089422129436326 0.24090391875 0.03890075365344468 0.2836288046875 0.08712199791231733 0.284889115625 0.0891154655532359 0.2421642296875
2 0.16159759916492691 0.2484426 0.07082819832985386 0.24607025 0.06889664091858037 0.28746827656249996 0.15966604175365345 0.2898406265625 0.16159759916492691 0.2484426
1 0.3346431002087683 0.214572309375 0.1598410897703549 0.21000368125 0.15398450521920667 0.335524621875 0.32878651565762007 0.3400932484375 0.3346431002087683 0.214572309375
1 0.4002223966597077 0.3269484984375 0.2271932254697286 0.32242620624999996 0.2210518580375783 0.4540507015625 0.3940810313152401 0.45857299375 0.4002223966597077 0.3269484984375
1 0.23518564509394574 0.2766697609375 0.010389551148225469 0.2707944875 0.0024156805845511483 0.4416940328125 0.2272117745302714 0.44756930781250004 0.23518564509394574 0.2766697609375
1 0.14759091649269312 0.940479196875 0.08979633611691022 0.9389686765624999 0.08777810438413361 0.98222430625 0.1455726847599165 0.9837348265625 0.14759091649269312 0.940479196875
1 0.18464158246346557 0.933875228125 0.14032058455114824 0.9327168546875001 0.13830235490605428 0.975972484375 0.18262335073068894 0.977130859375 0.18464158246346557 0.933875228125
1 0 0.9570803171875 0.013674528183716075 0.9574377140625 0.01612612108559499 0.904894065625 0 0.9044725937500001 0 0.9570803171875