1 0.19455128124999999 0.17271634687499998 0.09775641041666666 0.17271634687499998 0.09775641041666666 0.2472355765625 0.19455128124999999 0.2472355765625 0.19455128124999999 0.17271634687499998
2 0.11650641041666666 0.1936298078125 0.015224358333333333 0.1936298078125 0.015224358333333333 0.261658653125 0.11650641041666666 0.261658653125 0.11650641041666666 0.1936298078125
1 0.15480769166666666 0.23401442343749998 0.05673076875 0.23401442343749998 0.05673076875 0.2969951921875 0.15480769166666666 0.2969951921875 0.15480769166666666 0.23401442343749998
1 0.96955128125 0.11129807656249999 0.9185897437499999 0.11129807656249999 0.9185897437499999 0.181971153125 0.96955128125 0.181971153125 0.96955128125 0.11129807656249999
2 0.8886217958333333 0.20168269218749998 0.8030448708333334 0.20168269218749998 0.8030448708333334 0.2579326921875 0.8886217958333333 0.2579326921875 0.8886217958333333 0.20168269218749998
2 0.6485576916666667 0.1902644234375 0.3934294875 0.1902644234375 0.3934294875 0.378966346875 0.6485576916666667 0.378966346875 0.6485576916666667 0.1902644234375
1 0.86955128125 0.25024038437499996 0.6548076916666666 0.25024038437499996 0.6548076916666666 0.40625 0.86955128125 0.40625 0.86955128125 0.25024038437499996
0 0.21570512916666665 0.652403846875 0.12179487083333333 0.652403846875 0.12179487083333333 0.7012019234375 0.21570512916666665 0.7012019234375 0.21570512916666665 0.652403846875
0 0.6286858979166666 0.52235576875 0.4790064104166667 0.52235576875 0.4790064104166667 0.634615384375 0.6286858979166666 0.634615384375 0.6286858979166666 0.52235576875
0 0.6451923083333334 0.5746394234375 0.5285256416666667 0.5746394234375 0.5285256416666667 0.6549278843749999 0.6451923083333334 0.6549278843749999 0.6451923083333334 0.5746394234375
1 0.34455128125 0.4959134609375 0.19839743541666666 0.4959134609375 0.19839743541666666 0.5915865390625 0.34455128125 0.5915865390625 0.34455128125 0.4959134609375
1 0.37980769166666667 0.5320913468749999 0.26987179583333337 0.5320913468749999 0.26987179583333337 0.6176682687499999 0.37980769166666667 0.6176682687499999 0.37980769166666667 0.5320913468749999
2 0.18253205208333334 0.5246394234375 0.12067307708333333 0.5246394234375 0.12067307708333333 0.5657451921875001 0.18253205208333334 0.5657451921875001 0.18253205208333334 0.5246394234375
1 0.13205128124999999 0.5332932687499999 0.08493589791666666 0.5332932687499999 0.08493589791666666 0.567908653125 0.13205128124999999 0.567908653125 0.13205128124999999 0.5332932687499999
1 0.12564102500000002 0.431971153125 0.08589743541666667 0.431971153125 0.08589743541666667 0.46490384687499997 0.12564102500000002 0.46490384687499997 0.12564102500000002 0.431971153125
1 0.3528846145833333 0.000841346875 0.22083333333333333 0.000841346875 0.22083333333333333 0.0842548078125 0.3528846145833333 0.0842548078125 0.3528846145833333 0.000841346875