4 0.9365079375 0.5345982140625 0.8346560854166667 0.5345982140625 0.8346560854166667 0.6062748015625 0.9365079375 0.6062748015625 0.9365079375 0.5345982140625
4 0.9760251312499999 0.57998511875 0.9098875666666667 0.57998511875 0.9098875666666667 0.6253720234375 0.9760251312499999 0.6253720234375 0.9760251312499999 0.57998511875
4 0.8989748687500001 0.788318453125 0.8609457666666667 0.788318453125 0.8609457666666667 0.8093998015625001 0.8989748687500001 0.8093998015625001 0.8989748687500001 0.788318453125
4 0.8516865083333334 0.716269840625 0.7584325395833333 0.716269840625 0.7584325395833333 0.7862103171875 0.8516865083333334 0.7862103171875 0.8516865083333334 0.716269840625
4 0.7676917979166666 0.5286458328125 0.6972552916666667 0.5286458328125 0.6972552916666667 0.5951140875 0.7676917979166666 0.5951140875 0.7676917979166666 0.5286458328125
4 0.7640542333333333 0.6365327375 0.6575727520833333 0.6365327375 0.6575727520833333 0.720362103125 0.7640542333333333 0.720362103125 0.7640542333333333 0.6365327375
4 0.71345899375 0.515376984375 0.5653108458333332 0.515376984375 0.5653108458333332 0.6212797625 0.71345899375 0.6212797625 0.71345899375 0.515376984375
4 0.76240079375 0.18402777812499999 0.6172288354166666 0.18402777812499999 0.6172288354166666 0.29241071406249997 0.76240079375 0.29241071406249997 0.76240079375 0.18402777812499999
4 0.6109457666666667 0.30927579375 0.43468915416666665 0.30927579375 0.43468915416666665 0.43377976250000005 0.6109457666666667 0.43377976250000005 0.6109457666666667 0.30927579375
4 0.54348545 0.1822916671875 0.40459656041666664 0.1822916671875 0.40459656041666664 0.28125 0.54348545 0.28125 0.54348545 0.1822916671875
4 0.49537037083333335 0.2905505953125 0.4113756604166667 0.2905505953125 0.4113756604166667 0.3597470234375 0.49537037083333335 0.3597470234375 0.49537037083333335 0.2905505953125
4 0.44642857083333337 0.36049107187499996 0.3650793645833333 0.36049107187499996 0.3650793645833333 0.42100694375 0.44642857083333337 0.42100694375 0.44642857083333337 0.36049107187499996
4 0.35945767291666664 0.3726438484375 0.2374338625 0.3726438484375 0.2374338625 0.4750744046875 0.35945767291666664 0.4750744046875 0.35945767291666664 0.3726438484375
4 0.35945767291666664 0.45771329375 0.25694444375 0.45771329375 0.25694444375 0.5147569437499999 0.35945767291666664 0.5147569437499999 0.35945767291666664 0.45771329375
4 0.375661375 0.5060763890625 0.261574075 0.5060763890625 0.261574075 0.5904017859375 0.375661375 0.5904017859375 0.375661375 0.5060763890625
4 0.5535714291666667 0.731398809375 0.4728835979166667 0.731398809375 0.4728835979166667 0.7953869046875 0.5535714291666667 0.7953869046875 0.5535714291666667 0.731398809375
4 0.4636243395833333 0.630704365625 0.34160052916666667 0.630704365625 0.34160052916666667 0.7266865078125 0.4636243395833333 0.7266865078125 0.4636243395833333 0.630704365625
4 0.4037698416666667 0.6085069437499999 0.3075396833333333 0.6085069437499999 0.3075396833333333 0.6749751984375 0.4037698416666667 0.6749751984375 0.4037698416666667 0.6085069437499999
3 0.18237433958333332 0.9048859125 0.09871031666666667 0.9048859125 0.09871031666666667 0.9713541671874999 0.18237433958333332 0.9713541671874999 0.18237433958333332 0.9048859125
4 0.06117724791666667 0.916542659375 0.0006613750000000001 0.916542659375 0.0006613750000000001 0.973090278125 0.06117724791666667 0.973090278125 0.06117724791666667 0.916542659375
3 0.09854497291666667 0.9427083328125001 0.024140212499999997 0.9427083328125001 0.024140212499999997 0.9962797625 0.09854497291666667 0.9962797625 0.09854497291666667 0.9427083328125001