5 0 0.59181464375 0.2058028583333333 0.610766703125 0.23367900625000002 0.440491940625 0.009369022916666667 0.41983558906249996 0 0.47706401875 0 0.59181464375
4 0.30786957083333333 0.2384626859375 0.07539048333333334 0.21705405312499998 0.04977117291666667 0.37354345312500004 0.2822502625 0.39495208437499996 0.30786957083333333 0.2384626859375
4 0.38717683541666664 0.10648187812500001 0.21222185416666667 0.09037055000000001 0.18827427708333333 0.2366485703125 0.3632292583333333 0.2527598984375 0.38717683541666664 0.10648187812500001
3 0.39466705625000004 0.575684440625 0.20847955833333334 0.5585387265625 0.1862873 0.6940948 0.3724748 0.7112405125000001 0.39466705625000004 0.575684440625
3 0.46826953125 0.47854996875 0.2970587229166667 0.4627834359375 0.27783379375 0.58021430625 0.44904459999999996 0.595980840625 0.46826953125 0.47854996875
4 0.49244202708333334 0.365720840625 0.31340249583333335 0.3492333734375 0.29141920416666667 0.483513021875 0.47045873749999995 0.500000490625 0.49244202708333334 0.365720840625
4 0.55443195625 0.23927147187500003 0.38594418125 0.22375569843749998 0.3663013166666667 0.343739415625 0.5347890916666667 0.35925518749999996 0.55443195625 0.23927147187500003
4 0.5344609958333333 0.3707564015625 0.42826264166666667 0.3609767625 0.40970640416666665 0.47432308125 0.5159047583333334 0.4841027203125 0.5344609958333333 0.3707564015625
4 0.5758174875000001 0.2869778390625 0.463151925 0.2766026453125 0.44685252708333334 0.37616360000000004 0.5595180895833334 0.38653879375 0.5758174875000001 0.2869778390625
4 0.6589975708333333 0.2653557109375 0.5565433895833334 0.2559208671875 0.5447576708333333 0.3279110984375 0.6472118520833334 0.33734594218749997 0.6589975708333333 0.2653557109375
4 0.7136926708333333 0.3217008671875 0.5891138312499999 0.3102285984375 0.57548920625 0.393451346875 0.7000680458333334 0.404923615625 0.7136926708333333 0.3217008671875
3 0.65367135 0.48150057031250004 0.5233060645833334 0.4694954375 0.5089709520833333 0.5570580234375 0.6393362395833333 0.56906315625 0.65367135 0.48150057031250004
4 0.6060411 0.543452471875 0.47669695208333335 0.5315413734375001 0.4595198958333333 0.6364633046875 0.58886404375 0.6483744031249999 0.6060411 0.543452471875
4 0.6921983979166666 0.43399922812499997 0.5587696958333334 0.421711990625 0.5432643729166667 0.516422540625 0.6766930729166667 0.5287097796875 0.6921983979166666 0.43399922812499997
4 0.7964199625 0.4368593640625 0.67966985 0.42610803124999996 0.6645406666666667 0.518521021875 0.7812907791666667 0.5292723546875 0.7964199625 0.4368593640625
4 0.8805791749999999 0.40820124062499996 0.7662117166666668 0.397669321875 0.7532557854166666 0.47680751875 0.86762324375 0.48733943750000003 0.8805791749999999 0.40820124062499996
5 0.8564536666666667 0.5956650515625 0.7260883791666667 0.58365991875 0.7092874604166667 0.686284290625 0.8396527479166667 0.6982894234375 0.8564536666666667 0.5956650515625
4 0.9200907937499999 0.538296796875 0.80912713125 0.528078328125 0.7952935395833334 0.6125775 0.9062572020833334 0.62279596875 0.9200907937499999 0.538296796875
4 0.9448764166666667 0.4607662453125 0.83629540625 0.45076719218749994 0.8256799020833333 0.51560945625 0.9342609104166667 0.5256085109375 0.9448764166666667 0.4607662453125