5 0.49968664375 0.7138790390625 0.30662716041666666 0.736812253125 0.34046218958333335 0.8970317203124999 0.5335216708333334 0.87409850625 0.49968664375 0.7138790390625
4 0.7154667645833332 0.6165837296875 0.5253927375 0.63916230625 0.55696859375 0.788683890625 0.7470426208333334 0.7661053140625 0.7154667645833332 0.6165837296875
4 0.5363127541666667 0.4863779109375 0.3525413541666667 0.5082078078125 0.38201565625 0.6477778734374999 0.56578705625 0.625947975 0.5363127541666667 0.4863779109375
4 0.4833889333333333 0.4555579234375 0.34572624375 0.4719106453125 0.36311660625000003 0.5542594703125 0.5007792958333334 0.53790675 0.4833889333333333 0.4555579234375
4 0.75345625625 0.4599462234375 0.56968485625 0.48177612031250006 0.59858123125 0.61860951875 0.78235263125 0.596779621875 0.75345625625 0.4599462234375
4 0.5579270562499999 0.3198267359375 0.39969789375 0.3386225140625 0.42523178125 0.4595334796875 0.58346094375 0.44073770156250003 0.5579270562499999 0.3198267359375
4 0.6930611854166667 0.29472085 0.5544033416666667 0.31119178281250004 0.5759968145833334 0.4134436484375 0.7146546583333334 0.39697271562499997 0.6930611854166667 0.29472085
4 0.75329421875 0.20557404531249998 0.648139825 0.21806515937499998 0.6662657333333333 0.3038970171875 0.7714201270833333 0.291405903125 0.75329421875 0.20557404531249998
4 0.5098291666666667 0.2176629390625 0.38377658333333337 0.232636515625 0.40263803541666665 0.3219514046875 0.52869061875 0.306977828125 0.5098291666666667 0.2176629390625
4 0.5042477375 0.130851 0.40008849583333334 0.143223903125 0.4152722291666667 0.2151236328125 0.51943146875 0.20275073125 0.5042477375 0.130851
4 0.6208844666666666 0.1493846015625 0.5087640104166666 0.162703203125 0.5254188291666667 0.24156899687500002 0.6375392854166667 0.2282503953125 0.6208844666666666 0.1493846015625
4 0.5811917416666667 0.11278493593750001 0.49627210625 0.1228723984375 0.5096169770833333 0.1860645484375 0.5945366125 0.1759770859375 0.5811917416666667 0.11278493593750001
3 0.28532882083333333 0.042603021875 0.2229659625 0.050011001562500004 0.23468212916666667 0.10549072500000001 0.29704498749999997 0.0980827453125 0.28532882083333333 0.042603021875
3 0.21423458541666665 0.17129435937499998 0.16215496666666668 0.1774808109375 0.17129672916666666 0.22076992187500002 0.22337634791666666 0.21458347031249997 0.21423458541666665 0.17129435937499998
3 0.16024399791666666 0.165211390625 0.10816437708333333 0.1713978421875 0.11704344375 0.21344301250000003 0.16912306458333332 0.20725656093749997 0.16024399791666666 0.165211390625
5 0.11946261875 0.4479098375 0.03852359166666666 0.45752445 0.04887374791666667 0.506535684375 0.12981277500000002 0.496921071875 0.11946261875 0.4479098375
3 0 0.529513140625 0.0032399229166666667 0.544855190625 0.0485193375 0.539476525 0.03690825 0.48449437812499996 0 0.48887864687500004 0 0.529513140625
3 0.11615670624999999 0.53450234375 0.043842327083333334 0.543092446875 0.053824712499999997 0.590362165625 0.12613908958333334 0.5817720609375 0.11615670624999999 0.53450234375
4 0.08513148958333333 0.3722914125 0.019783175 0.3800540296875 0.028189391666666667 0.41986010937499996 0.09353770833333333 0.41209749218749997 0.08513148958333333 0.3722914125
4 0 0.468325921875 0.006703420833333334 0.5000687218750001 0.07138829791666666 0.4923849140625 0.06103814166666666 0.44337367656250004 0 0.45062429687499994 0 0.468325921875
4 0.09320914583333333 0.334862734375 0.037812352083333334 0.3414432265625 0.044852560416666666 0.3747808171875 0.10024935416666667 0.368200325 0.09320914583333333 0.334862734375
4 0.14279513541666666 0.4295814375 0.07645166875000001 0.4374622671875 0.08533073541666666 0.47950743906250004 0.15167420208333335 0.471626609375 0.14279513541666666 0.4295814375
4 0.3354588229166667 0.0457016921875 0.3287863875 0.014105615625000002 0.2773702 0.020213259375 0.28404263541666663 0.0518093359375 0.3354588229166667 0.0457016921875
4 0.09586239166666667 0.30636685468749997 0.04610479375 0.3122774765625 0.053250079166666665 0.34611264375 0.10300767708333333 0.34020202187500004 0.09586239166666667 0.30636685468749997
3 0 0.44896660937500005 0.013924495833333333 0.44731254218750005 0.004520039583333333 0.40277948906249994 0 0.4033164171875 0 0.44896660937500005