4 0.5758407724425887 0.167473096875 0.39852356784968684 0.1488218046875 0.3710511816283925 0.2951235203125 0.5483683841336117 0.3137748125 0.5758407724425887 0.167473096875
4 0.44300682881002085 0.1874697265625 0.3529239916492693 0.17799427031249998 0.3327075177453027 0.2856552765625 0.42279035281837163 0.2951307328125 0.44300682881002085 0.1874697265625
5 0.6058276075156576 0.271718753125 0.5282068225469728 0.2635541296875 0.518598993736952 0.3147197578125 0.5962197787056367 0.3228843796875 0.6058276075156576 0.271718753125
4 0.6387716617954071 0.3534483609375 0.501333025052192 0.3389917359375 0.4807162254697286 0.4487846421875 0.618154860125261 0.46324126718749997 0.6387716617954071 0.3534483609375
4 0.604537987473904 0.558960028125 0.5472125448851775 0.5529301921875 0.5403569582463466 0.5894389984374999 0.5976824008350731 0.595468834375 0.604537987473904 0.558960028125
4 0.7171516784968684 0.46101791875 0.599296267223382 0.448621175 0.5823324425887264 0.5389604859375 0.7001878538622129 0.551357228125 0.7171516784968684 0.46101791875
4 0.5901666659707725 0.6238915406250001 0.5168185845511483 0.6161763484375 0.5055594091858038 0.6761360671875 0.578907490605428 0.6838512609375 0.5901666659707725 0.6238915406250001
4 0.6526905532359082 0.650577771875 0.5697288914405011 0.6418513640625 0.5574688997912317 0.7071408359375 0.6404305636743215 0.71586724375 0.6526905532359082 0.650577771875
4 0.6361934676409186 0.7103941625 0.5382773423799583 0.7000947546875 0.5240657599164927 0.77577724375 0.621981885177453 0.7860766515625001 0.6361934676409186 0.7103941625
4 0.6432809311064719 0.78383311875 0.5567586826722338 0.7747321875 0.5428473444676409 0.84881575 0.6293695949895616 0.8579166828125 0.6432809311064719 0.78383311875
5 0.6498499603340292 0.19197053125000002 0.5654640626304801 0.1830943140625 0.5530039081419624 0.2494497359375 0.6373898079331941 0.258325953125 0.6498499603340292 0.19197053125000002