3 0.7459579352818372 0.15596814375 0.5910292275574113 0.16815544843750002 0.6071204133611691 0.28273928125 0.762049121085595 0.270551978125 0.7459579352818372 0.15596814375
3 0.7147515678496869 0.0524122328125 0.5806997787056367 0.0629572765625 0.5958670688935281 0.17096213437500002 0.7299188580375783 0.1604170921875 0.7147515678496869 0.0524122328125
3 0.6222204509394572 0 0.6314930125260961 0.0660290609375 0.7864217202505219 0.0538417578125 0.7788606388308977 0 0.6222204509394572 0
3 0.8262260480167014 0.01689801875 0.6775237912317328 0.0285955265625 0.6941539164926931 0.147017096875 0.8428561732776618 0.135319590625 0.8262260480167014 0.01689801875
3 0.7094413486430062 0.5090225203125 0.5072648810020877 0.5249265203125 0.5295153716075157 0.6833701953125 0.7316918392484343 0.667466196875 0.7094413486430062 0.5090225203125
3 0.6933530584551147 0.7478075484375 0.5274364989561587 0.7608592 0.5460683966597076 0.8935352203125 0.7119849561586639 0.8804835671875001 0.6933530584551147 0.7478075484375
3 0.5901273674321503 0.6073740953125 0.39161351565762004 0.6229899796875 0.4120547098121085 0.7685498265625 0.6105685615866387 0.7529339421875 0.5901273674321503 0.6073740953125
3 0.5829488204592902 0.7355673890625 0.4291188977035491 0.7476682578125 0.44413220459290187 0.8545766203125 0.597962127348643 0.8424757515625 0.5829488204592902 0.7355673890625
3 0.4315167954070981 0.619712453125 0.31284799582463463 0.629047409375 0.33078697286012526 0.756789196875 0.4494557724425887 0.747454240625 0.4315167954070981 0.619712453125
4 0.34575430897703546 0.6695560390625 0.1900930772442589 0.6818009671875 0.20399001043841336 0.780759734375 0.35965124217119 0.76851480625 0.34575430897703546 0.6695560390625
4 0.4279728225469729 0.743462553125 0.28146813569937373 0.754987190625 0.2956730334029228 0.8561389500000001 0.4421777202505219 0.8446143125000001 0.4279728225469729 0.743462553125
4 0.47874712526096036 0.4695221765625 0.3029415010438413 0.48335174218750004 0.3218043736951983 0.6176725046875 0.4976099979123173 0.6038429390625 0.47874712526096036 0.4695221765625
4 0.526119223382046 0.42450001875 0.4056191189979123 0.4339790328125 0.41920808559498957 0.5307448078125 0.5397081899791232 0.52126579375 0.526119223382046 0.42450001875
4 0.6517943361169103 0.37276393125 0.4866103006263048 0.38575796093750003 0.5040488329853863 0.509936134375 0.6692328684759916 0.49694210625 0.6517943361169103 0.37276393125
4 0.44026889770354904 0.3418717515625 0.28314262004175367 0.354231925 0.30011920668058456 0.4751206109375 0.4572454822546973 0.46276043749999995 0.44026889770354904 0.3418717515625
4 0.3791984822546973 0.2141970265625 0.2282986534446764 0.226067403125 0.2446593089770355 0.34257010625 0.39555913778705637 0.3306997296875 0.3791984822546973 0.2141970265625
4 0.5785124509394571 0.24383259218750003 0.4327402860125261 0.25529960625000003 0.4482925323590814 0.3660457046875 0.5940646972860125 0.354578690625 0.5785124509394571 0.24383259218750003
4 0.5006924989561586 0.06149070156250001 0.356385382045929 0.07284247031249999 0.37328497494780793 0.193182909375 0.5175920939457203 0.181831140625 0.5006924989561586 0.06149070156250001
4 0.5319502505219207 1 0.5191453966597077 0.9088178203125 0.35689145302713987 0.9215813562499999 0.36790390605427975 1 0.5319502505219207 1