4 0.9745975312499999 0.201216090625 0.8987861958333333 0.188089271875 0.8729813375000001 0.271919115625 0.9487926729166667 0.285045934375 0.9745975312499999 0.201216090625
3 0.9976751229166666 0.2032924828125 0.7598737520833333 0.162116903125 0.7018315166666667 0.3506733046875 0.9396328895833334 0.3918488828125 0.9976751229166666 0.2032924828125
3 0.8846484729166666 0.342658159375 0.6763292854166667 0.306587453125 0.6291325708333333 0.4599110234375 0.8374517583333334 0.49598172968750004 0.8846484729166666 0.342658159375
3 0.6967346125 0.353373875 0.5059103500000001 0.3203324359375 0.45422583541666667 0.48823510781249996 0.6450500958333334 0.521276546875 0.6967346125 0.353373875
3 0.30485852291666665 0.363196715625 0.22710330625 0.3497333109375 0.19486593333333332 0.4544598671875 0.27262114791666664 0.467923271875 0.30485852291666665 0.363196715625
5 0.5184513958333333 0.47747329374999997 0.4076502125 0.4582879421875 0.3783299083333333 0.5535380828124999 0.4891310916666667 0.5727234343750001 0.5184513958333333 0.47747329374999997
5 0.39485872499999997 0.5098196796875001 0.18232779791666667 0.4730197078125 0.13408393125 0.6297450671875 0.34661485833333333 0.666545040625 0.39485872499999997 0.5098196796875001
4 0.69862275625 0.5002242765625 0.5408444604166667 0.472904784375 0.5045680645833334 0.5907525359375 0.6623463583333333 0.6180720281250001 0.69862275625 0.5002242765625
4 0.5980654833333333 0.573030175 0.47624897708333336 0.5519375078125 0.44947176041666664 0.6389261578125 0.5712882666666667 0.6600188250000001 0.5980654833333333 0.573030175
4 0.5684001583333332 0.6372522968750001 0.3905351 0.606454759375 0.34879854583333336 0.74204041875 0.5266636041666667 0.77283795625 0.5684001583333332 0.6372522968750001
4 0.38160783333333337 0.647650334375 0.2189698375 0.6194893796875001 0.17895360624999998 0.749486384375 0.34159160208333333 0.7776473390625 0.38160783333333337 0.647650334375
4 0.446947425 0.6964586109375001 0.3471615604166667 0.679180575 0.3212819041666667 0.7632534046874999 0.42106776875 0.780531440625 0.446947425 0.6964586109375001
4 0.5759669145833333 0.7135517921875 0.47002543125 0.695207903125 0.44429536875 0.7787947609375 0.5502368520833334 0.7971386500000001 0.5759669145833333 0.7135517921875
4 0.49792688333333335 0.785265821875 0.35958739375 0.7613121796875 0.33064107291666667 0.8553473968749999 0.4689805645833333 0.8793010375 0.49792688333333335 0.785265821875
4 0.48032653541666664 0.8280308796875 0.30310943541666663 0.7973455359375 0.25703467291666665 0.9470243281249999 0.43425177291666667 0.977709671875 0.48032653541666664 0.8280308796875
4 0.28838969375 0.9227648890625 0.27268238958333335 0.97379175 0.40940197916666665 0.9974649031249999 0.42510928333333337 0.9464380421874999 0.28838969375 0.9227648890625
4 0.2879601875 0.869839696875 0.17521512291666666 0.850317759375 0.14507205625 0.9482407374999999 0.25781712083333336 0.9677626734375 0.2879601875 0.869839696875
3 0.14189799374999998 0.7213155859375 0.06997441875 0.7088619375 0.05329475625 0.7630476046875 0.12521833125 0.7755012546875 0.14189799374999998 0.7213155859375
3 0 0.80116775 0.06440383541666667 0.8123193484375 0.08250463333333333 0.753516965625 0 0.73923119375 0 0.80116775
4 0.08547889583333333 0.7848722718750001 0.030402283333333332 0.77533569375 0.017462454166666665 0.817372109375 0.07253906666666668 0.8269086874999999 0.08547889583333333 0.7848722718750001