1 0 0.4659855765625 0.13557692291666665 0.4659855765625 0.13557692291666665 0.3493990390625 0 0.3493990390625 0 0.4659855765625
1 0.7540064104166666 0.40697115312500004 0.41233974375 0.40697115312500004 0.41233974375 0.646875 0.7540064104166666 0.646875 0.7540064104166666 0.40697115312500004
1 0.4157051291666667 0.5001201921875 0.14326923125000002 0.5001201921875 0.14326923125000002 0.7092548078124999 0.4157051291666667 0.7092548078124999 0.4157051291666667 0.5001201921875
1 0.4990384625 0.5558894234375 0.28012820416666667 0.5558894234375 0.28012820416666667 0.7030048078125 0.4990384625 0.7030048078125 0.4990384625 0.5558894234375
1 0.13333333333333333 0.57920673125 0.023397435416666668 0.57920673125 0.023397435416666668 0.6594951921875001 0.13333333333333333 0.6594951921875001 0.13333333333333333 0.57920673125
2 0.34951923125 0.721634615625 0.243108975 0.721634615625 0.243108975 0.8009615390624999 0.34951923125 0.8009615390624999 0.34951923125 0.721634615625
2 0.23910256458333334 0.729927884375 0.11698717916666666 0.729927884375 0.11698717916666666 0.8222355765625 0.23910256458333334 0.8222355765625 0.23910256458333334 0.729927884375
0 0.14695512916666667 0.72764423125 0.07195512916666667 0.72764423125 0.07195512916666667 0.784134615625 0.14695512916666667 0.784134615625 0.14695512916666667 0.72764423125
1 0.30432692291666663 0.789302884375 0.18701923125 0.789302884375 0.18701923125 0.8878605765625001 0.30432692291666663 0.8878605765625001 0.30432692291666663 0.789302884375
1 0.45528846250000005 0.955408653125 0.305608975 0.955408653125 0.305608975 0.9996394234375 0.45528846250000005 0.9996394234375 0.45528846250000005 0.955408653125
1 1 0.20048076875 0.9147435895833333 0.20048076875 0.9147435895833333 0.2572115390625 1 0.2572115390625 1 0.20048076875
1 0.99983974375 0.11454326875000001 0.9642628208333334 0.11454326875000001 0.9642628208333334 0.21237980781250002 0.99983974375 0.21237980781250002 0.99983974375 0.11454326875000001
1 0.9737179479166667 0.1290865390625 0.9019230770833333 0.1290865390625 0.9019230770833333 0.1959134609375 0.9737179479166667 0.1959134609375 0.9737179479166667 0.1290865390625