1 0.5072115375 0 0.5072115375 0.050240384375 0.6133012812499999 0.050240384375 0.6133012812499999 0 0.5072115375 0
1 0.29871794791666667 0.20048076875 0.23012820416666668 0.20048076875 0.23012820416666668 0.2603365390625 0.29871794791666667 0.2603365390625 0.29871794791666667 0.20048076875
1 0.5048076916666667 0.00048076875000000005 0.4147435895833333 0.00048076875000000005 0.4147435895833333 0.0454326921875 0.5048076916666667 0.0454326921875 0.5048076916666667 0.00048076875000000005
1 0.6463141020833334 0.15637019218749998 0.281891025 0.15637019218749998 0.281891025 0.436658653125 0.6463141020833334 0.436658653125 0.6463141020833334 0.15637019218749998
1 0.22323717916666666 0.5850961531250001 0.14086538541666668 0.5850961531250001 0.14086538541666668 0.643990384375 0.22323717916666666 0.643990384375 0.22323717916666666 0.5850961531250001
1 0.14695512916666667 0.601322115625 0.05240384583333334 0.601322115625 0.05240384583333334 0.6734375 0.14695512916666667 0.6734375 0.14695512916666667 0.601322115625
2 0.2589743583333333 0.6519230765625 0.20256410208333334 0.6519230765625 0.20256410208333334 0.6985576921875001 0.2589743583333333 0.6985576921875001 0.2589743583333333 0.6519230765625
0 0.44919871875 0.6703125 0.33253205208333336 0.6703125 0.33253205208333336 0.7681490390625 0.44919871875 0.7681490390625 0.44919871875 0.6703125
0 0.5508012812499999 0.6485576921875 0.4283653854166667 0.6485576921875 0.4283653854166667 0.7586538468749999 0.5508012812499999 0.7586538468749999 0.5508012812499999 0.6485576921875
1 0.6176282041666667 0.6423076921875001 0.5169871791666666 0.6423076921875001 0.5169871791666666 0.736778846875 0.6176282041666667 0.736778846875 0.6176282041666667 0.6423076921875001
2 0.5262820520833333 0.7498798078125 0.36987179583333335 0.7498798078125 0.36987179583333335 0.8599759609375001 0.5262820520833333 0.8599759609375001 0.5262820520833333 0.7498798078125