1 0.7128205125 0.263822115625 0.6003205125 0.263822115625 0.6003205125 0.3462740390625 0.7128205125 0.3462740390625 0.7128205125 0.263822115625
1 0.7203525645833333 0.3381009609375 0.6113782041666667 0.3381009609375 0.6113782041666667 0.4109375 0.7203525645833333 0.4109375 0.7203525645833333 0.3381009609375
1 0.79951923125 0.3756009609375 0.7354166666666667 0.3756009609375 0.7354166666666667 0.420552884375 0.79951923125 0.420552884375 0.79951923125 0.3756009609375
1 0.7546474354166667 0.409615384375 0.6854166666666667 0.409615384375 0.6854166666666667 0.45889423125000006 0.7546474354166667 0.45889423125000006 0.7546474354166667 0.409615384375
1 0.45897435833333333 0.41021634687499997 0.3855769229166667 0.41021634687499997 0.3855769229166667 0.4734375 0.45897435833333333 0.4734375 0.45897435833333333 0.41021634687499997
1 0.4040064104166667 0.39038461562500004 0.27483974375000003 0.39038461562500004 0.27483974375000003 0.487740384375 0.4040064104166667 0.487740384375 0.4040064104166667 0.39038461562500004
1 0.26266025625 0.42451923125 0.22708333333333333 0.42451923125 0.22708333333333333 0.4677884609375 0.26266025625 0.4677884609375 0.26266025625 0.42451923125
1 0.46298076875 0.4659855765625 0.3552884625 0.4659855765625 0.3552884625 0.53016826875 0.46298076875 0.53016826875 0.46298076875 0.4659855765625
1 0.7721153854166667 0.4603365390625 0.7394230770833333 0.4603365390625 0.7394230770833333 0.48173076875 0.7721153854166667 0.48173076875 0.7721153854166667 0.4603365390625
1 0.5956730770833333 0.699278846875 0.4774038458333333 0.699278846875 0.4774038458333333 0.791346153125 0.5956730770833333 0.791346153125 0.5956730770833333 0.699278846875
1 0.7137820520833333 0.7472355765625001 0.5310897437500001 0.7472355765625001 0.5310897437500001 0.877283653125 0.7137820520833333 0.877283653125 0.7137820520833333 0.7472355765625001
1 0.5963141020833334 0.7860576921875 0.47163461458333333 0.7860576921875 0.47163461458333333 0.893509615625 0.5963141020833334 0.893509615625 0.5963141020833334 0.7860576921875
2 0.31858974375 0.8049278843750001 0.20320512916666666 0.8049278843750001 0.20320512916666666 0.8825721156249999 0.31858974375 0.8825721156249999 0.31858974375 0.8049278843750001
1 0.418108975 0.8485576921875 0.30176282083333333 0.8485576921875 0.30176282083333333 0.9591346156249999 0.418108975 0.9591346156249999 0.418108975 0.8485576921875
1 0.32483974375 0.8594951921874999 0.15881410208333333 0.8594951921874999 0.15881410208333333 0.9993990390624999 0.32483974375 0.9993990390624999 0.32483974375 0.8594951921874999