4 0 0.1480769234375 0.10929487083333332 0.1480769234375 0.10929487083333332 0.0134615390625 0 0.0134615390625 0 0.1480769234375
4 0.35352564166666667 0.075240384375 0.30512820416666664 0.075240384375 0.30512820416666664 0.11706730781250001 0.35352564166666667 0.11706730781250001 0.35352564166666667 0.075240384375
4 0.10769230833333333 0.22584134687500002 0.000641025 0.22584134687500002 0.000641025 0.321033653125 0.10769230833333333 0.321033653125 0.10769230833333333 0.22584134687500002
4 0.13349358958333332 0.292908653125 0.01714743541666667 0.292908653125 0.01714743541666667 0.363822115625 0.13349358958333332 0.363822115625 0.13349358958333332 0.292908653125
4 0.05240384583333334 0.30552884687500004 0.00048076875 0.30552884687500004 0.00048076875 0.3735576921875 0.05240384583333334 0.3735576921875 0.05240384583333334 0.30552884687500004
4 0.05464743541666666 0.3668269234375 0.00048076875 0.3668269234375 0.00048076875 0.40552884687499996 0.05464743541666666 0.40552884687499996 0.05464743541666666 0.3668269234375
4 0.13701923125 0.3840144234375 0.04150641041666667 0.3840144234375 0.04150641041666667 0.4474759609375 0.13701923125 0.4474759609375 0.13701923125 0.3840144234375
4 0 0.50889423125 0.10833333333333334 0.50889423125 0.10833333333333334 0.4293269234375 0 0.4293269234375 0 0.50889423125
4 0.12900641041666666 0.49987980781249997 0.035096154166666664 0.49987980781249997 0.035096154166666664 0.5626201921875 0.12900641041666666 0.5626201921875 0.12900641041666666 0.49987980781249997
4 0 0.589783653125 0.05448717916666667 0.589783653125 0.05448717916666667 0.5296875 0 0.5296875 0 0.589783653125
4 0.04134615416666666 0.635096153125 0.0003205125 0.635096153125 0.0003205125 0.6951923078125 0.04134615416666666 0.6951923078125 0.04134615416666666 0.635096153125
4 0.14198717916666667 0.6298076921875 0.08685897499999999 0.6298076921875 0.08685897499999999 0.6627403843749999 0.14198717916666667 0.6627403843749999 0.14198717916666667 0.6298076921875
4 0.08125 0.64951923125 0.01875 0.64951923125 0.01875 0.7009615390625 0.08125 0.7009615390625 0.08125 0.64951923125
3 0.5903846145833334 0.34723557656250004 0.4990384625 0.34723557656250004 0.4990384625 0.41983173125000006 0.5903846145833334 0.41983173125000006 0.5903846145833334 0.34723557656250004
3 0.6126602562500001 0.3681490390625 0.5036858979166666 0.3681490390625 0.5036858979166666 0.47944711562500003 0.6126602562500001 0.47944711562500003 0.6126602562500001 0.3681490390625
3 0.7208333333333333 0.4324519234375 0.5862179479166667 0.4324519234375 0.5862179479166667 0.528846153125 0.7208333333333333 0.528846153125 0.7208333333333333 0.4324519234375
4 0.725 0.5109375 0.6458333333333334 0.5109375 0.6458333333333334 0.583533653125 0.725 0.583533653125 0.725 0.5109375
3 0.6655448708333334 0.5463942312500001 0.5107371791666666 0.5463942312500001 0.5107371791666666 0.64423076875 0.6655448708333334 0.64423076875 0.6655448708333334 0.5463942312500001
3 0.4384615375 0.5262019234374999 0.32019230833333334 0.5262019234374999 0.32019230833333334 0.62235576875 0.4384615375 0.62235576875 0.4384615375 0.5262019234374999
3 0.33669871875 0.51670673125 0.205608975 0.51670673125 0.205608975 0.6061298078124999 0.33669871875 0.6061298078124999 0.33669871875 0.51670673125
3 0.34358974375 0.6052884609375 0.19807692291666665 0.6052884609375 0.19807692291666665 0.713221153125 0.34358974375 0.713221153125 0.34358974375 0.6052884609375
3 0.49551282083333337 0.6036057687499999 0.3586538458333333 0.6036057687499999 0.3586538458333333 0.7079326921875 0.49551282083333337 0.7079326921875 0.49551282083333337 0.6036057687499999
4 0.4455128208333334 0.701322115625 0.3727564104166667 0.701322115625 0.3727564104166667 0.785216346875 0.4455128208333334 0.785216346875 0.4455128208333334 0.701322115625
4 0.5456730770833332 0.7574519234375 0.42387820416666666 0.7574519234375 0.42387820416666666 0.858653846875 0.5456730770833332 0.858653846875 0.5456730770833332 0.7574519234375
4 0.59391025625 0.7643028843749999 0.53173076875 0.7643028843749999 0.53173076875 0.8455528843750001 0.59391025625 0.8455528843750001 0.59391025625 0.7643028843749999
4 0.7878205125 0.9341346156249999 0.7150641020833334 0.9341346156249999 0.7150641020833334 0.9987980765625 0.7878205125 0.9987980765625 0.7878205125 0.9341346156249999
4 0.375 0.683533653125 0.3 0.683533653125 0.3 0.742427884375 0.375 0.742427884375 0.375 0.683533653125