5 0.49727564166666666 0.2822115390625 0.3716346145833333 0.2822115390625 0.3716346145833333 0.38125 0.49727564166666666 0.38125 0.49727564166666666 0.2822115390625
4 0.324358975 0.3061298078125 0.22948717916666667 0.3061298078125 0.22948717916666667 0.3671875 0.324358975 0.3671875 0.324358975 0.3061298078125
4 0.30625 0.48485576874999997 0.25272435833333334 0.48485576874999997 0.25272435833333334 0.5228365390625 0.30625 0.5228365390625 0.30625 0.48485576874999997
4 0.44487179583333336 0.46454326874999996 0.34871794791666666 0.46454326874999996 0.34871794791666666 0.5371394234375 0.44487179583333336 0.5371394234375 0.44487179583333336 0.46454326874999996
5 0.6959935895833333 0.4996394234375 0.6091346145833333 0.4996394234375 0.6091346145833333 0.5337740390625 0.6959935895833333 0.5337740390625 0.6959935895833333 0.4996394234375
3 0.6935897437499999 0.560697115625 0.59455128125 0.560697115625 0.59455128125 0.619591346875 0.6935897437499999 0.619591346875 0.6935897437499999 0.560697115625
4 0.6684294875 0.6152644234375 0.5847756416666667 0.6152644234375 0.5847756416666667 0.6734375 0.6684294875 0.6734375 0.6684294875 0.6152644234375
3 0.73205128125 0.8376201921875 0.69294871875 0.8376201921875 0.69294871875 0.8717548078125 0.73205128125 0.8717548078125 0.73205128125 0.8376201921875
4 0.7145833333333333 0.8530048078125001 0.6783653854166667 0.8530048078125001 0.6783653854166667 0.8844951921875 0.7145833333333333 0.8844951921875 0.7145833333333333 0.8530048078125001
4 0.324358975 0.7751201921875001 0.2951923083333333 0.7751201921875001 0.2951923083333333 0.802283653125 0.324358975 0.802283653125 0.324358975 0.7751201921875001
4 0.38028846250000004 0.6699519234375 0.34182692291666666 0.6699519234375 0.34182692291666666 0.6956730765625 0.38028846250000004 0.6956730765625 0.38028846250000004 0.6699519234375