1 0.6141914530271398 0.7814470171875 0.7328932379958246 0.7987159328125 0.7621194029227557 0.68618416875 0.6434176200417537 0.6689152546875 0.6141914530271398 0.7814470171875
1 0.5816980835073069 0.7367675390625 0.6357159958246347 0.7446261468750001 0.6469516847599165 0.7013645078125 0.592933770354906 0.6935059 0.5816980835073069 0.7367675390625
1 0.6506824112734865 0.6849375546875 0.7229356701461378 0.69544906875 0.7310280417536535 0.6642903890625 0.658774782881002 0.653778875 0.6506824112734865 0.6849375546875
1 0.5162568246346555 0.6986524265625 0.6476889436325678 0.7177733703125 0.672768605427975 0.6212072125 0.5413364864300627 0.60208626875 0.5162568246346555 0.6986524265625
1 0.5383895636743214 0.793535453125 0.5917193507306889 0.8012939515624999 0.602420006263048 0.760092390625 0.5490902192066806 0.75233389375 0.5383895636743214 0.793535453125
2 0.5395404864300626 0.553321028125 0.6107615553235908 0.5636823765625001 0.6264781440501044 0.5031675843750001 0.5552570751565762 0.492806234375 0.5395404864300626 0.553321028125
1 0.6777332254697286 0.3855562 0.8194872359081419 0.4061787875 0.8502516200417537 0.2877243 0.7084976096033403 0.26710171250000003 0.6777332254697286 0.3855562
1 0.8207237056367432 0.39179412187499996 0.949747382045929 0.41056468125 0.9772346910229645 0.304728171875 0.8482110146137787 0.28595761249999996 0.8207237056367432 0.39179412187499996
1 0.8159827745302715 0.211385890625 0.8689684989561587 0.21909433437499998 0.8808061002087683 0.17351510625 0.827820375782881 0.1658066625 0.8159827745302715 0.211385890625
2 0.8557301482254698 0.19926335625 0.9396815532359081 0.2114767328125 0.9560000521920667 0.148644353125 0.8720486471816283 0.1364309765625 0.8557301482254698 0.19926335625
1 0.6329928392484343 0.115816465625 0.7296745782881002 0.1298818703125 0.7466618684759916 0.06447439375 0.6499801294363257 0.0504089875 0.6329928392484343 0.115816465625
1 0.5382867411273486 0.1848827015625 0.6913948392484343 0.20715709843750002 0.7239649603340292 0.0817498484375 0.5708568622129436 0.059475451562500004 0.5382867411273486 0.1848827015625
1 0.4921624822546973 0.2277453875 0.6180895908141962 0.246065453125 0.6420323089770356 0.1538769625 0.5161052004175366 0.13555689531249998 0.4921624822546973 0.2277453875
2 0.4246600897703549 0.1707572796875 0.5354484196242171 0.1868749328125 0.563604521920668 0.0784633265625 0.45281618997912315 0.062345671874999994 0.4246600897703549 0.1707572796875
2 0.6810761899791232 0.187082784375 0.7450719331941544 0.1963929828125 0.7641324759916492 0.12300270312499999 0.7001367327766179 0.1136925046875 0.6810761899791232 0.187082784375
1 0.1449570751565762 0.665479853125 0.3221495929018789 0.6912580890625 0.3652197327766179 0.52542180625 0.18802721503131525 0.49964357187499997 0.1449570751565762 0.665479853125
1 0 0.6598911640625 0.1594854676409186 0.6830933515625001 0.19774031106471815 0.535797771875 0.011602154488517745 0.5087181109375 0 0.5533907796875 0 0.6598911640625
1 0 0.5988269546875 0.08685920876826722 0.6114633640625 0.11835926304801671 0.4901762703125 0 0.47295718593749997 0 0.5988269546875
1 0.2141095344467641 0.5085156140625 0.29909312734864296 0.52087915625 0.30959314613778705 0.4804501265625 0.22460955114822548 0.46808658437500006 0.2141095344467641 0.5085156140625
1 0.054701093945720244 0.5180614640625001 0.2153785803757829 0.5414370671875 0.2423977369519833 0.43740312656249997 0.08172025052192067 0.41402752343750004 0.054701093945720244 0.5180614640625001
1 0.3034162943632568 0.6767742046875 0.36569172442588727 0.685834128125 0.378532509394572 0.6363922546875 0.3162570814196242 0.62733233125 0.3034162943632568 0.6767742046875
1 0.3356695657620042 0.7072550640624999 0.3924399832985386 0.715514109375 0.4042107035490605 0.6701923937500001 0.34744028601252613 0.6619333468749999 0.3356695657620042 0.7072550640624999