3 0.6770833333333334 0.19345238125 0.5279431208333334 0.19345238125 0.5279431208333334 0.3400297625 0.6770833333333334 0.3400297625 0.6770833333333334 0.19345238125
3 0.36954365 0.23115079375 0.21345899375000002 0.23115079375 0.21345899375000002 0.3633432546875 0.36954365 0.3633432546875 0.36954365 0.23115079375
5 0.375 0.356894840625 0.22751322708333335 0.356894840625 0.22751322708333335 0.4769345234375 0.375 0.4769345234375 0.375 0.356894840625
4 0.45419973541666664 0.4920634921875 0.30042989374999995 0.4920634921875 0.30042989374999995 0.609623015625 0.45419973541666664 0.609623015625 0.45419973541666664 0.4920634921875
4 0.2787698416666667 0.48499503906249997 0.12268518541666666 0.48499503906249997 0.12268518541666666 0.6055307546875001 0.2787698416666667 0.6055307546875001 0.2787698416666667 0.48499503906249997
4 0.18088624374999998 0.630704365625 0.031084656250000002 0.630704365625 0.031084656250000002 0.7383432546875001 0.18088624374999998 0.7383432546875001 0.18088624374999998 0.630704365625
4 0.25925925833333335 0.7460317453124999 0.1335978833333333 0.7460317453124999 0.1335978833333333 0.8484623015625001 0.25925925833333335 0.8484623015625001 0.25925925833333335 0.7460317453124999
4 0.5094246041666667 0.5386904765625 0.3936838625 0.5386904765625 0.3936838625 0.6393849203124999 0.5094246041666667 0.6393849203124999 0.5094246041666667 0.5386904765625
4 0.3735119041666667 0.6067708328125 0.2313161375 0.6067708328125 0.2313161375 0.720858134375 0.3735119041666667 0.720858134375 0.3735119041666667 0.6067708328125
4 0.43402777708333334 0.6340525796875001 0.3338293645833333 0.6340525796875001 0.3338293645833333 0.72606646875 0.43402777708333334 0.72606646875 0.43402777708333334 0.6340525796875001
4 0.5163690479166667 0.7167658734375 0.41848545000000004 0.7167658734375 0.41848545000000004 0.8035714281249999 0.5163690479166667 0.8035714281249999 0.5163690479166667 0.7167658734375
4 0.575396825 0.6329365078125 0.4573412708333333 0.6329365078125 0.4573412708333333 0.7261904765625 0.575396825 0.7261904765625 0.575396825 0.6329365078125
4 0.5907738104166668 0.5665922625 0.4899140208333333 0.5665922625 0.4899140208333333 0.6469494046875 0.5907738104166668 0.6469494046875 0.5907738104166668 0.5665922625
5 0.6793981479166666 0.4559771828125 0.5325727520833333 0.4559771828125 0.5325727520833333 0.5479910718750001 0.6793981479166666 0.5479910718750001 0.6793981479166666 0.4559771828125
4 0.7399140208333334 0.486855159375 0.6297949729166666 0.486855159375 0.6297949729166666 0.5672123015625 0.7399140208333334 0.5672123015625 0.7399140208333334 0.486855159375
4 0.65674603125 0.5782490078125 0.5892857145833333 0.5782490078125 0.5892857145833333 0.6370287703125 0.65674603125 0.6370287703125 0.65674603125 0.5782490078125
4 0.7041997354166667 0.5713045640625001 0.5924272479166667 0.5713045640625001 0.5924272479166667 0.6591021828125 0.7041997354166667 0.6591021828125 0.7041997354166667 0.5713045640625001
4 0.7342923270833333 0.6108630953125 0.6777447083333333 0.6108630953125 0.6777447083333333 0.66865079375 0.7342923270833333 0.66865079375 0.7342923270833333 0.6108630953125
4 0.8321759249999999 0.497271825 0.7266865083333334 0.497271825 0.7266865083333334 0.5672123015625 0.8321759249999999 0.5672123015625 0.8321759249999999 0.497271825
4 0.8587962958333333 0.5432787703125 0.7361111104166667 0.5432787703125 0.7361111104166667 0.62313988125 0.8587962958333333 0.62313988125 0.8587962958333333 0.5432787703125
4 0.8508597874999999 0.62549603125 0.7460317458333333 0.62549603125 0.7460317458333333 0.7075892859375 0.8508597874999999 0.7075892859375 0.8508597874999999 0.62549603125