3 0.6777447083333333 0.1409970234375 0.49917328125 0.1409970234375 0.49917328125 0.2697172625 0.6777447083333333 0.2697172625 0.6777447083333333 0.1409970234375
3 0.5550595229166666 0.2940228171875 0.43171296249999996 0.2940228171875 0.43171296249999996 0.432663690625 0.5550595229166666 0.432663690625 0.5550595229166666 0.2940228171875
3 0.450396825 0.2848462296875 0.26091269791666666 0.2848462296875 0.26091269791666666 0.454241071875 0.450396825 0.454241071875 0.450396825 0.2848462296875
3 0.40674603125 0.4157986109375 0.25462962916666665 0.4157986109375 0.25462962916666665 0.489707340625 0.40674603125 0.489707340625 0.40674603125 0.4157986109375
3 0.5892857145833333 0.442584325 0.4619709 0.442584325 0.4619709 0.5665922625 0.5892857145833333 0.5665922625 0.5892857145833333 0.442584325
4 0.5076058208333333 0.4273313484375 0.3974867729166667 0.4273313484375 0.3974867729166667 0.4925595234375 0.5076058208333333 0.4925595234375 0.5076058208333333 0.4273313484375
5 0.4712301583333333 0.4640376984375 0.2989417979166667 0.4640376984375 0.2989417979166667 0.60615079375 0.4712301583333333 0.60615079375 0.4712301583333333 0.4640376984375
5 0.3230820104166667 0.48387896875 0.22354497291666667 0.48387896875 0.22354497291666667 0.5863095234375 0.3230820104166667 0.5863095234375 0.3230820104166667 0.48387896875
4 0.3672288354166667 0.580605159375 0.2571097875 0.580605159375 0.2571097875 0.665674603125 0.3672288354166667 0.665674603125 0.3672288354166667 0.580605159375
4 0.35945767291666664 0.646329365625 0.2764550270833333 0.646329365625 0.2764550270833333 0.759920634375 0.35945767291666664 0.759920634375 0.35945767291666664 0.646329365625
4 0.4424603166666667 0.611483134375 0.31051587291666666 0.611483134375 0.31051587291666666 0.74541170625 0.4424603166666667 0.74541170625 0.4424603166666667 0.611483134375
4 0.5396825395833333 0.554439484375 0.4269179895833333 0.554439484375 0.4269179895833333 0.6568700390625 0.5396825395833333 0.6568700390625 0.5396825395833333 0.554439484375
4 0.72437169375 0.3937251984375 0.580853175 0.3937251984375 0.580853175 0.517733134375 0.72437169375 0.517733134375 0.72437169375 0.3937251984375
4 0.7779431208333333 0.5088045640625001 0.6172288354166666 0.5088045640625001 0.6172288354166666 0.613715278125 0.7779431208333333 0.613715278125 0.7779431208333333 0.5088045640625001
4 0.5791997354166667 0.6171875 0.5209986770833334 0.6171875 0.5209986770833334 0.6777033734375 0.5791997354166667 0.6777033734375 0.5791997354166667 0.6171875
4 0.6607142854166667 0.5300099203124999 0.5651455020833333 0.5300099203124999 0.5651455020833333 0.61904761875 0.6607142854166667 0.61904761875 0.6607142854166667 0.5300099203124999
4 0.7716600520833333 0.62313988125 0.6552579375 0.62313988125 0.6552579375 0.713913690625 0.7716600520833333 0.713913690625 0.7716600520833333 0.62313988125
4 0.7266865083333334 0.6888640875 0.6264880958333333 0.6888640875 0.6264880958333333 0.7756696421875 0.7266865083333334 0.7756696421875 0.7266865083333334 0.6888640875
4 0.8361441791666666 0.685391865625 0.7399140208333334 0.685391865625 0.7399140208333334 0.76748511875 0.8361441791666666 0.76748511875 0.8361441791666666 0.685391865625