5 0.24294871875000001 0.8087740390624999 0.18108974375 0.8087740390624999 0.18108974375 0.8573317312500001 0.24294871875000001 0.8573317312500001 0.24294871875000001 0.8087740390624999
4 0.19278846249999998 0.8306490390624999 0.1322115375 0.8306490390624999 0.1322115375 0.8830528843750001 0.19278846249999998 0.8830528843750001 0.19278846249999998 0.8306490390624999
3 0.15496794791666665 0.8014423078125 0.09086538541666668 0.8014423078125 0.09086538541666668 0.85264423125 0.15496794791666665 0.85264423125 0.15496794791666665 0.8014423078125
3 0.9985576916666666 0.6847355765625001 0.9206730770833332 0.6847355765625001 0.9206730770833332 0.745072115625 0.9985576916666666 0.745072115625 0.9985576916666666 0.6847355765625001
4 0.9980769229166667 0.7394230765625001 0.9131410249999999 0.7394230765625001 0.9131410249999999 0.796634615625 0.9980769229166667 0.796634615625 0.9980769229166667 0.7394230765625001
4 0.98701923125 0.7931490390625 0.9136217958333333 0.7931490390625 0.9136217958333333 0.8445913468749999 0.98701923125 0.8445913468749999 0.98701923125 0.7931490390625
4 0.9987179479166667 0.793990384375 0.963141025 0.793990384375 0.963141025 0.8447115390625 0.9987179479166667 0.8447115390625 0.9987179479166667 0.793990384375
4 0.7016025645833334 0.746875 0.5310897437500001 0.746875 0.5310897437500001 0.8752403843750001 0.7016025645833334 0.8752403843750001 0.7016025645833334 0.746875
4 0.6173076916666667 0.8415865390624999 0.4653846145833333 0.8415865390624999 0.4653846145833333 0.9704326921875 0.6173076916666667 0.9704326921875 0.6173076916666667 0.8415865390624999
4 0.46762820416666667 0.8634615390624999 0.33878205208333334 0.8634615390624999 0.33878205208333334 0.9822115390624999 0.46762820416666667 0.9822115390624999 0.46762820416666667 0.8634615390624999
4 0.45064102500000003 0.77860576875 0.2766025645833333 0.77860576875 0.2766025645833333 0.903125 0.45064102500000003 0.903125 0.45064102500000003 0.77860576875
4 0.5043269229166667 0.65204326875 0.30048076875 0.65204326875 0.30048076875 0.7943509609375 0.5043269229166667 0.7943509609375 0.5043269229166667 0.65204326875
4 0.7716346145833334 0.5878605765625 0.5899038458333333 0.5878605765625 0.5899038458333333 0.7248798078124999 0.7716346145833334 0.7248798078124999 0.7716346145833334 0.5878605765625
3 0.5375 0.479927884375 0.32788461458333334 0.479927884375 0.32788461458333334 0.6376201921875 0.5375 0.6376201921875 0.5375 0.479927884375
3 0.7599358979166666 0.404927884375 0.5951923083333334 0.404927884375 0.5951923083333334 0.5385817312500001 0.7599358979166666 0.5385817312500001 0.7599358979166666 0.404927884375
4 0.99919871875 0.268990384375 0.9222756416666668 0.268990384375 0.9222756416666668 0.39735576875 0.99919871875 0.39735576875 0.99919871875 0.268990384375
4 0.9987179479166667 0.3175480765625 0.8919871791666666 0.3175480765625 0.8919871791666666 0.412740384375 0.9987179479166667 0.412740384375 0.9987179479166667 0.3175480765625
4 0.99919871875 0.11790865312500001 0.9665064104166666 0.11790865312500001 0.9665064104166666 0.2126201921875 0.99919871875 0.2126201921875 0.99919871875 0.11790865312500001
4 0.99919871875 0.177283653125 0.9306089750000001 0.177283653125 0.9306089750000001 0.2493990390625 0.99919871875 0.2493990390625 0.99919871875 0.177283653125
4 0.27307692291666663 0.03701923125 0.19198717916666666 0.03701923125 0.19198717916666666 0.0987980765625 0.27307692291666663 0.0987980765625 0.27307692291666663 0.03701923125
4 0.21089743541666667 0.04795673125 0.12948717916666666 0.04795673125 0.12948717916666666 0.11454326875000001 0.21089743541666667 0.11454326875000001 0.21089743541666667 0.04795673125
4 0.22099358958333332 0.1105769234375 0.14567307708333335 0.1105769234375 0.14567307708333335 0.165384615625 0.22099358958333332 0.165384615625 0.22099358958333332 0.1105769234375
4 0.280608975 0.11466346093749999 0.21875 0.11466346093749999 0.21875 0.17043269218749998 0.280608975 0.17043269218749998 0.280608975 0.11466346093749999
4 0.274358975 0.1697115390625 0.23429487083333334 0.1697115390625 0.23429487083333334 0.21899038437499999 0.274358975 0.21899038437499999 0.274358975 0.1697115390625
4 0.40192307708333336 0.09555288437500001 0.33557692291666663 0.09555288437500001 0.33557692291666663 0.1472355765625 0.40192307708333336 0.1472355765625 0.40192307708333336 0.09555288437500001
4 0.40641025625 0.1459134609375 0.3647435895833333 0.1459134609375 0.3647435895833333 0.1855769234375 0.40641025625 0.1855769234375 0.40641025625 0.1459134609375
4 0.38878205208333333 0.03798076875 0.34551282083333335 0.03798076875 0.34551282083333335 0.09639423124999999 0.38878205208333333 0.09639423124999999 0.38878205208333333 0.03798076875
4 0.1572115375 0 0.1572115375 0.033653846875 0.25272435833333334 0.033653846875 0.25272435833333334 0 0.1572115375 0
4 0.38173076875 0.172596153125 0.33205128125 0.172596153125 0.33205128125 0.2139423078125 0.38173076875 0.2139423078125 0.38173076875 0.172596153125