3 0.3560652208333333 0.79851660625 0.50106764375 0.7812920109375 0.48080041875 0.6853203406249999 0.33579799583333336 0.7025449359375 0.3560652208333333 0.79851660625
3 0.32840166458333336 0.740871890625 0.47629770416666667 0.7233035671875 0.45047990833333335 0.6010481984375 0.30258386666666665 0.618616521875 0.32840166458333336 0.740871890625
3 0.22970467916666668 0.68474396875 0.35541631458333334 0.66981089375 0.33173726875000004 0.5576831890625 0.20602563333333332 0.5726162640625 0.22970467916666668 0.68474396875
3 0.33300227916666664 0.6440472749999999 0.477361675 0.6268990624999999 0.45592322916666667 0.525381290625 0.3115638333333333 0.542529503125 0.33300227916666664 0.6440472749999999
3 0.49995737291666664 0.725313159375 0.6652151229166667 0.7056824671874999 0.6376659541666666 0.5752285140625 0.4724082041666666 0.59485920625 0.49995737291666664 0.725313159375
3 0.5470556125 0.647911525 0.6714811958333333 0.6331312171875 0.6505010520833333 0.5337836593749999 0.5260754708333333 0.5485639671875 0.5470556125 0.647911525
3 0.460880575 0.696338021875 0.53322103125 0.6877448187499999 0.5132593416666666 0.593219959375 0.4409188854166667 0.6018131609374999 0.460880575 0.696338021875
5 0.26193346458333333 0.5767275640625 0.3812148354166667 0.5625583296875 0.36705833125 0.4955228421875 0.24777695833333332 0.5096920765624999 0.26193346458333333 0.5767275640625
5 0.64119355625 0.6403132015625 0.8070943333333334 0.620606125 0.7800034687499999 0.4923223859375 0.6141026916666666 0.5120294624999999 0.64119355625 0.6403132015625
3 0.21535352708333333 0.5512391421875 0.36646469791666664 0.5332888984374999 0.34232735 0.4189909796875 0.19121617708333333 0.43694122343749997 0.21535352708333333 0.5512391421875
4 0.6491835541666667 0.524423584375 0.79643656875 0.50693164375 0.7730121375 0.3960096140625 0.6257591229166667 0.413501553125 0.6491835541666667 0.524423584375
4 0.5172099604166667 0.4722485359375 0.64227856875 0.45739184374999997 0.6232334875000001 0.3672074109375 0.4981648791666667 0.38206410156250004 0.5172099604166667 0.4722485359375
4 0.21413246875 0.440893 0.32987719583333336 0.42714387656249997 0.31322548125 0.34829278124999996 0.19748075416666666 0.36204190468749997 0.21413246875 0.440893
4 0.1856057083333333 0.39632797656249996 0.28431023958333335 0.3846030296875 0.2745840083333333 0.3385462734375 0.17587947708333335 0.3502712203125 0.1856057083333333 0.39632797656249996
3 0.5089222083333333 0.2402622265625 0.61534305625 0.227620671875 0.5979275000000001 0.1451525546875 0.49150665416666667 0.157794109375 0.5089222083333333 0.2402622265625
3 0.15714244791666668 0.2389159734375 0.21437178333333332 0.23211779531249999 0.20159019166666667 0.1715929484375 0.14436085416666666 0.178391125 0.15714244791666668 0.2389159734375
5 0.5839121395833333 0.24655610625 0.7054441020833334 0.232119528125 0.68889423125 0.15375070156249998 0.56736226875 0.16818728125 0.5839121395833333 0.24655610625