1 0.28751438541666663 0 0.28544305833333333 0.029642457812500002 0.45119638333333334 0.03615753125 0.45372296458333333 0 0.28751438541666663 0
1 0.37565905 0.468455771875 0.5040836291666666 0.4735036078125 0.5113704604166667 0.36922284843750003 0.38294588125 0.3641750125 0.37565905 0.468455771875
1 0.4222501458333333 0.5536059921875001 0.5376610354166667 0.5581423140624999 0.5433684541666667 0.47646428125 0.42795756458333334 0.471927959375 0.4222501458333333 0.5536059921875001
1 0.4712253770833333 0.5038913046875 0.6058143375 0.5091814359375 0.6130114291666667 0.406184921875 0.47842246875 0.40089479062500005 0.4712253770833333 0.5038913046875
2 0.4778489020833333 0.593394321875 0.5877803416666667 0.5977152703125 0.5940979875 0.507304365625 0.4841665479166667 0.5029834171875 0.4778489020833333 0.593394321875
1 0.46524803124999997 0.6778920578125 0.6073712333333333 0.683478328125 0.6140298875 0.5881872890625 0.47190668541666664 0.5826010187499999 0.46524803124999997 0.6778920578125
2 0.34016466458333333 0.6348574671875 0.48742485 0.6406456515625 0.4954834375 0.5253203796875 0.34822325416666666 0.5195321953125001 0.34016466458333333 0.6348574671875
2 0.8441825729166667 0.9533028890624999 0.9219222499999999 0.9563585124999999 0.9258707791666667 0.899851696875 0.8481311 0.8967960749999999 0.8441825729166667 0.9533028890624999
2 0.9039471791666667 0.9703326000000001 0.9676457708333334 0.9728363265625 0.9722404229166667 0.9070829406250001 0.90854183125 0.904579215625 0.9039471791666667 0.9703326000000001
2 0.39069173124999995 0.92414565 0.5067875520833334 0.9287088921875 0.5147922958333333 0.81415416875 0.39869647500000005 0.809590925 0.39069173124999995 0.92414565
1 0.8566470479166667 0.44074402187499995 0.9337017958333333 0.443772721875 0.9374349520833333 0.390348096875 0.8603802041666667 0.387319396875 0.8566470479166667 0.44074402187499995