4 0.7408740730688935 0.03941600625 0.6831565866388309 0.0278411546875 0.6656231920668059 0.076815553125 0.7233406784968684 0.08839040468750001 0.7408740730688935 0.03941600625
4 1 0.360968303125 0.9540089373695199 0.3517451078125 0.9292823549060543 0.4208115671875 1 0.4349935109375 1 0.360968303125
4 1 0.247238665625 0.9831054425887266 0.2438505765625 0.9687190668058455 0.2840346984375 1 0.2903078765625 1 0.247238665625
4 1 0.28021353125 0.9321584279749479 0.2666083640625 0.906352866388309 0.33868863125000004 1 0.3574689296875 1 0.28021353125
4 0.9826276826722338 0.255733390625 0.9017560876826722 0.239515140625 0.8786479728601253 0.304060884375 0.9595195678496868 0.3202791359375 0.9826276826722338 0.255733390625
4 1 0.3484513125 0.9321835532359081 0.334851184375 0.9124922025052192 0.3898532015625 0.9856457599164927 0.4045236515625 1 0.3644292890625 1 0.3484513125
4 0.8894566576200418 0.3180725265625 0.8186520688935282 0.303873146875 0.7997699498956159 0.35661480624999997 0.8705745386221294 0.3708141875 0.8894566576200418 0.3180725265625
4 0.9320843569937369 0.389879128125 0.8703400688935282 0.3774967296875 0.8534360772442589 0.42471307343750003 0.9151803653444677 0.43709547187500003 0.9320843569937369 0.389879128125
4 0.8125165302713988 0.376264140625 0.7594969791231733 0.365631428125 0.7444811983298538 0.4075736046875 0.7975007515657621 0.4182063171875 0.8125165302713988 0.376264140625
4 0.7875563423799582 0.44447620312499997 0.7654089352818372 0.440034690625 0.7592048100208768 0.45736409218749996 0.7813522171189979 0.4618056046875 0.7875563423799582 0.44447620312499997
4 0.7719277620041753 0.42182625937499996 0.7528004530271398 0.4179904078125 0.7470459039665971 0.43406405625 0.7661732108559498 0.437899909375 0.7719277620041753 0.42182625937499996
4 0.8878948997912317 0.45504244062500004 0.8281640146137788 0.44306381562499997 0.8109003632567849 0.4912847625 0.8706312505219207 0.5032633859375 0.8878948997912317 0.45504244062500004
4 1 0.4502023265625 0.9659802317327766 0.44337989218749996 0.9442208371607517 0.5041583765625 1 0.515344509375 1 0.4502023265625
4 1 0.5266726828125 0.984452248434238 0.5701007671875 0.9919993549060543 0.5716142875 1 0.5492668328125 1 0.5266726828125
4 0.9660100855949896 0.5226601468750001 0.9431915427974947 0.51808404375 0.9372571628392485 0.53465999375 0.9600757035490606 0.5392360984375 0.9660100855949896 0.5226601468750001
4 0.8705163778705637 0.5121233734375 0.8406509352818372 0.5061340609375 0.8333678308977036 0.5264772734375 0.8632332755741128 0.5324665859375 0.8705163778705637 0.5121233734375
4 0.8953737849686848 0.739049390625 0.7936970521920668 0.7186588109375001 0.7667225970772443 0.7940040390624999 0.8683993319415448 0.81439461875 0.8953737849686848 0.739049390625
4 0.6338211670146138 0.39318777968749996 0.5287887661795407 0.37212424374999997 0.4964194196242171 0.4625385171875 0.6014518204592901 0.483602053125 0.6338211670146138 0.39318777968749996
4 0.6351259039665971 0.56384200625 0.5035837265135699 0.5374621140625 0.4688765970772443 0.6344063078125 0.6004187724425888 0.6607862 0.6351259039665971 0.56384200625
4 0.5355213048016702 0.528119796875 0.47142804801670146 0.5152663296875 0.45380473903966595 0.5644918796875 0.517897993736952 0.5773453468749999 0.5355213048016702 0.528119796875
4 0.5227724217118999 0.3979705546875 0.38753901252609607 0.37085041093750004 0.35175290187891445 0.4708084140625 0.4869863131524009 0.4979285578125 0.5227724217118999 0.3979705546875
4 0.4130461795407098 0.36640972031249996 0.3815029018789144 0.36008392968749997 0.374129885177453 0.3806782921875 0.4056731628392484 0.3870040828125 0.4130461795407098 0.36640972031249996
5 0.3957646597077244 0.439795653125 0.34375180793319415 0.42936482812500004 0.3274772212943633 0.474823115625 0.37949007306889354 0.485253940625 0.3957646597077244 0.439795653125
4 0.3711177369519833 0.3890918421875 0.32715848851774526 0.3802761140625 0.31672836743215027 0.40940960156250006 0.36068761586638826 0.41822533125000005 0.3711177369519833 0.3890918421875
4 0.40846605010438414 0.4877000953125 0.3329635260960334 0.472558575 0.31507047181628395 0.5225375765625 0.3905729958246346 0.5376790953125 0.40846605010438414 0.4877000953125
5 0.4143435970772443 0.548637328125 0.3207204655532359 0.5298618421875 0.29572413778705636 0.5996817546875 0.3893472693110647 0.6184572390625 0.4143435970772443 0.548637328125
5 0.3730297473903967 0.5158565015625001 0.29014475365344466 0.499234478125 0.2669467223382046 0.5640313734375 0.34983171607515656 0.5806533968750001 0.3730297473903967 0.5158565015625001
4 0.3292322296450939 0.5598329890625 0.26312557411273485 0.5465757484375 0.2442434572025052 0.5993174078125 0.3103501106471816 0.61257465 0.3292322296450939 0.5598329890625
5 0.2708736931106472 0.5992742703125 0.1967134363256785 0.5844019328125001 0.17594310647181627 0.642417759375 0.25010336325678495 0.657290096875 0.2708736931106472 0.5992742703125
5 0.24642037787056367 0.53245833125 0.17561578705636743 0.5182589515625 0.15691349895615864 0.570498309375 0.2277180897703549 0.584697690625 0.24642037787056367 0.53245833125
3 0.18651335281837159 0.4627047203125 0.12644689979123172 0.4506588015625 0.1136789916492693 0.4863222109375 0.1737454425887265 0.4983681296875 0.18651335281837159 0.4627047203125
4 0.21807656784968685 0.582494965625 0.16002351356993738 0.5708528187499999 0.14365901252609603 0.61656225625 0.20171206471816286 0.628204403125 0.21807656784968685 0.582494965625
4 0.34371554488517747 0.6409350593750001 0.2618372505219207 0.624514921875 0.23809973277661797 0.690818721875 0.3199780250521921 0.7072388593750001 0.34371554488517747 0.6409350593750001
4 0.2951777286012526 0.66148416875 0.22470870563674322 0.647352084375 0.2051072693110647 0.70210295 0.2755762922755741 0.716235034375 0.2951777286012526 0.66148416875
4 0.30425670354906054 0.7355804171875 0.23949231732776619 0.7225923578125 0.22204883716075158 0.7713156046874999 0.2868132233820459 0.7843036640625 0.30425670354906054 0.7355804171875
4 0.23830578705636743 0.722892771875 0.18495066805845511 0.7121927640625 0.16939539874739037 0.7556418468749999 0.22275051774530272 0.7663418546874999 0.23830578705636743 0.722892771875
4 0.19045524217118998 0.7334853640625 0.14347589144050105 0.7240639734375 0.13151721711899791 0.7574670234374999 0.17849656576200418 0.7668884140625 0.19045524217118998 0.7334853640625
4 0.4647086972860125 0.609882396875 0.4019577098121086 0.5972981109375 0.38379491022964507 0.6480305656249999 0.44654589979123177 0.6606148515625 0.4647086972860125 0.609882396875
4 0.4863170167014614 0.6645529406249999 0.4423577703549061 0.6557372109374999 0.4311184133611691 0.6871310562499999 0.47507766179540706 0.6959467859374999 0.4863170167014614 0.6645529406249999
4 0.40513954070981206 0.6506959906249999 0.33567721711899795 0.6367657921875 0.3187732254697286 0.6839821359375 0.3882355490605428 0.6979123328125 0.40513954070981206 0.6506959906249999
4 0.40424016075156577 0.68133703125 0.343167006263048 0.6690892234375 0.3257235260960334 0.7178124703125001 0.38679668058455113 0.7300602781250001 0.40424016075156577 0.68133703125
4 0.8740026096033403 0.1583090640625 0.827358828810021 0.1489549703125 0.8148606659707724 0.183864925 0.8615044467640919 0.1932190203125 0.8740026096033403 0.1583090640625
4 0.44024270354906053 0.5230098125 0.37245821294363257 0.5094160921875 0.35438532776617954 0.5598973953125 0.42216981837160755 0.573491115625 0.44024270354906053 0.5230098125