4 0.91848545 0 0.91848545 0.0605158734375 0.99983465625 0.0605158734375 0.99983465625 0 0.91848545 0
4 0.99983465625 0.1392609125 0.9700727520833333 0.1392609125 0.9700727520833333 0.1876240078125 0.99983465625 0.1876240078125 0.99983465625 0.1392609125
4 0.969411375 0.13256448437499999 0.92542989375 0.13256448437499999 0.92542989375 0.16505456406250002 0.969411375 0.16505456406250002 0.969411375 0.13256448437499999
4 0.9242724875 0.065972221875 0.8660714291666667 0.065972221875 0.8660714291666667 0.12450396875 0.9242724875 0.12450396875 0.9242724875 0.065972221875
4 0.8844246041666667 0.06907242031250001 0.81266534375 0.06907242031250001 0.81266534375 0.12686011875 0.8844246041666667 0.12686011875 0.8844246041666667 0.06907242031250001
4 0.9031084645833333 0.2016369046875 0.8660714291666667 0.2016369046875 0.8660714291666667 0.2266865078125 0.9031084645833333 0.2266865078125 0.9031084645833333 0.2016369046875
4 0.9589947083333333 0.2800099203125 0.9295634916666666 0.2800099203125 0.9295634916666666 0.299355159375 0.9589947083333333 0.299355159375 0.9589947083333333 0.2800099203125
4 0.8045634916666666 0.1161954359375 0.7635582020833334 0.1161954359375 0.7635582020833334 0.15017361093749998 0.8045634916666666 0.15017361093749998 0.8045634916666666 0.1161954359375
4 0.7762896833333334 0.03211805625 0.7094907416666667 0.03211805625 0.7094907416666667 0.088417659375 0.7762896833333334 0.088417659375 0.7762896833333334 0.03211805625
4 0.6894841270833333 0.079241071875 0.6236772479166667 0.079241071875 0.6236772479166667 0.1343005953125 0.6894841270833333 0.1343005953125 0.6894841270833333 0.079241071875
4 0.6144179895833334 0.053819443749999994 0.5714285708333333 0.053819443749999994 0.5714285708333333 0.09424603125 0.6144179895833334 0.09424603125 0.6144179895833334 0.053819443749999994
4 0.8849206354166667 0.2770337296875 0.8644179895833334 0.2770337296875 0.8644179895833334 0.2914186515625 0.8849206354166667 0.2914186515625 0.8849206354166667 0.2770337296875
4 0.7035383604166667 0.2632688484375 0.6360780416666666 0.2632688484375 0.6360780416666666 0.3165922625 0.7035383604166667 0.3165922625 0.7035383604166667 0.2632688484375
4 0.6266534395833333 0.2121775796875 0.5479497354166667 0.2121775796875 0.5479497354166667 0.279141865625 0.6266534395833333 0.279141865625 0.6266534395833333 0.2121775796875
4 0.6524470895833333 0.3060515875 0.58068783125 0.3060515875 0.58068783125 0.360119046875 0.6524470895833333 0.360119046875 0.6524470895833333 0.3060515875
4 0.5820105812499999 0.27393353125000003 0.49801587291666666 0.27393353125000003 0.49801587291666666 0.3381696421875 0.5820105812499999 0.3381696421875 0.5820105812499999 0.27393353125000003
4 0.5297619041666667 0.23685515937499999 0.4375 0.23685515937499999 0.4375 0.31349206406249996 0.5297619041666667 0.31349206406249996 0.5297619041666667 0.23685515937499999
5 0.48098545000000004 0.17249503906250002 0.4012896833333333 0.17249503906250002 0.4012896833333333 0.235987103125 0.48098545000000004 0.235987103125 0.48098545000000004 0.17249503906250002
4 0.5590277770833333 0.3544146828125 0.51207010625 0.3544146828125 0.51207010625 0.391369046875 0.5590277770833333 0.391369046875 0.5590277770833333 0.3544146828125
4 0.5279431208333334 0.35491071406249997 0.481646825 0.35491071406249997 0.481646825 0.387896825 0.5279431208333334 0.387896825 0.5279431208333334 0.35491071406249997
5 0.3414351854166667 0.1796875 0.26669973541666664 0.1796875 0.26669973541666664 0.2411954359375 0.3414351854166667 0.2411954359375 0.3414351854166667 0.1796875
5 0.33829365 0.2642609125 0.2602513229166667 0.2642609125 0.2602513229166667 0.322792659375 0.33829365 0.322792659375 0.33829365 0.2642609125
5 0.37582671875 0.3007192453125 0.28786375625 0.3007192453125 0.28786375625 0.364707340625 0.37582671875 0.364707340625 0.37582671875 0.3007192453125
4 0.3085317458333333 0.3478422625 0.25859788333333333 0.3478422625 0.25859788333333333 0.3773561515625 0.3085317458333333 0.3773561515625 0.3085317458333333 0.3478422625
4 0.28786375625 0.298983134375 0.2273478833333333 0.298983134375 0.2273478833333333 0.342137896875 0.28786375625 0.342137896875 0.28786375625 0.298983134375
5 0.4950396833333333 0.3501984125 0.3958333333333333 0.3501984125 0.3958333333333333 0.415674603125 0.4950396833333333 0.415674603125 0.4950396833333333 0.3501984125
5 0.5074404770833333 0.4270833328125 0.41286375625 0.4270833328125 0.41286375625 0.49677579375 0.5074404770833333 0.49677579375 0.5074404770833333 0.4270833328125
5 0.39880952291666666 0.38740079375 0.30489417916666667 0.38740079375 0.30489417916666667 0.45089285781250005 0.39880952291666666 0.45089285781250005 0.39880952291666666 0.38740079375
4 0.4727182541666667 0.5120287703125 0.39765211666666667 0.5120287703125 0.39765211666666667 0.5658482140625 0.4727182541666667 0.5658482140625 0.4727182541666667 0.5120287703125
4 0.5214947083333333 0.4438244046875 0.4751984125 0.4438244046875 0.4751984125 0.4931795640625 0.5214947083333333 0.4931795640625 0.5214947083333333 0.4438244046875
4 0.38938492083333337 0.459325396875 0.30902777708333334 0.459325396875 0.30902777708333334 0.5143849203124999 0.38938492083333337 0.5143849203124999 0.38938492083333337 0.459325396875
4 0.39054232708333336 0.5146329359374999 0.31779100625 0.5146329359374999 0.31779100625 0.5689484125 0.39054232708333336 0.5689484125 0.39054232708333336 0.5146329359374999
3 0.3578042333333334 0.5822172625 0.2701719583333333 0.5822172625 0.2701719583333333 0.6556299609375 0.3578042333333334 0.6556299609375 0.3578042333333334 0.5822172625
4 0.51851851875 0.62958829375 0.4239417979166667 0.62958829375 0.4239417979166667 0.7089533734375 0.51851851875 0.7089533734375 0.51851851875 0.62958829375
5 0.46527777708333334 0.687748015625 0.3541666666666667 0.687748015625 0.3541666666666667 0.7762896828125 0.46527777708333334 0.7762896828125 0.46527777708333334 0.687748015625
5 0.3589616395833334 0.644097221875 0.2931547625 0.644097221875 0.2931547625 0.671875 0.3589616395833334 0.671875 0.3589616395833334 0.644097221875
5 0.33068783124999995 0.7054811515625 0.23214285625 0.7054811515625 0.23214285625 0.7816220234375 0.33068783124999995 0.7816220234375 0.33068783124999995 0.7054811515625
4 0.49454365 0.722222221875 0.4075727520833333 0.722222221875 0.4075727520833333 0.793402778125 0.49454365 0.793402778125 0.49454365 0.722222221875
4 0.42294973541666664 0.768353175 0.3541666666666667 0.768353175 0.3541666666666667 0.8206845234375001 0.42294973541666664 0.8206845234375001 0.42294973541666664 0.768353175
4 0.34656084583333335 0.778521825 0.261574075 0.778521825 0.261574075 0.8459821421875 0.34656084583333335 0.8459821421875 0.34656084583333335 0.778521825
4 0.468088625 0.6083829359374999 0.4098875666666667 0.6083829359374999 0.4098875666666667 0.6617063484375 0.468088625 0.6617063484375 0.468088625 0.6083829359374999
4 0.65079365 0.5520833328125 0.5608465604166667 0.5520833328125 0.5608465604166667 0.6195436515625 0.65079365 0.6195436515625 0.65079365 0.5520833328125
5 0.6430224875 0.4697420640625 0.5573743395833334 0.4697420640625 0.5573743395833334 0.5389384921875 0.6430224875 0.5389384921875 0.6430224875 0.4697420640625
4 0.7845568791666667 0.48871527812500004 0.7041997354166667 0.48871527812500004 0.7041997354166667 0.5494791671875 0.7845568791666667 0.5494791671875 0.7845568791666667 0.48871527812500004