1 0.7121794875 0.04891826875 0.5083333333333333 0.04891826875 0.5083333333333333 0.20829326875 0.7121794875 0.20829326875 0.7121794875 0.04891826875
1 0.8152243583333333 0.00048076875000000005 0.6434294875000001 0.00048076875000000005 0.6434294875000001 0.077403846875 0.8152243583333333 0.077403846875 0.8152243583333333 0.00048076875000000005
1 0.26362179583333334 0.19447115312500002 0.21810897499999998 0.19447115312500002 0.21810897499999998 0.22644230781250002 0.26362179583333334 0.22644230781250002 0.26362179583333334 0.19447115312500002
1 0.25496794791666666 0.2115384609375 0.17708333333333334 0.2115384609375 0.17708333333333334 0.2706730765625 0.25496794791666666 0.2706730765625 0.25496794791666666 0.2115384609375
1 0.18445512916666665 0.17884615312500002 0.13605769166666667 0.17884615312500002 0.13605769166666667 0.21682692343749999 0.18445512916666665 0.21682692343749999 0.18445512916666665 0.17884615312500002
1 0.1834935895833333 0.1980769234375 0.10817307708333333 0.1980769234375 0.10817307708333333 0.2478365390625 0.1834935895833333 0.2478365390625 0.1834935895833333 0.1980769234375
1 0.3092948708333333 0.44891826874999996 0.2509615375 0.44891826874999996 0.2509615375 0.4859375 0.3092948708333333 0.4859375 0.3092948708333333 0.44891826874999996
1 0.30961538541666667 0.46442307656250004 0.2365384625 0.46442307656250004 0.2365384625 0.53389423125 0.30961538541666667 0.53389423125 0.30961538541666667 0.46442307656250004
0 0.5516025645833333 0.7251201921875 0.4125 0.7251201921875 0.4125 0.8719951921875 0.5516025645833333 0.8719951921875 0.5516025645833333 0.7251201921875
2 0.4548076916666667 0.76826923125 0.2913461541666667 0.76826923125 0.2913461541666667 0.9168269234374999 0.4548076916666667 0.9168269234374999 0.4548076916666667 0.76826923125
1 0.44294871875 0.893028846875 0.24775641041666668 0.893028846875 0.24775641041666668 0.9995192312500001 0.44294871875 0.9995192312500001 0.44294871875 0.893028846875
0 0.8548076916666666 0.96983173125 0.7772435895833334 0.96983173125 0.7772435895833334 0.9996394234375 0.8548076916666666 0.9996394234375 0.8548076916666666 0.96983173125
1 0.9996794875 0.6693509609375 0.9423076916666666 0.6693509609375 0.9423076916666666 0.73545673125 0.9996794875 0.73545673125 0.9996794875 0.6693509609375
2 0.9403846145833333 0.648677884375 0.8544871791666666 0.648677884375 0.8544871791666666 0.7099759609375 0.9403846145833333 0.7099759609375 0.9403846145833333 0.648677884375
2 0.9201923083333334 0.68485576875 0.8477564104166666 0.68485576875 0.8477564104166666 0.7348557687499999 0.9201923083333334 0.7348557687499999 0.9201923083333334 0.68485576875