5 0.4898843041666667 0.6071936640625 0.30736325 0.600019521875 0.29736649375 0.74308161875 0.47988754791666666 0.7502557609375 0.4898843041666667 0.6071936640625
5 0.4129318666666667 0.7262464 0.25696612708333333 0.7201160359375 0.24855709166666667 0.8404565046875 0.40452283125000005 0.84658686875 0.4129318666666667 0.7262464
4 0.52397985 0.5781551078125 0.38447092916666664 0.5726715921875 0.37911972499999996 0.649251890625 0.5186286458333333 0.6547354046875 0.52397985 0.5781551078125
5 0.6582371229166667 0.46557405156250004 0.4850665333333334 0.4587674375 0.4755990166666667 0.5942556578125 0.6487696062499999 0.6010622718749999 0.6582371229166667 0.46557405156250004
3 0.37869002291666665 0.362887515625 0.30351229375 0.35993259218749996 0.29961160000000003 0.41575486093749997 0.37478932708333335 0.418709784375 0.37869002291666665 0.362887515625
5 0.23676719791666667 0.3490112328125 0.16458161666666668 0.3461739171875 0.1609161395833333 0.39863001875 0.23310172083333333 0.4014673328125 0.23676719791666667 0.3490112328125
4 0.31711283958333336 0.32094671875 0.2505375375 0.31832992031249996 0.24716608333333331 0.366578315625 0.3137413854166667 0.36919511250000003 0.31711283958333336 0.32094671875
4 0.22374964583333332 0.29646195937500003 0.15642630625 0.29381575937500004 0.1529176416666667 0.3440277484375 0.22024098125 0.3466739484375 0.22374964583333332 0.29646195937500003
4 0.23984015833333333 0.45531686562499996 0.1814932645833333 0.45302349218750004 0.17878825833333334 0.49173441249999994 0.23713515416666667 0.49402778593749996 0.23984015833333333 0.45531686562499996
4 0.2979989895833333 0.48713770624999997 0.24339228124999998 0.48499134374999997 0.24015803541666667 0.5312761390625 0.29476474375 0.5334225015625 0.2979989895833333 0.48713770624999997
4 0.41669845 0.2859031296875 0.3710681854166667 0.2841095953125 0.3685984 0.319454346875 0.4142286625 0.3212478828125 0.41669845 0.2859031296875
4 0.35993557708333335 0.31461329843749997 0.30607690625 0.3124963390625 0.30345030833333336 0.350085203125 0.35730897916666665 0.3522021640625 0.35993557708333335 0.31461329843749997
4 0.28619034791666664 0.296525325 0.23046158333333333 0.29433485937500004 0.22871705 0.3193005984375 0.2844458145833333 0.3214910640625 0.28619034791666664 0.296525325
4 0.7551240499999999 0.292032478125 0.5935480333333333 0.28568159843749996 0.5853350125 0.4032169296875 0.7469110291666666 0.40956780937500004 0.7551240499999999 0.292032478125
4 0.6862951145833333 0.3565540640625 0.5677312333333333 0.3518938109375 0.5621252083333333 0.4321207921875 0.6806890895833334 0.43678104375000004 0.6862951145833333 0.3565540640625
4 0.6620156749999999 0.2639010375 0.556168425 0.25974062343750004 0.55046439375 0.341370171875 0.65631164375 0.3455305875 0.6620156749999999 0.2639010375
4 0.6023234145833333 0.2057198375 0.5192912979166667 0.20245619062500003 0.5151945875 0.261083596875 0.59822670625 0.26434724374999996 0.6023234145833333 0.2057198375
4 0.7682255333333334 0.1635785625 0.6350749291666666 0.158344965625 0.6284300270833333 0.2534391828125 0.76158063125 0.258672778125 0.7682255333333334 0.1635785625
4 0.7171764937499999 0.110518925 0.6307782083333334 0.10712296875 0.6261522583333333 0.1733242515625 0.71255054375 0.1767202078125 0.7171764937499999 0.110518925
4 0.6388505999999999 0.11236273593749999 0.5371175520833333 0.108364034375 0.5321191749999999 0.1798950828125 0.6338522229166668 0.18389378437499998 0.6388505999999999 0.11236273593749999
3 0.77240315625 0.707606090625 0.7151783166666666 0.7053568203125 0.7122772979166666 0.7468728796875 0.7695021354166667 0.7491221484375 0.77240315625 0.707606090625
4 0.9529947354166667 0.48208222031250003 0.8931517666666667 0.47973004374999995 0.8897999124999999 0.527697921875 0.94964288125 0.5300501 0.9529947354166667 0.48208222031250003
4 0.9518991583333333 0.438721365625 0.8886900229166667 0.436236878125 0.8856909958333333 0.47915550781249994 0.9489001333333333 0.4816399953125 0.9518991583333333 0.438721365625
5 0.9921429895833334 0.5310173921875 0.9169652625 0.52806246875 0.9135154020833334 0.57743291875 0.9886931291666666 0.5803878421875 0.9921429895833334 0.5310173921875
4 0.9385608666666666 0.565196984375 0.8686193979166668 0.5624478765625 0.8654439583333333 0.6078911312499999 0.9353854270833334 0.6106402390625 0.9385608666666666 0.565196984375
4 1 0.48702392968749997 0.95745435 0.4853516375 0.9542789104166667 0.5307948921875 0.9984131 0.5325296234375 1 0.509819728125 1 0.48702392968749997
4 0.8341678229166667 0.48655337187500003 0.7720807437499999 0.4841129875 0.7685720770833334 0.534324978125 0.8306591583333333 0.5367653625 0.8341678229166667 0.48655337187500003
4 0.8524738000000001 0.45000272499999994 0.7937528875000001 0.44769465 0.7906558520833333 0.49201585000000003 0.8493767645833333 0.49432392500000005 0.8524738000000001 0.45000272499999994
4 0.8445608625 0.41832849375 0.7914502291666667 0.4162409359375 0.7889608395833334 0.451866203125 0.8420714749999999 0.45395376093750006 0.8445608625 0.41832849375
4 0.8020727020833333 0.5567380749999999 0.7399856229166667 0.554297690625 0.7367709812500001 0.6003019734375 0.7988580583333333 0.6027423578125 0.8020727020833333 0.5567380749999999
4 0.7543723750000001 0.6436083921875 0.7042538895833333 0.64163844375 0.7019213125 0.6750195999999999 0.7520398 0.6769895484374999 0.7543723750000001 0.6436083921875
5 0.6844920958333333 0.648034440625 0.6343736104166666 0.6460644921875 0.6317666145833333 0.6833728421874999 0.6818850979166666 0.685342790625 0.6844920958333333 0.648034440625
5 0.7036292875 0.6264245374999999 0.6579990229166667 0.6246310015625001 0.6557840541666666 0.6563290734375 0.70141431875 0.658122609375 0.7036292875 0.6264245374999999
3 0.82150288125 0.6597486625 0.763904025 0.6574846921875 0.7610030041666668 0.69900075 0.8186018604166667 0.701264721875 0.82150288125 0.6597486625
5 0.6444506604166667 0.673604521875 0.6018125458333333 0.6719285953125 0.5995583770833334 0.70418769375 0.6421964916666667 0.7058636203125 0.6444506604166667 0.673604521875
4 0.7495887999999999 0.6100881734375 0.7009663854166667 0.608177028125 0.6985946062499999 0.6421192125 0.7472170208333334 0.6440303562499999 0.7495887999999999 0.6100881734375
4 0.8404302791666667 0.6277229921874999 0.7891897375 0.6257089390624999 0.7866611479166666 0.661895234375 0.8379016875 0.6639092859375 0.8404302791666667 0.6277229921874999
4 0.9249078166666667 0.3285221140625 0.8736672770833334 0.3265080625 0.8711778875 0.3621333296875 0.9224184291666667 0.36414738281250003 0.9249078166666667 0.3285221140625
4 0.8380304083333333 0.600344078125 0.7912780895833333 0.5985064390625 0.7892199333333333 0.6279604015625 0.8359722520833334 0.629798040625 0.8380304083333333 0.600344078125
4 0.7067816854166666 0.602779915625 0.6645175895833333 0.601118690625 0.66275345625 0.6263649421874999 0.7050175520833334 0.6280261687500001 0.7067816854166666 0.602779915625
4 0.6684895541666667 0.6194176546875 0.6247293833333334 0.6176976234375 0.6222007916666666 0.65388391875 0.6659609625 0.6556039484375 0.6684895541666667 0.6194176546875
4 0.9308066125 0.603709440625 0.8690935520833333 0.60128375625 0.8664473520833333 0.6391531359375 0.9281604125 0.64157881875 0.9308066125 0.603709440625
4 0.3038802291666666 0.4056557625 0.25712791041666666 0.4038181234375 0.25475613125 0.4377603078125 0.30150845 0.43959794687500003 0.3038802291666666 0.4056557625
4 0.2662068541666667 0.351715446875 0.22356873958333334 0.3500395203125 0.2208833375 0.388469925 0.26352145208333333 0.3901458515625 0.2662068541666667 0.351715446875