5 0.7257298416666667 0.3883390671875 0.534575275 0.38333261875 0.5279121479166666 0.5264378796875 0.7190667125 0.531444328125 0.7257298416666667 0.3883390671875
4 0.6915272625 0.2821365671875 0.5514630979166667 0.27846820625 0.5460136541666666 0.3955069328125 0.6860778187500001 0.39917529375 0.6915272625 0.2821365671875
4 0.6303053604166667 0.44234270625 0.492674075 0.43873806406250004 0.4872974520833333 0.5542128 0.6249287395833334 0.5578174421875 0.6303053604166667 0.44234270625
4 0.5580103125 0.47790034531250003 0.4513113083333333 0.47510583593750005 0.44696631875000004 0.5684240203125001 0.5536653229166667 0.5712185296875 0.5580103125 0.47790034531250003
5 0.4765393145833333 0.3929044109375 0.24472095625 0.3868329546875 0.23802141875 0.530720209375 0.46983977499999996 0.536791665625 0.4765393145833333 0.3929044109375
4 0.43053917291666666 0.5101860078125 0.2720546604166667 0.5060352078125 0.26940882708333336 0.5628602468749999 0.42789334166666665 0.567011046875 0.43053917291666666 0.5101860078125
4 0.4850499354166667 0.5651152296874999 0.31127305833333335 0.5605639124999999 0.30527745624999997 0.6893325796875 0.4790543333333333 0.693883896875 0.4850499354166667 0.5651152296874999
4 0.33785264375 0.5651747953124999 0.22211724166666666 0.56214361875 0.21722609375 0.6671917406250001 0.33296149583333334 0.6702229171874999 0.33785264375 0.5651747953124999
4 0.47233992916666667 0.6886188703125 0.33019044166666667 0.68489589375 0.325408525 0.787598028125 0.46755801249999995 0.7913210046875 0.47233992916666667 0.6886188703125
4 0.4507281354166667 0.786573996875 0.3238710125 0.7832515359375 0.31914978125 0.8846503453125001 0.44600690416666666 0.88797280625 0.4507281354166667 0.786573996875
3 0.6689345104166667 0.849574759375 0.6147161229166667 0.8481547484374999 0.6120217437500001 0.9060224484375 0.6662401312499999 0.9074424593750001 0.6689345104166667 0.849574759375
4 0.36585274375 0.8157995375 0.26784258333333333 0.8132325937499999 0.2636553729166667 0.9031621281250001 0.36166553333333334 0.9057290703125 0.36585274375 0.8157995375
4 0.30217373125 0.770939028125 0.18087747083333333 0.7677622093750001 0.1766417125 0.85873440625 0.2979379729166666 0.8619112250000001 0.30217373125 0.770939028125
3 0.19240414375 0.6285685859375 0.1110765625 0.62643856875 0.10849141458333333 0.6819602828125 0.18981899583333334 0.6840902984375 0.19240414375 0.6285685859375
5 0.27614086458333337 0.7022710921875001 0.20245946874999998 0.700341334375 0.19989859375 0.7553417171875 0.27357998958333335 0.757271475 0.27614086458333337 0.7022710921875001
3 0.2334822166666667 0.75152359375 0.15076442291666667 0.7493571671875 0.14847056041666665 0.7986229109375 0.23118835416666667 0.8007893375 0.2334822166666667 0.75152359375
4 0.09518006666666667 0.9117988234375 0.04026657291666667 0.91036060625 0.03743868958333333 0.971095625 0.09235218125000001 0.9725338406249999 0.09518006666666667 0.9117988234375
3 0.19530756666666665 0.797892225 0.12649192083333333 0.7960899046875001 0.12314215208333333 0.8680335328125001 0.19195779791666664 0.8698358546874999 0.19530756666666665 0.797892225
4 1 0.2954353109375 0.9887905395833333 0.295141728125 0.9869336020833334 0.335023521875 1 0.3353657390625 1 0.2954353109375