3 0.7785256416666667 0.2371394234375 0.5160256416666666 0.2371394234375 0.5160256416666666 0.439783653125 0.7785256416666667 0.439783653125 0.7785256416666667 0.2371394234375
3 0.6971153854166666 0.386177884375 0.4641025645833333 0.386177884375 0.4641025645833333 0.5381009609375 0.6971153854166666 0.5381009609375 0.6971153854166666 0.386177884375
5 0.47692307708333337 0.369471153125 0.33493589791666667 0.369471153125 0.33493589791666667 0.48605769218750006 0.47692307708333337 0.48605769218750006 0.47692307708333337 0.369471153125
3 0.44375 0.4516826921875 0.24503205208333334 0.4516826921875 0.24503205208333334 0.5795673078125 0.44375 0.5795673078125 0.44375 0.4516826921875
5 0.5847756416666667 0.547596153125 0.36682692291666663 0.547596153125 0.36682692291666663 0.712740384375 0.5847756416666667 0.712740384375 0.5847756416666667 0.547596153125
5 0.63125 0.6389423078124999 0.4459935895833333 0.6389423078124999 0.4459935895833333 0.7603365390625 0.63125 0.7603365390625 0.63125 0.6389423078124999
4 0.66201923125 0.623197115625 0.58125 0.623197115625 0.58125 0.724158653125 0.66201923125 0.724158653125 0.66201923125 0.623197115625
3 0.7011217958333333 0.763822115625 0.6405448708333333 0.763822115625 0.6405448708333333 0.8236778843750001 0.7011217958333333 0.8236778843750001 0.7011217958333333 0.763822115625
5 0.99919871875 0.810096153125 0.9456730770833333 0.810096153125 0.9456730770833333 0.9149038468749999 0.99919871875 0.9149038468749999 0.99919871875 0.810096153125
4 0.75641025625 0.8808894234375 0.5894230770833333 0.8808894234375 0.5894230770833333 0.9993990390624999 0.75641025625 0.9993990390624999 0.75641025625 0.8808894234375
4 0.8397435895833334 0.9045673078125 0.725 0.9045673078125 0.725 0.999278846875 0.8397435895833334 0.999278846875 0.8397435895833334 0.9045673078125