1 0.031866519832985385 0.70924545625 0.12945572025052193 0.705417621875 0.12494717745302714 0.6410309578125 0.027357977035490606 0.6448587921875 0.031866519832985385 0.70924545625
1 0.059791782881002085 0.655197834375 0.190704127348643 0.650062934375 0.1819721670146138 0.5253614890625 0.05105982463465553 0.5304963875 0.059791782881002085 0.655197834375
1 0.00823430897703549 0.6200897249999999 0.14730742379958245 0.614634728125 0.1401614718162839 0.5125831375 0.0010883590814196242 0.518038134375 0.00823430897703549 0.6200897249999999
2 0.0804398496868476 0.51913631875 0.14028549060542797 0.5167889359375 0.13720257411273487 0.47276169062499995 0.07735693319415449 0.47510907343750003 0.0804398496868476 0.51913631875
1 0.03146608559498956 0.49171021406250004 0.09709227348643006 0.4891360953125 0.09408063883089769 0.44612682187499997 0.028454450939457206 0.44870094062500004 0.03146608559498956 0.49171021406250004
1 0.49521874321503134 0.584783596875 0.7312009916492693 0.5755274421875 0.7197068830897704 0.411379621875 0.4837246325678497 0.420635778125 0.49521874321503134 0.584783596875
1 0.37885145302713985 0.515214784375 0.7797492526096034 0.499489990625 0.7584717849686847 0.195625653125 0.3575739853862213 0.211350446875 0.37885145302713985 0.515214784375
2 0.25994597912317324 0.37531261250000003 0.3289724885177453 0.3726051203125 0.325461885177453 0.3224700484375 0.256435375782881 0.32517754062500004 0.25994597912317324 0.37531261250000003
0 0.3094283444676409 0.4075674109375 0.3767546931106472 0.4049266046875 0.372905503131524 0.349956171875 0.30557915448851775 0.3525969765625 0.3094283444676409 0.4075674109375
0 0.2568255260960334 0.18710351249999999 0.43194203757828814 0.1802347515625 0.42078651565762004 0.02092229375 0.2456700020876827 0.0277910546875 0.2568255260960334 0.18710351249999999
2 0.4300899164926931 0.20978204374999998 0.6354692818371608 0.2017262546875 0.6239573507306889 0.0373239421875 0.41857798747390396 0.04537973125 0.4300899164926931 0.20978204374999998
1 0.27583099373695197 0.0081066203125 0.2796356325678497 0.062440821875 0.40510746555323596 0.057519321874999994 0.4013028267223382 0.0031851203125 0.27583099373695197 0.0081066203125
1 0.48250629018789143 0 0.38022083716075156 0.0040120390625 0.38525507933194153 0.0759062390625 0.543369987473904 0.0697043484375 0.5384890855949895 0 0.48250629018789143 0