5 0.4289751416666666 0.7279612421875 0.5896570437499999 0.711024465625 0.56605661875 0.5850801484375 0.40537471666666663 0.602016925 0.4289751416666666 0.7279612421875
5 0.408432525 0.8190215953125 0.5457365270833333 0.80454898125 0.5258844041666666 0.698607584375 0.38858040208333333 0.7130802 0.408432525 0.8190215953125
4 0.47902801875 0.6358049609374999 0.6018443083333334 0.6228594328125 0.5892111395833334 0.5554421796875 0.46639485 0.5683877078124999 0.47902801875 0.6358049609374999
5 0.5506852208333334 0.575619978125 0.7031354666666666 0.5595508640625 0.680784475 0.4402741859375 0.5283342291666666 0.4563433 0.5506852208333334 0.575619978125
3 0.357001 0.44242071562499996 0.42318350416666667 0.4354447078125 0.4139747125 0.3863017296875 0.34779220625 0.3932777375 0.357001 0.44242071562499996
5 0.23226428333333335 0.44511783437499997 0.2958126604166667 0.438419478125 0.2871591708333333 0.39223989375 0.22361079374999998 0.39893825 0.23226428333333335 0.44511783437499997
4 0.30018921875 0.4062279203125 0.3587986 0.40005016250000003 0.35083923958333335 0.35757482343749997 0.2922298583333333 0.3637525828125 0.30018921875 0.4062279203125
4 0.21296125833333335 0.39854980625 0.27222917083333337 0.39230263593750003 0.26394588541666664 0.34809865 0.20467797083333333 0.354345821875 0.21296125833333335 0.39854980625
4 0.2688680375 0.52398486875 0.3202335645833333 0.5185706531250001 0.31384756666666663 0.48449160156250004 0.2624820395833333 0.4899058171875 0.2688680375 0.52398486875
4 0.33128090208333333 0.5506474078125 0.37935376458333336 0.5455802578125 0.3717183333333333 0.5048335671874999 0.32364547083333334 0.5099007171875 0.33128090208333333 0.5506474078125
4 0.39537026666666664 0.3497331609375 0.4355407416666666 0.3454989671875 0.42971005 0.3143833109375 0.3895395729166667 0.3186175046875 0.39537026666666664 0.3497331609375
4 0.3455140375 0.38470391249999997 0.39292836875 0.37970617500000003 0.38672747291666665 0.3466149234375 0.3393131395833333 0.351612659375 0.3455140375 0.38470391249999997
4 0.27343320833333334 0.36737073124999997 0.3224938708333333 0.3621994625 0.3183753645833333 0.34022094375 0.2693147041666667 0.3453922140625 0.27343320833333334 0.36737073124999997
4 0.6031684062499999 0.395193878125 0.7454114000000001 0.380200665625 0.72602203125 0.27672876562500004 0.5837790354166666 0.2917219765625 0.6031684062499999 0.395193878125
4 0.5894700520833334 0.42333145781250003 0.6938474354166666 0.41232949375 0.6806126875 0.3417018953125 0.5762353020833333 0.352703859375 0.5894700520833334 0.42333145781250003
4 0.5588108895833332 0.3457265328125 0.6519932208333333 0.3359045921875 0.6385270958333333 0.2640422453125 0.5453447645833334 0.27386418749999997 0.5588108895833332 0.3457265328125
4 0.5099406395833334 0.28024016875 0.5830377333333333 0.272535325 0.5733661875 0.2209228484375 0.50026909375 0.22862769374999997 0.5099406395833334 0.28024016875
4 0.6068952916666667 0.25919202812500003 0.7241140541666666 0.2468365109375 0.7084267125 0.1631205828125 0.5912079499999999 0.1754761 0.6068952916666667 0.25919202812500003
4 0.5868153645833334 0.1896636921875 0.6628758541666666 0.1816464875 0.6519548729166667 0.12336637343750001 0.5758943833333333 0.1313835765625 0.5868153645833334 0.1896636921875
4 0.5063525 0.2073366265625 0.5959129041666666 0.19789645625000002 0.5841126916666667 0.1349242984375 0.4945522875 0.14436446875 0.5063525 0.2073366265625
3 0.7914135625000001 0.6785518781250001 0.8417912895833334 0.6732417828124999 0.8349425395833333 0.636693234375 0.7845648104166667 0.6420033296875001 0.7914135625000001 0.6785518781250001
4 0.8966158125 0.46499379999999996 0.9492984020833333 0.4594407578125 0.94138531875 0.41721236875 0.8887027291666667 0.422765409375 0.8966158125 0.46499379999999996
4 0.8820711291666666 0.42321259062500005 0.9377171145833334 0.417347190625 0.9306369875 0.37956389687500003 0.8749910020833334 0.385429296875 0.8820711291666666 0.42321259062500005
5 0.9285163833333333 0.5053233406250001 0.9946988895833333 0.4983473328125 0.9865544291666667 0.45488419531249996 0.9203719229166667 0.461860203125 0.9285163833333333 0.5053233406250001
4 0.8935029416666667 0.537974096875 0.9550757166666667 0.53148398125 0.9475791104166666 0.49147813749999997 0.8860063354166667 0.4979682546875 0.8935029416666667 0.537974096875
4 0.9889794125000001 0.414965784375 0.946010175 0.4194949828125 0.95350678125 0.4595008265625 0.99647601875 0.4549716265625 0.9889794125000001 0.414965784375
4 0.7924662520833333 0.48617075625000006 0.8471244375 0.480409475 0.8388411520833333 0.436205490625 0.7841829645833334 0.4419667703125 0.7924662520833333 0.48617075625000006
4 0.8021555604166667 0.44649395312499995 0.8538503520833333 0.44104503125 0.8465388479166667 0.4020269890625 0.79484405625 0.4074759109375 0.8021555604166667 0.44649395312499995
4 0.7916101291666667 0.4117201078125 0.8383659291666666 0.4067917828125 0.8324889604166666 0.375429178125 0.7857331604166667 0.380357503125 0.7916101291666667 0.4117201078125
4 0.7796542583333333 0.54770794375 0.8343124479166666 0.5419466625 0.8267232916666667 0.5014469203125 0.7720651020833333 0.5072082015625 0.7796542583333333 0.54770794375
4 0.7661597104166666 0.6172496359374999 0.81028138125 0.6125989640625 0.8047746145833333 0.58321195625 0.7606529437499999 0.587862628125 0.7661597104166666 0.6172496359374999
5 0.7069087083333333 0.633442203125 0.7510303791666666 0.62879153125 0.7448757583333333 0.595947228125 0.7007540875 0.6005979015625 0.7069087083333333 0.633442203125
5 0.7217310166666666 0.60682303125 0.76190149375 0.6025888359375 0.7566723791666666 0.5746835265625 0.7165019020833333 0.5789177203125 0.7217310166666666 0.60682303125
3 0.8230640354166667 0.6306423031249999 0.8737710291666667 0.6252975000000001 0.8669222791666668 0.5887489546875 0.8162152854166667 0.59409375625 0.8230640354166667 0.6306423031249999
5 0.6835414979166666 0.6556736843750001 0.7210778416666667 0.6517171421875 0.7157561770833334 0.6233179343749999 0.6782198333333334 0.6272744765625 0.6835414979166666 0.6556736843750001
4 0.7558296395833334 0.5890005984375 0.7986342458333334 0.584488753125 0.7930349291666666 0.554607846875 0.7502303229166666 0.55911969375 0.7558296395833334 0.5890005984375
4 0.8370435958333334 0.5950461765624999 0.8821530645833333 0.5902913843750001 0.8761835458333334 0.55843488125 0.8310740770833333 0.5631896734375 0.8370435958333334 0.5950461765624999
4 0.84299253125 0.3230751828125 0.888102 0.318320390625 0.88222503125 0.2869577875 0.8371155625 0.291712578125 0.84299253125 0.3230751828125
4 0.8316089145833333 0.5651479171875 0.8727671895833333 0.560809603125 0.8679082770833334 0.534879890625 0.8267500020833333 0.5392182046875 0.8316089145833333 0.5651479171875
4 0.7210368770833333 0.5798247578125 0.7582439583333334 0.5759029234375 0.7540791770833334 0.55367745625 0.7168720979166667 0.5575992921874999 0.7210368770833333 0.5798247578125
4 0.6919119583333334 0.60895881875 0.7304361020833333 0.60489815625 0.7244665833333334 0.5730416515625001 0.6859424375 0.5771023140625 0.6919119583333334 0.60895881875
4 0.9014382645833333 0.5650905015625 0.9557671875 0.559363928125 0.9495200166666666 0.5260257265625 0.89519109375 0.5317523015625001 0.9014382645833333 0.5650905015625
4 0.32288102291666665 0.46729656249999996 0.36403929583333333 0.46295824999999996 0.35843997916666664 0.43307734218749994 0.3172817041666667 0.43741565624999995 0.32288102291666665 0.46729656249999996
4 0.28222908958333337 0.42864494531249997 0.3197654333333333 0.42468840312499995 0.3134257125 0.39085630312499997 0.27588936875 0.3948128453125 0.28222908958333337 0.42864494531249997