1 0.7871854958333333 0.771004975 0.5843946 0.7386765734375 0.5434123583333333 0.8832812890625 0.7462032541666667 0.915609690625 0.7871854958333333 0.771004975
1 0.6187231270833333 0.804199503125 0.5095809979166667 0.786800346875 0.48586984375 0.8704645046874999 0.5950119729166666 0.8878636609375 0.6187231270833333 0.804199503125
1 0.6644658958333333 0.711362775 0.5229598541666667 0.688804246875 0.49280863333333336 0.7951920015625 0.634314675 0.8177505296875 0.6644658958333333 0.711362775
2 0.36343551458333334 0.644750928125 0.25704776041666666 0.6277908671875 0.2392643958333333 0.6905389828125 0.34565215 0.7074990437500001 0.36343551458333334 0.644750928125
1 0.48812880625 0.5793441984375 0.38415112916666666 0.5627683453125 0.3553903770833333 0.6642498671875 0.45936805416666665 0.6808257203125 0.48812880625 0.5793441984375
1 0.3993451208333333 0.5688340375000001 0.23649266875 0.5428725203125 0.20429233541666666 0.656490509375 0.3671447875 0.6824520281249999 0.3993451208333333 0.5688340375000001
1 0.3688039979166666 0.5318484265625 0.2575960854166667 0.514119946875 0.24127637291666665 0.571703609375 0.3524842833333333 0.5894320875 0.3688039979166666 0.5318484265625
0 0.23094995625 0.0583473234375 0.14969587916666666 0.0453940078125 0.13264433958333333 0.105559896875 0.21389841666666667 0.11851321249999999 0.23094995625 0.0583473234375
2 0.27009030625 0.12085889218750001 0.18436036875 0.10719204687499999 0.16525971666666667 0.1745881734375 0.25098965625 0.18825501875 0.27009030625 0.12085889218750001
2 0.32522979166666666 0.21452926562500002 0.20610305208333332 0.1955383890625 0.18239189791666668 0.27920254375 0.3015186375 0.29819342187500003 0.32522979166666666 0.21452926562500002
1 0.38547158958333333 0.18607846875 0.27529656875 0.1685146515625 0.25268315416666665 0.24830546718750002 0.362858175 0.265869284375 0.38547158958333333 0.18607846875
2 0.8589878624999999 0.4052812546875 0.7897841770833334 0.39424898124999996 0.7816609104166666 0.4229117015625 0.8508645979166667 0.43394397500000004 0.8589878624999999 0.4052812546875
1 0.9126515645833333 0.4038502796875 0.8544653812499999 0.39457438906250003 0.8455371083333334 0.4260775578125 0.9037232916666667 0.43535345000000003 0.9126515645833333 0.4038502796875