4 1 0.030898329687499997 0.9262769145833333 0.0260608796875 0.9253926645833332 0.033641153125 1 0.038536625000000005 1 0.030898329687499997
4 0.9576708458333333 0.09489432343750001 0.9654009083333333 0.028628059374999997 0.8812843208333334 0.0231086234375 0.8735542583333333 0.0893748875 0.9576708458333333 0.09489432343750001
4 0.9209879625 0.088298578125 0.8518689062499999 0.083763228125 0.84459523125 0.1461170953125 0.9137142874999999 0.1506524453125 0.9209879625 0.088298578125
4 0.8277137708333334 0.0725687859375 0.7517480166666667 0.067584178125 0.7443602458333333 0.13091614375 0.820326 0.13590075 0.8277137708333334 0.0725687859375
4 0.89875954375 0.14930157187499998 0.8240979208333333 0.1444025375 0.8179652145833334 0.196975403125 0.8926268375 0.20187443749999998 0.89875954375 0.14930157187499998
4 0.7802076499999999 0.136225084375 0.7198914916666667 0.13226734843750002 0.7128745333333334 0.1924204890625 0.7731906916666667 0.196378225 0.7802076499999999 0.136225084375
4 0.8520846125 0.20019978749999998 0.7973110208333334 0.1966057359375 0.7911497895833333 0.24942312656249999 0.84592338125 0.253017178125 0.8520846125 0.20019978749999998
4 0.796952325 0.19263985156250002 0.7369622 0.18870351093749999 0.7305157270833333 0.2439661515625 0.7905058520833333 0.24790249375 0.796952325 0.19263985156250002
4 0.81504990625 0.24027311562500003 0.7681011145833333 0.2371925 0.7622251250000001 0.28756464375 0.80917391875 0.2906452578125 0.81504990625 0.24027311562500003
4 0.7790946875 0.24715373281250003 0.7347541604166667 0.2442442625 0.72902079375 0.29339378125 0.77336131875 0.29630325156250004 0.7790946875 0.24715373281250003
3 0.7161088562500001 0.6322042890625 0.6799191625 0.6298296484375 0.67601134375 0.663329565625 0.7122010395833333 0.6657042078125001 0.7161088562500001 0.6322042890625
5 0.64970085625 0.2805507890625 0.4817937166666667 0.2695333109375 0.46057169791666663 0.4514598828125 0.6284788395833334 0.46247736250000004 0.64970085625 0.2805507890625
4 0.7606942041666667 0.518953815625 0.7326553416666666 0.517114003125 0.7290612895833333 0.5479241484374999 0.7571001520833334 0.5497639609375 0.7606942041666667 0.518953815625
4 0.7219617145833334 0.53415288125 0.6958790541666667 0.5324414281250001 0.6927984375 0.558850125 0.7188811 0.560561578125 0.7219617145833334 0.53415288125
4 0.6812796041666667 0.580146796875 0.6529147104166667 0.5782855921875 0.6506042479166666 0.5980921140625 0.6789691416666667 0.59995331875 0.6812796041666667 0.580146796875
4 0.60030408125 0.77441473125 0.5044502958333333 0.768125140625 0.49683433125 0.83341330625 0.5926881166666667 0.8397028953125 0.60030408125 0.77441473125
4 0.5141311645833333 0.7499110234375 0.44272987500000005 0.745225921875 0.4339729416666666 0.8202950859374999 0.50537423125 0.8249801874999999 0.5141311645833333 0.7499110234375
4 0.4738144 0.6998342296875 0.37926474791666664 0.6936302125 0.36816882916666666 0.7887504234375 0.46271848125 0.794954440625 0.4738144 0.6998342296875
4 0.48804044583333334 0.6187176171875 0.3696903645833334 0.6109519 0.35477219791666664 0.7388384546875 0.47312228125 0.746604171875 0.48804044583333334 0.6187176171875
4 0.6352888854166667 0.4646489890625 0.48303134166666667 0.4546583828125 0.46665844166666665 0.5950157109374999 0.6189159854166667 0.6050063171875 0.6352888854166667 0.4646489890625
4 0.6618968833333334 0.5759182109375 0.5220286020833333 0.5667405453125001 0.5142700166666666 0.6332513343749999 0.6541382958333333 0.6424290015625 0.6618968833333334 0.5759182109375
4 0.44754366875 0.5223064453124999 0.31941258749999996 0.5138989328125 0.30469409166666667 0.6400738140625 0.43282517291666667 0.6484813265625 0.44754366875 0.5223064453124999
4 0.4452780604166667 0.40795295 0.3057358166666667 0.3987966765625 0.28887800625 0.54331093125 0.42842025 0.5524672046875 0.4452780604166667 0.40795295