3 0.5494930647181628 0.2369084359375 0.372552363256785 0.24616877812500002 0.3867405908141962 0.3980275796875 0.5636812922755741 0.38876723750000003 0.5494930647181628 0.2369084359375
3 0.706157108559499 0.2659604625 0.5473203778705638 0.2742733171875 0.5605531691022965 0.4159059375 0.7193898997912317 0.4075930828125 0.706157108559499 0.2659604625
3 0 0.5130679984375 0.003499079331941545 0.5505191890625001 0.04414761795407098 0.5483918140624999 0.038725517745302716 0.4903582328125 0 0.492384965625 0 0.5130679984375
3 0.609049956158664 0.3747036703125 0.41434686847599167 0.3848936203125 0.4276274300626305 0.52703755 0.6223305198329854 0.5168475984375 0.609049956158664 0.3747036703125
5 0.6731518204592902 0.40500335156249995 0.5433497599164927 0.41179665312499997 0.5547672233820459 0.5339995265625 0.6845692839248434 0.527206225 0.6731518204592902 0.40500335156249995
5 0.5529173173277662 0.5013410015625 0.35684788935281836 0.5116024609375 0.3717288100208768 0.6708752453125 0.5677982359081419 0.6606137859375 0.5529173173277662 0.5013410015625
5 0.6404451858037578 0.5288732359375 0.5000540104384134 0.536220728125 0.5124746826722338 0.66916109375 0.6528658580375782 0.6618136015625 0.6404451858037578 0.5288732359375
3 0.38992497286012523 0.6176428406250001 0.2826674822546973 0.6232562515625 0.2910514342379958 0.7129909984375 0.3983089269311065 0.7073775875 0.38992497286012523 0.6176428406250001
4 0.7995088329853861 0.5229890984375001 0.6406721022964509 0.5313019546875 0.6523523110647182 0.6563170281249999 0.8111890396659708 0.6480041734374999 0.7995088329853861 0.5229890984375001
4 0.7827755615866389 0.6194333750000001 0.648874490605428 0.6264412 0.6570434697286012 0.71387505625 0.7909445407098121 0.7068672312500001 0.7827755615866389 0.6194333750000001
4 0.6707286283924844 0.6472627921874999 0.5498077620041754 0.6535912890625 0.5598398434237996 0.7609662 0.6807607077244259 0.754637703125 0.6707286283924844 0.6472627921874999
4 0.5807725093945719 0.6506862 0.42364370146137786 0.65890966875 0.4354433382045929 0.785203015625 0.5925721482254698 0.776979546875 0.5807725093945719 0.6506862
4 0.6177241085594989 0.746761425 0.502268592901879 0.7528038875 0.5100315114822547 0.835891615625 0.6254870292275575 0.8298491531250001 0.6177241085594989 0.746761425
4 0.5422337244258874 0.8058183234375 0.43224355949895615 0.8115747515624999 0.4416068350730689 0.911791334375 0.551597 0.90603490625 0.5422337244258874 0.8058183234375
3 0.49776054279749476 0.8845749953125001 0.4325179290187891 0.8879895234375 0.4368173924843424 0.9340073406249999 0.502060006263048 0.9305928140624999 0.49776054279749476 0.8845749953125001