4 0.72492785 0.283685065625 0.5708874458333334 0.283685065625 0.5708874458333334 0.38785173125 0.72492785 0.38785173125 0.72492785 0.283685065625
5 0.6850649354166667 0.37946428593750003 0.5277777770833334 0.37946428593750003 0.5277777770833334 0.4985119046875 0.6850649354166667 0.4985119046875 0.6850649354166667 0.37946428593750003
4 0.9085497833333334 0.36323051875 0.8115079375 0.36323051875 0.8115079375 0.4733495671875 0.9085497833333334 0.4733495671875 0.9085497833333334 0.36323051875
4 0.7729076479166667 0.4763257578125 0.6596320354166667 0.4763257578125 0.6596320354166667 0.5918560609375 0.7729076479166667 0.5918560609375 0.7729076479166667 0.4763257578125
3 0.3605699854166666 0.3789231609375 0.20003607499999998 0.3789231609375 0.20003607499999998 0.5047348484375 0.3605699854166666 0.5047348484375 0.3605699854166666 0.3789231609375
5 0.3573232333333333 0.5047348484375 0.1902958145833333 0.5047348484375 0.1902958145833333 0.6281114718749999 0.3573232333333333 0.6281114718749999 0.3573232333333333 0.5047348484375
4 0.47979797916666667 0.459009740625 0.33044733125000003 0.459009740625 0.33044733125000003 0.5583062765625 0.47979797916666667 0.5583062765625 0.47979797916666667 0.459009740625
4 0.4655483395833333 0.5518127703125 0.34289321874999995 0.5518127703125 0.34289321874999995 0.6383928578125 0.4655483395833333 0.6383928578125 0.4655483395833333 0.5518127703125
4 0.2734487729166667 0.640963203125 0.17388167291666665 0.640963203125 0.17388167291666665 0.7324134203125 0.2734487729166667 0.7324134203125 0.2734487729166667 0.640963203125
4 0.39736652291666663 0.6281114718749999 0.26821789375 0.6281114718749999 0.26821789375 0.7303841984375 0.39736652291666663 0.7303841984375 0.39736652291666663 0.6281114718749999
4 0.5021645020833333 0.671807359375 0.38347763333333335 0.671807359375 0.38347763333333335 0.772186146875 0.5021645020833333 0.772186146875 0.5021645020833333 0.671807359375
4 0.3351370854166667 0.709686146875 0.21969696875 0.709686146875 0.21969696875 0.8168290046875001 0.3351370854166667 0.8168290046875001 0.3351370854166667 0.709686146875
4 0.44841269791666666 0.721996753125 0.35858585833333334 0.721996753125 0.35858585833333334 0.8104707796874999 0.44841269791666666 0.8104707796874999 0.44841269791666666 0.721996753125
4 0.5441919187500001 0.6950757578125 0.4767316020833333 0.6950757578125 0.4767316020833333 0.7849025968750001 0.5441919187500001 0.7849025968750001 0.5441919187500001 0.6950757578125
4 0.6116522375 0.733766234375 0.550685425 0.733766234375 0.550685425 0.811958875 0.6116522375 0.811958875 0.6116522375 0.733766234375
4 0.7032828291666667 0.721996753125 0.5997474749999999 0.721996753125 0.5997474749999999 0.822375540625 0.7032828291666667 0.822375540625 0.7032828291666667 0.721996753125
4 0.7229437229166666 0.6984577921875 0.674603175 0.6984577921875 0.674603175 0.73823051875 0.7229437229166666 0.73823051875 0.7229437229166666 0.6984577921875
4 0.08748196250000001 0.058170995312499994 0.042027416666666664 0.058170995312499994 0.042027416666666664 0.0957792203125 0.08748196250000001 0.0957792203125 0.08748196250000001 0.058170995312499994
4 0.08405483333333333 0.07183441562500001 0.040043289583333336 0.07183441562500001 0.040043289583333336 0.1107954546875 0.08405483333333333 0.1107954546875 0.08405483333333333 0.07183441562500001
4 0.06727994166666668 0.1041666671875 0.033008658333333336 0.1041666671875 0.033008658333333336 0.133658009375 0.06727994166666668 0.133658009375 0.06727994166666668 0.1041666671875