3 0.31283536250000005 0.302197459375 0.44037341875 0.29045268125 0.42512823541666667 0.1973311453125 0.29759018125000003 0.2090759234375 0.31283536250000005 0.302197459375
4 0.46038087083333334 0.3498661375 0.6040487375 0.336635990625 0.5863624833333334 0.22860375624999998 0.44269461666666665 0.2418339046875 0.46038087083333334 0.3498661375
5 0.5357311104166667 0.383336165625 0.65239091875 0.372593146875 0.6387577645833333 0.28931830000000003 0.52209795625 0.30006131875 0.5357311104166667 0.383336165625
3 0.6419984041666668 0.4161009046875 0.75453198125 0.405737865625 0.7443071166666667 0.34328172968750004 0.6317735375000001 0.35364477031249997 0.6419984041666668 0.4161009046875
5 0.64088780625 0.3628005875 0.7526711583333333 0.3525066359375 0.7399591645833333 0.2748584671875 0.6281758104166666 0.2851524203125 0.64088780625 0.3628005875
5 0.4788947645833333 0.39899363593750004 0.57417319375 0.3902195953125 0.5639022708333333 0.3274821265625 0.4686238416666667 0.336256165625 0.4788947645833333 0.39899363593750004
5 0.37976905625 0.43310980781249997 0.48967685 0.42298857187500005 0.47576734791666664 0.338025721875 0.36585955416666666 0.3481469578125 0.37976905625 0.43310980781249997
4 0.30220779583333335 0.3942746703125 0.40236268124999996 0.385051565625 0.39448677083333333 0.3369434609375 0.29433188541666666 0.3461665671875 0.30220779583333335 0.3942746703125
4 0.26686653541666666 0.45750001406249996 0.33738757708333333 0.45100584218749995 0.3276232895833333 0.391363046875 0.25710225000000003 0.39785721875 0.26686653541666666 0.45750001406249996
4 0.3198579645833333 0.49859774999999995 0.4331417666666667 0.4881656234375 0.42107458333333336 0.41445612968749995 0.30779078125 0.42488825625000004 0.3198579645833333 0.49859774999999995
4 0.4547213958333333 0.4583347921875 0.5436229208333334 0.450147990625 0.5332138229166666 0.38656651875 0.44431229791666665 0.3947533203125 0.4547213958333333 0.4583347921875
4 0.2789638770833333 0.512787121875 0.35286092708333333 0.5059820578124999 0.3441099166666667 0.452528609375 0.2702128645833334 0.45933367187499996 0.2789638770833333 0.512787121875
4 0.4162351354166667 0.49886093750000005 0.49388330416666665 0.491710440625 0.4866061479166667 0.447259678125 0.40895797916666665 0.454410175 0.4162351354166667 0.49886093750000005
4 0.3807625895833333 0.5508181453125001 0.4535343041666666 0.5441167124999999 0.4428488583333333 0.47884723906250004 0.37007714583333334 0.485548671875 0.3807625895833333 0.5508181453125001
4 0.41277458333333333 0.5765705343749999 0.52943439375 0.5658275171875 0.5161236458333334 0.48452200625 0.39946383541666663 0.49526502499999997 0.41277458333333333 0.5765705343749999
4 0.40485898958333333 0.6468370671875 0.49563607291666667 0.6384775484375 0.4834307145833333 0.5639240515624999 0.39265363125 0.5722835703125 0.40485898958333333 0.6468370671875
4 0.54193515625 0.44216451718750005 0.6338375770833333 0.43370136875 0.6238890604166667 0.3729332359375 0.5319866395833334 0.381396384375 0.54193515625 0.44216451718750005
4 0.7786402729166666 0.4332176078125 0.9065534395833333 0.4214382859375 0.8930124020833333 0.33872610625 0.7650992354166667 0.350505428125 0.7786402729166666 0.4332176078125
4 0.65401620625 0.49067167187500005 0.7597977687499999 0.4809304140625 0.7483293395833334 0.4108782625 0.642547775 0.42061952031249994 0.65401620625 0.49067167187500005
4 0.6588420791666666 0.531778478125 0.7608725229166667 0.5223826546875 0.7511082375 0.46273985937499995 0.64907779375 0.47213568125 0.6588420791666666 0.531778478125
4 0.5910080583333334 0.5814326578125 0.6791593604166667 0.57331494375 0.6687963208333334 0.5100148078125 0.5806450208333334 0.5181325218749999 0.5910080583333334 0.5814326578125
4 0.68004631875 0.6229233765625 0.7325619875 0.618087290625 0.7259757020833334 0.5778565375 0.67346003125 0.5826926218749999 0.68004631875 0.6229233765625
4 0.6763123 0.601277934375 0.7723409541666667 0.59243480625 0.7613791604166666 0.525477328125 0.66535050625 0.53432045625 0.6763123 0.601277934375
4 0.7308129854166666 0.566702003125 0.8257163020833332 0.5579625078125 0.8148926833333333 0.49184902968750005 0.7199893666666667 0.5005885265625001 0.7308129854166666 0.566702003125
4 0.8547841520833334 0.5564279953125 0.9290563145833333 0.5495883890625 0.9235754187499999 0.5161096515625 0.84930325625 0.5229492578125 0.8547841520833334 0.5564279953125
4 0.8421856229166667 0.5364555984375 0.9569698708333333 0.5258852984375 0.9445802812499999 0.4502064671875 0.8297960333333333 0.46077676875 0.8421856229166667 0.5364555984375
4 0.8960692895833334 0.4481055359375 0.9339555958333333 0.444616646875 0.9283365250000001 0.4102939046875 0.8904502187500001 0.41378279375 0.8960692895833334 0.4481055359375
5 0.9599772104166667 0.41866039062500005 0.9899861645833333 0.41589691249999994 0.98399863125 0.37932350000000004 0.9539896770833334 0.382086978125 0.9599772104166667 0.41866039062500005
4 0.9097732854166666 0.2492254171875 0.9491600375 0.24559835312499997 0.94455424375 0.2174649578125 0.9051674895833333 0.22109202187500002 0.9097732854166666 0.2492254171875
4 0.9320654083333333 0.1597865140625 0.9478201104166666 0.1583356890625 0.942984025 0.128795625 0.9272293229166666 0.13024644999999999 0.9320654083333333 0.1597865140625
4 0.9543026291666667 0.2584040328125 0.9640555375000001 0.257505903125 0.9594957999999999 0.22965384218749998 0.9497428916666667 0.23055197187499998 0.9543026291666667 0.2584040328125
4 0.5379372 0.2212117890625 0.5596936916666666 0.21920826875000002 0.5545812604166667 0.1879802 0.53282476875 0.1899837203125 0.5379372 0.2212117890625
5 0.50875825 0.19648359843750002 0.5488952270833334 0.1927874484375 0.5455329958333334 0.17225006874999998 0.5053960187500001 0.1759462203125 0.50875825 0.19648359843750002