4 0.5468996617954072 0.978661628125 0.5473846534446765 0.9994571296875 0.5988799290187892 0.9987843937499999 0.5983949352818372 0.9779888937500001 0.5468996617954072 0.978661628125
4 0.6001664530271399 0.9744987765625 0.6007322776617954 0.9987601953125 0.661859764091858 0.9979616234375 0.6612939373695198 0.97370020625 0.6001664530271399 0.9744987765625
3 0.5687037849686848 0.443769565625 0.5168380396659707 0.444447140625 0.517788624217119 0.48520632187499996 0.5696543716075156 0.48452874687499997 0.5687037849686848 0.443769565625
3 0.5885585365344468 0.4529403484375 0.5422498350730689 0.45354532656249996 0.5431810208768267 0.49347268906249997 0.5894897223382045 0.49286771093750004 0.5885585365344468 0.4529403484375
4 0.5347106910229645 0.42424388906250005 0.48432682463465554 0.4249021046875 0.48522567640918585 0.4634431 0.5356095448851774 0.46278488281249996 0.5347106910229645 0.42424388906250005
4 0.5478244050104384 0.4701139703125 0.513000260960334 0.4705689140625 0.5136469164926931 0.49829624843750003 0.5484710626304802 0.4978413046875 0.5478244050104384 0.4701139703125
3 0.5309697202505219 0.565745253125 0.49762745511482254 0.5661808374999999 0.49820944676409185 0.5911354390625 0.5315517098121085 0.5906998546875 0.5309697202505219 0.565745253125
4 0.5155744718162839 0.549166228125 0.48408455741127354 0.5495776125 0.48462128392484344 0.5725913 0.5161111983298539 0.572179915625 0.5155744718162839 0.549166228125
4 0.5414300730688936 0.6249631734375 0.5006784154488518 0.625495553125 0.501370338204593 0.655163803125 0.5421219958246347 0.654631421875 0.5414300730688936 0.6249631734375
4 0.4965122004175365 0.65342444375 0.4635404050104384 0.6538551874999999 0.46409006263048014 0.6774234234375001 0.4970618580375783 0.676992678125 0.4965122004175365 0.65342444375
5 0.4701400229645094 0.6587614109375 0.43198165135699373 0.6592599124999999 0.4326347745302714 0.687264521875 0.47079314613778706 0.6867660203125 0.4701400229645094 0.6587614109375
3 0.2828571294363257 0.859380246875 0.2424759415448852 0.8599077890625001 0.2431613987473904 0.8892987625 0.2835425845511482 0.888771221875 0.2828571294363257 0.859380246875
3 0.3744112025052192 0.83641159375 0.33551189144050103 0.8369197749999999 0.3362426137787057 0.8682516625 0.3751419248434238 0.86774348125 0.3744112025052192 0.83641159375
5 0.3036127056367432 0.8356723593750001 0.26693621503131526 0.8361515015625001 0.2675958037578288 0.864433384375 0.3042722943632568 0.8639542421874999 0.3036127056367432 0.8356723593750001
3 0.3597366534446764 0.7712855328125 0.3238011002087683 0.771754996875 0.32448655741127347 0.801145971875 0.3604221106471816 0.8006765093749999 0.3597366534446764 0.7712855328125
4 0.3830124133611691 0.8159134265624999 0.34670639039665974 0.8163877296875001 0.34737891440501045 0.8452241578124999 0.38368493736951986 0.8447498546875 0.3830124133611691 0.8159134265624999
4 0.38581085177453023 0.7849514703125 0.3558028141962422 0.7853434953125 0.35637833820459286 0.8100208249999999 0.3863863778705636 0.8096287984374999 0.38581085177453023 0.7849514703125
4 0.3710623590814196 0.740489534375 0.3340153966597077 0.7409735171875 0.33468792066805847 0.7698099453125 0.3717348830897704 0.7693259625 0.3710623590814196 0.740489534375
4 0.33854280167014617 0.7364766453125 0.304089127348643 0.7369267484375001 0.3047163862212944 0.7638222640625 0.33917006054279747 0.7633721609374999 0.33854280167014617 0.7364766453125
5 0.33435896659707726 0.8033745390625 0.30286905010438414 0.803785925 0.3034445741127349 0.828463253125 0.33493449060542796 0.8280518671875001 0.33435896659707726 0.8033745390625
4 0.3150973611691023 0.7799120796875 0.2802732171189979 0.780367021875 0.28091340709812107 0.807817084375 0.3157375511482255 0.807362140625 0.3150973611691023 0.7799120796875
4 0.32740598538622134 0.791261628125 0.3074006263048017 0.7915229796875 0.3077368872651357 0.8059411937500001 0.32774224634655535 0.8056798437499999 0.32740598538622134 0.791261628125
4 0.2890627995824635 0.8156153187499999 0.26424133611691025 0.8159395875 0.26475219624217117 0.83784418125 0.2895736597077244 0.8375199125 0.2890627995824635 0.8156153187499999
4 0.3076809832985386 0.8114890812500001 0.2802662338204593 0.811847228125 0.28083529227557413 0.8362472828125 0.30825004175365345 0.8358891343750001 0.3076809832985386 0.8114890812500001
3 0.08607352192066806 0.8830302281250001 0.06347487473903966 0.8833254578125 0.06387580167014614 0.9005164062500001 0.08647444885177454 0.9002211765625001 0.08607352192066806 0.8830302281250001
3 0.08773280793319416 0.8667831187499999 0.06809792066805846 0.8670396296874999 0.06848591440501044 0.8836760296874999 0.08812080167014615 0.88341951875 0.08773280793319416 0.8667831187499999
4 0.09761585803757829 0.8615228859374999 0.07686955949895616 0.8617939171875 0.07725755323590815 0.8784303187500001 0.09800385177453028 0.8781592874999999 0.09761585803757829 0.8615228859374999
4 0.03529894363256785 0.8351559296875 0.015293582463465552 0.8354172796875 0.01565571189979123 0.8509445875000001 0.03566107098121085 0.8506832359375001 0.03529894363256785 0.8351559296875
4 0.06597678914405011 0.8317042171875 0.04448955114822547 0.8319849265625001 0.04485814405010439 0.8477895078125 0.06634538413361168 0.8475087984374999 0.06597678914405011 0.8317042171875