4 0.61955128125 0.368990384375 0.45192307708333335 0.368990384375 0.45192307708333335 0.5079326921875 0.61955128125 0.5079326921875 0.61955128125 0.368990384375
4 0.48221153749999995 0.4222355765625 0.28830128125 0.4222355765625 0.28830128125 0.5703125 0.48221153749999995 0.5703125 0.48221153749999995 0.4222355765625
4 0.47532051249999996 0.550240384375 0.34423076875 0.550240384375 0.34423076875 0.6314903843749999 0.47532051249999996 0.6314903843749999 0.47532051249999996 0.550240384375
4 0.6387820520833334 0.58701923125 0.5003205125 0.58701923125 0.5003205125 0.7084134609375 0.6387820520833334 0.7084134609375 0.6387820520833334 0.58701923125
4 0.4546474354166667 0.6306490390625 0.3225961541666667 0.6306490390625 0.3225961541666667 0.739783653125 0.4546474354166667 0.739783653125 0.4546474354166667 0.6306490390625
4 0.46394230833333333 0.7100961531250001 0.36330128125 0.7100961531250001 0.36330128125 0.8014423078125 0.46394230833333333 0.8014423078125 0.46394230833333333 0.7100961531250001
4 0.6447115375 0.7061298078125 0.5171474354166666 0.7061298078125 0.5171474354166666 0.81358173125 0.6447115375 0.81358173125 0.6447115375 0.7061298078125
4 0.7983974354166666 0.718028846875 0.6727564104166667 0.718028846875 0.6727564104166667 0.818028846875 0.7983974354166666 0.818028846875 0.7983974354166666 0.718028846875
4 0.5472756416666668 0.8204326921874999 0.5216346145833334 0.8204326921874999 0.5216346145833334 0.840865384375 0.5472756416666668 0.840865384375 0.5472756416666668 0.8204326921874999
5 0.6546474354166667 0.8340144234375 0.57580128125 0.8340144234375 0.57580128125 0.900841346875 0.6546474354166667 0.900841346875 0.6546474354166667 0.8340144234375
4 0.6288461541666667 0.8871394234375 0.59391025625 0.8871394234375 0.59391025625 0.9126201921874999 0.6288461541666667 0.9126201921874999 0.6288461541666667 0.8871394234375
4 0.64951923125 0.9140625 0.6142628208333334 0.9140625 0.6142628208333334 0.9390625 0.64951923125 0.9390625 0.64951923125 0.9140625
4 0.61826923125 0.8978365390624999 0.5330128208333333 0.8978365390624999 0.5330128208333333 0.975240384375 0.61826923125 0.975240384375 0.61826923125 0.8978365390624999
5 0 0.9471153843750001 0.0375 0.9471153843750001 0.0375 0.8533653843750001 0 0.8533653843750001 0 0.9471153843750001
4 0.08766025625 0.8375 0.00080128125 0.8375 0.00080128125 0.9216346156249999 0.08766025625 0.9216346156249999 0.08766025625 0.8375
4 0.12371794791666665 0.8734375 0.05673076875 0.8734375 0.05673076875 0.9390625 0.12371794791666665 0.9390625 0.12371794791666665 0.8734375
4 0.06474358958333333 0.9081730765625 0.0016025645833333334 0.9081730765625 0.0016025645833333334 0.9576923078125 0.06474358958333333 0.9576923078125 0.06474358958333333 0.9081730765625
4 0.12852564166666666 0.955408653125 0.0378205125 0.955408653125 0.0378205125 0.9996394234375 0.12852564166666666 0.9996394234375 0.12852564166666666 0.955408653125
5 0.14791666666666667 0.7328125 0.03381410208333333 0.7328125 0.03381410208333333 0.8155048078125 0.14791666666666667 0.8155048078125 0.14791666666666667 0.7328125
4 0.10961538541666667 0.796875 0.0259615375 0.796875 0.0259615375 0.8394230765625 0.10961538541666667 0.8394230765625 0.10961538541666667 0.796875
3 0.11891025625 0.6542067312500001 0.007371795833333333 0.6542067312500001 0.007371795833333333 0.7443509609375 0.11891025625 0.7443509609375 0.11891025625 0.6542067312500001