4 0.19214743541666665 0.00012019218750000001 0.11682692291666667 0.00012019218750000001 0.11682692291666667 0.030168268749999998 0.19214743541666665 0.030168268749999998 0.19214743541666665 0.00012019218750000001
4 0.20448717916666667 0.0390625 0.12820512916666668 0.0390625 0.12820512916666668 0.1006009609375 0.20448717916666667 0.1006009609375 0.20448717916666667 0.0390625
4 0.21057692291666666 0.09026442343749999 0.14391025624999998 0.09026442343749999 0.14391025624999998 0.12439903906250001 0.21057692291666666 0.12439903906250001 0.21057692291666666 0.09026442343749999
4 0.22740384583333334 0.1125 0.16586538541666668 0.1125 0.16586538541666668 0.162259615625 0.22740384583333334 0.162259615625 0.22740384583333334 0.1125
4 0.19182692291666664 0.1530048078125 0.14054487083333334 0.1530048078125 0.14054487083333334 0.1953125 0.19182692291666664 0.1953125 0.19182692291666664 0.1530048078125
4 0.17868589791666667 0.1637019234375 0.130608975 0.1637019234375 0.130608975 0.19879807656249998 0.17868589791666667 0.19879807656249998 0.17868589791666667 0.1637019234375
4 0.15608974375 0.18016826875 0.1121794875 0.18016826875 0.1121794875 0.2157451921875 0.15608974375 0.2157451921875 0.15608974375 0.18016826875
4 0.46794871875 0.00012019218750000001 0.41153846250000004 0.00012019218750000001 0.41153846250000004 0.0373798078125 0.46794871875 0.0373798078125 0.46794871875 0.00012019218750000001
4 0.394391025 0.043028846875 0.3341346145833333 0.043028846875 0.3341346145833333 0.0959134609375 0.394391025 0.0959134609375 0.394391025 0.043028846875
4 0.42612179583333337 0.093509615625 0.369391025 0.093509615625 0.369391025 0.14158653906250002 0.42612179583333337 0.14158653906250002 0.42612179583333337 0.093509615625
4 0.38173076875 0.0947115390625 0.3471153854166667 0.0947115390625 0.3471153854166667 0.1266826921875 0.38173076875 0.1266826921875 0.38173076875 0.0947115390625
4 0.41121794791666666 0.12139423125 0.3663461541666667 0.12139423125 0.3663461541666667 0.1540865390625 0.41121794791666666 0.1540865390625 0.41121794791666666 0.12139423125
4 0.47980769166666665 0.096153846875 0.4166666666666667 0.096153846875 0.4166666666666667 0.14423076875000002 0.47980769166666665 0.14423076875000002 0.47980769166666665 0.096153846875
4 0.38766025625 0.1344951921875 0.35721153749999995 0.1344951921875 0.35721153749999995 0.16262019218749998 0.38766025625 0.16262019218749998 0.38766025625 0.1344951921875
4 0.45064102500000003 0.1503605765625 0.39807692291666663 0.1503605765625 0.39807692291666663 0.19387019218749998 0.45064102500000003 0.19387019218749998 0.45064102500000003 0.1503605765625
4 0.4108974354166667 0.159615384375 0.3717948708333333 0.159615384375 0.3717948708333333 0.1983173078125 0.4108974354166667 0.1983173078125 0.4108974354166667 0.159615384375
4 0.38605769166666665 0.174278846875 0.33926282083333337 0.174278846875 0.33926282083333337 0.2165865390625 0.38605769166666665 0.2165865390625 0.38605769166666665 0.174278846875
5 0.6940705125 0.2953125 0.5578525645833333 0.2953125 0.5578525645833333 0.4003605765625 0.6940705125 0.4003605765625 0.6940705125 0.2953125
3 0.6474358979166667 0.412740384375 0.5426282041666667 0.412740384375 0.5426282041666667 0.494471153125 0.6474358979166667 0.494471153125 0.6474358979166667 0.412740384375
5 0.4828525645833333 0.4453125 0.37676282083333335 0.4453125 0.37676282083333335 0.51983173125 0.4828525645833333 0.51983173125 0.4828525645833333 0.4453125
4 0.5479166666666667 0.48677884687499995 0.4607371791666666 0.48677884687499995 0.4607371791666666 0.5254807687499999 0.5479166666666667 0.5254807687499999 0.5479166666666667 0.48677884687499995
4 0.45112179583333334 0.5168269234375 0.3552884625 0.5168269234375 0.3552884625 0.590865384375 0.45112179583333334 0.590865384375 0.45112179583333334 0.5168269234375
4 0.56826923125 0.5097355765625 0.4759615375 0.5097355765625 0.4759615375 0.5787259609375 0.56826923125 0.5787259609375 0.56826923125 0.5097355765625
4 0.5467948708333333 0.51983173125 0.4387820520833333 0.51983173125 0.4387820520833333 0.600841346875 0.5467948708333333 0.600841346875 0.5467948708333333 0.51983173125
4 0.6777243583333333 0.508052884375 0.5918269229166667 0.508052884375 0.5918269229166667 0.573197115625 0.6777243583333333 0.573197115625 0.6777243583333333 0.508052884375
4 0.593108975 0.559375 0.5386217958333333 0.559375 0.5386217958333333 0.6048076921875001 0.593108975 0.6048076921875001 0.593108975 0.559375
4 0.48830128125 0.57548076875 0.41618589791666666 0.57548076875 0.41618589791666666 0.6298076921875 0.48830128125 0.6298076921875 0.48830128125 0.57548076875
4 0.5173076916666667 0.5953125 0.4759615375 0.5953125 0.4759615375 0.6311298078124999 0.5173076916666667 0.6311298078124999 0.5173076916666667 0.5953125
4 0.5793269229166668 0.5826923078124999 0.50048076875 0.5826923078124999 0.50048076875 0.646875 0.5793269229166668 0.646875 0.5793269229166668 0.5826923078124999
4 0.6822115375000001 0.5728365390625 0.6046474354166667 0.5728365390625 0.6046474354166667 0.63125 0.6822115375000001 0.63125 0.6822115375000001 0.5728365390625
4 0.6298076916666666 0.6087740390625 0.5576923083333334 0.6087740390625 0.5576923083333334 0.6693509609375 0.6298076916666666 0.6693509609375 0.6298076916666666 0.6087740390625
4 0.4897435895833333 0.6240384609375 0.3891025645833333 0.6240384609375 0.3891025645833333 0.6923076921875 0.4897435895833333 0.6923076921875 0.4897435895833333 0.6240384609375
4 0.3660256416666667 0.6263221156250001 0.25192307708333334 0.6263221156250001 0.25192307708333334 0.704927884375 0.3660256416666667 0.704927884375 0.3660256416666667 0.6263221156250001
4 0.32948717916666664 0.685096153125 0.23621794791666667 0.685096153125 0.23621794791666667 0.7435096156250001 0.32948717916666664 0.7435096156250001 0.32948717916666664 0.685096153125
4 0.17836538541666666 0.7191105765625 0.14022435833333333 0.7191105765625 0.14022435833333333 0.7493990390625 0.17836538541666666 0.7493990390625 0.17836538541666666 0.7191105765625
4 0.14423076875 0.72139423125 0.10641025625 0.72139423125 0.10641025625 0.7540865390625 0.14423076875 0.7540865390625 0.14423076875 0.72139423125
3 0.11522435833333335 0.7061298078125 0.06682692291666667 0.7061298078125 0.06682692291666667 0.7390625 0.11522435833333335 0.7390625 0.11522435833333335 0.7061298078125
4 0.45064102500000003 0.7090144234375 0.3586538458333333 0.7090144234375 0.3586538458333333 0.7816105765625 0.45064102500000003 0.7816105765625 0.45064102500000003 0.7090144234375
4 0.3578525645833333 0.7423076921875 0.280608975 0.7423076921875 0.280608975 0.8112980765625 0.3578525645833333 0.8112980765625 0.3578525645833333 0.7423076921875
3 0.5344551291666666 0.80829326875 0.4540064104166667 0.80829326875 0.4540064104166667 0.8743990390624999 0.5344551291666666 0.8743990390624999 0.5344551291666666 0.80829326875
3 0.6293269229166667 0.90516826875 0.5674679479166667 0.90516826875 0.5674679479166667 0.958533653125 0.6293269229166667 0.958533653125 0.6293269229166667 0.90516826875
5 0.56169871875 0.9048076921874999 0.5049679479166667 0.9048076921874999 0.5049679479166667 0.9564903843750001 0.56169871875 0.9564903843750001 0.56169871875 0.9048076921874999
5 0.18301282083333334 0.421875 0.1384615375 0.421875 0.1384615375 0.456490384375 0.18301282083333334 0.456490384375 0.18301282083333334 0.421875
4 0.11858974375 0.43858173125000005 0.06923076875 0.43858173125000005 0.06923076875 0.47367788437499997 0.11858974375 0.47367788437499997 0.11858974375 0.43858173125000005
4 0.2613782041666667 0.4936298078125 0.22612179583333333 0.4936298078125 0.22612179583333333 0.5203125 0.2613782041666667 0.5203125 0.2613782041666667 0.4936298078125
4 0.2246794875 0.46947115312500004 0.1875 0.46947115312500004 0.1875 0.496634615625 0.2246794875 0.496634615625 0.2246794875 0.46947115312500004
4 0.16618589791666669 0.5242788468749999 0.12387820416666666 0.5242788468749999 0.12387820416666666 0.5538461531250001 0.16618589791666669 0.5538461531250001 0.16618589791666669 0.5242788468749999
4 0.19551282083333332 0.557572115625 0.15256410208333332 0.557572115625 0.15256410208333332 0.586177884375 0.19551282083333332 0.586177884375 0.19551282083333332 0.557572115625
4 0.094391025 0.518509615625 0.05016025625 0.518509615625 0.05016025625 0.5456730765625 0.094391025 0.5456730765625 0.094391025 0.518509615625
5 0.09951923124999999 0.490625 0.05240384583333334 0.490625 0.05240384583333334 0.51826923125 0.09951923124999999 0.51826923125 0.09951923124999999 0.490625
4 0.07211538541666668 0.55360576875 0.030769231249999997 0.55360576875 0.030769231249999997 0.5802884609375 0.07211538541666668 0.5802884609375 0.07211538541666668 0.55360576875
5 0.12243589791666666 0.4665865390625 0.07884615416666667 0.4665865390625 0.07884615416666667 0.49423076874999994 0.12243589791666666 0.49423076874999994 0.12243589791666666 0.4665865390625
4 0.0322115375 0.49146634687499996 0.00048076875 0.49146634687499996 0.00048076875 0.5219951921875 0.0322115375 0.5219951921875 0.0322115375 0.49146634687499996
4 0.20576923125000002 0.5295673078124999 0.17019230833333332 0.5295673078124999 0.17019230833333332 0.5543269234375 0.20576923125000002 0.5543269234375 0.20576923125000002 0.5295673078124999
4 0.08477564166666667 0.4646634609375 0.0447115375 0.4646634609375 0.0447115375 0.4949519234375 0.08477564166666667 0.4949519234375 0.08477564166666667 0.4646634609375
4 0.10272435833333333 0.570552884375 0.06169871875 0.570552884375 0.06169871875 0.5878605765625 0.10272435833333333 0.5878605765625 0.10272435833333333 0.570552884375
4 0.10448717916666667 0.5390625 0.060897435416666666 0.5390625 0.060897435416666666 0.56670673125 0.10448717916666667 0.56670673125 0.10448717916666667 0.5390625
4 0.7637820520833334 0.6203125 0.7339743583333332 0.6203125 0.7339743583333332 0.6438701921875001 0.7637820520833334 0.6438701921875001 0.7637820520833334 0.6203125
4 0.20897435833333333 0.5003605765625 0.17211538541666668 0.5003605765625 0.17211538541666668 0.5265625 0.20897435833333333 0.5265625 0.20897435833333333 0.5003605765625
5 0.18589743541666665 0.4746394234375 0.14839743541666667 0.4746394234375 0.14839743541666667 0.5063701921875 0.18589743541666665 0.5063701921875 0.18589743541666665 0.4746394234375
4 0.15560897499999998 0.47584134687499996 0.12067307708333333 0.47584134687499996 0.12067307708333333 0.50420673125 0.15560897499999998 0.50420673125 0.15560897499999998 0.47584134687499996
4 0.15080128125 0.5645432687499999 0.10977564166666666 0.5645432687499999 0.10977564166666666 0.5840144234375 0.15080128125 0.5840144234375 0.15080128125 0.5645432687499999