4 0.9798105458333333 0.625116540625 0.9031841104166667 0.6160142140625 0.8767350500000001 0.741258803125 0.9533614875 0.7503611296875 0.9798105458333333 0.625116540625
4 1 0.4583643390625 0.8952259083333334 0.44591839999999994 0.8729618291666666 0.55134580625 0.9923933791666666 0.5655328796875 1 0.529513140625 1 0.4583643390625
4 0.8097521645833333 0.745490603125 0.9140345791666667 0.7578781359375 0.9298816958333334 0.682837075 0.8255992791666666 0.6704495406250001 0.8097521645833333 0.745490603125
4 1 0.25115839375000004 0.93456578125 0.24338557187499998 0.9149242854166667 0.3363942125 1 0.3465002140625 1 0.25115839375000004
4 0.7289933145833333 0.164252759375 0.8174219833333333 0.174757053125 0.8353894875000001 0.0896752859375 0.7469608187500001 0.0791709921875 0.7289933145833333 0.164252759375
4 0.5592871645833333 0.197452565625 0.6931632375 0.21335548124999998 0.7229044791666667 0.072521375 0.58902840625 0.056618459375 0.5592871645833333 0.197452565625
5 0.47778249791666666 0.6996913296875 0.7409546729166667 0.7309531140625001 0.7841994416666667 0.52617556875 0.5210272666666667 0.4949137859375 0.47778249791666666 0.6996913296875
4 0.46033451458333335 0.5659819953125 0.5885736979166667 0.5812153140625 0.6096659854166667 0.48133671875 0.4814268020833333 0.4661034 0.46033451458333335 0.5659819953125
5 0.2666053291666667 0.5111434796875 0.50899148125 0.539936125 0.54855346875 0.3525977 0.30616731875000003 0.3238050546875 0.2666053291666667 0.5111434796875
4 0.2852469729166666 0.6195340078125 0.4613997 0.6404588953125 0.48823935625000003 0.5133647031249999 0.3120866291666667 0.49243981562499994 0.2852469729166666 0.6195340078125
4 0.3885694291666667 0.785248253125 0.5199793625 0.80085821875 0.5429130416666667 0.6922600625 0.4115031083333333 0.6766500953125 0.3885694291666667 0.785248253125
5 0.06927382083333335 0.5221016953125 0.26938331875 0.54587236875 0.30029635416666667 0.3994894515625 0.10018685625 0.375718778125 0.06927382083333335 0.5221016953125
4 0.10697359791666666 0.3033934546875 0.2873539895833333 0.324820540625 0.31776482708333337 0.1808156859375 0.13738443541666667 0.1593886 0.10697359791666666 0.3033934546875
4 0.23893893333333333 0 0.22496124791666666 0.06618873125 0.3937155604166667 0.086234775 0.4119265541666667 0 0.23893893333333333 0
4 0.41368544583333333 0.176364775 0.5450953791666666 0.1919747421875 0.5677500583333334 0.08469773124999999 0.436340125 0.0690877640625 0.41368544583333333 0.176364775