4 0.41481733611691024 0.9967628421875 0.42748252400835074 0.8612053578125 0.020348079331941545 0.83989763125 0.007682889352818372 0.9754551156250001 0.41481733611691024 0.9967628421875
4 0 0.946964859375 0.11207802087682672 0.9528305578125 0.12149572442588727 0.852031403125 0 0.8456728218749999 0 0.946964859375
4 0.037740260960334025 0.7807021015625 0.15693932150313153 0.7869404859375 0.16538278079331942 0.6965688296875 0.04618372025052192 0.6903304453125 0.037740260960334025 0.7807021015625
3 0.7188309498956158 1 0.7339847473903967 0.837806553125 0.4294079311064718 0.821866265625 0.41307579123173277 0.9966716968749999 0.47667088517745304 1 0.7188309498956158 1
3 0.5631582546972861 0.9450027640625001 0.9238515073068894 0.9638799515625 0.9488300772442588 0.6965304671875 0.5881368225469729 0.6776532796875 0.5631582546972861 0.9450027640625001
4 0.3378139331941545 0.85316518125 0.6276843716075157 0.8683357968750001 0.6489012693110647 0.6412480453125 0.35903083298538624 0.6260774296875 0.3378139331941545 0.85316518125
5 0.5645843068893528 0.5863347609375 0.8389743465553237 0.6006951953125 0.8577285699373696 0.3999658453125 0.5833385302713987 0.385605409375 0.5645843068893528 0.5863347609375
4 0.402111139874739 0.412649890625 0.5658163402922756 0.421217540625 0.577967344467641 0.2911634578125 0.41426214405010436 0.28259580781250004 0.402111139874739 0.412649890625
4 0.5079040501043841 0.3771459109375 0.715728382045929 0.3880225734375 0.7306397494780794 0.2284239125 0.5228154175365345 0.2175472484375 0.5079040501043841 0.3771459109375
4 0.5272174801670146 0.25576215 0.6858915511482255 0.264066490625 0.6949033215031316 0.16761212812499998 0.5362292505219207 0.1593077859375 0.5272174801670146 0.25576215
4 0.13630504801670149 0.8766741250000001 0.2500859686847599 0.8826289453125 0.2559043778705637 0.82035360625 0.14212345720250522 0.8143987859375 0.13630504801670149 0.8766741250000001