4 0.6966346145833333 0.41875 0.5921474354166667 0.41875 0.5921474354166667 0.49110576874999995 0.6966346145833333 0.49110576874999995 0.6966346145833333 0.41875
4 0.58125 0.3956730765625 0.47067307708333334 0.3956730765625 0.47067307708333334 0.4798076921875 0.58125 0.4798076921875 0.58125 0.3956730765625
4 0.5538461541666667 0.49014423125000006 0.45608974375 0.49014423125000006 0.45608974375 0.560096153125 0.5538461541666667 0.560096153125 0.5538461541666667 0.49014423125000006
4 0.6235576916666666 0.5587740390625 0.5575320520833333 0.5587740390625 0.5575320520833333 0.6099759609375 0.6235576916666666 0.6099759609375 0.6235576916666666 0.5587740390625
4 0.5349358979166666 0.566947115625 0.45 0.566947115625 0.45 0.630408653125 0.5349358979166666 0.630408653125 0.5349358979166666 0.566947115625
4 0.6238782041666667 0.6152644234375 0.5540064104166667 0.6152644234375 0.5540064104166667 0.67079326875 0.6238782041666667 0.67079326875 0.6238782041666667 0.6152644234375
4 0.5525641020833334 0.623197115625 0.46794871875 0.623197115625 0.46794871875 0.6876201921875 0.5525641020833334 0.6876201921875 0.5525641020833334 0.623197115625
4 0.5586538458333333 0.677283653125 0.48782051249999997 0.677283653125 0.48782051249999997 0.7260817312500001 0.5586538458333333 0.7260817312500001 0.5586538458333333 0.677283653125
4 0.5982371791666666 0.6759615390625 0.5514423083333334 0.6759615390625 0.5514423083333334 0.7199519234375 0.5982371791666666 0.7199519234375 0.5982371791666666 0.6759615390625
5 0.4850961541666667 0.7480769234375 0.45272435833333335 0.7480769234375 0.45272435833333335 0.7725961531250001 0.4850961541666667 0.7725961531250001 0.4850961541666667 0.7480769234375
3 0.4548076916666667 0.7527644234374999 0.4227564104166667 0.7527644234374999 0.4227564104166667 0.7775240390625 0.4548076916666667 0.7775240390625 0.4548076916666667 0.7527644234374999
3 0.42644230833333335 0.832091346875 0.40080128125 0.832091346875 0.40080128125 0.8515625 0.42644230833333335 0.8515625 0.42644230833333335 0.832091346875
3 0.44230769166666667 0.8701923078125 0.4134615375 0.8701923078125 0.4134615375 0.8889423078125 0.44230769166666667 0.8889423078125 0.44230769166666667 0.8701923078125
4 0.36858974375000003 0.7039663468749999 0.3342948708333333 0.7039663468749999 0.3342948708333333 0.73016826875 0.36858974375000003 0.73016826875 0.36858974375000003 0.7039663468749999
4 0.66955128125 0.6498798078125 0.64294871875 0.6498798078125 0.64294871875 0.670072115625 0.66955128125 0.670072115625 0.66955128125 0.6498798078125
4 0.6463141020833334 0.67295673125 0.6222756416666667 0.67295673125 0.6222756416666667 0.6895432687499999 0.6463141020833334 0.6895432687499999 0.6463141020833334 0.67295673125
4 0.6331730770833333 0.6703125 0.6107371791666666 0.6703125 0.6107371791666666 0.6876201921875 0.6331730770833333 0.6876201921875 0.6331730770833333 0.6703125
4 0.6283653854166666 0.68858173125 0.6084935895833333 0.68858173125 0.6084935895833333 0.705408653125 0.6283653854166666 0.705408653125 0.6283653854166666 0.68858173125
4 0.6737179479166666 0.6686298078124999 0.6483974354166667 0.6686298078124999 0.6483974354166667 0.68641826875 0.6737179479166666 0.68641826875 0.6737179479166666 0.6686298078124999
4 0.6841346145833334 0.6834134609375 0.6604166666666667 0.6834134609375 0.6604166666666667 0.7012019234375 0.6841346145833334 0.7012019234375 0.6841346145833334 0.6834134609375
4 0.6886217958333333 0.702403846875 0.6693910249999999 0.702403846875 0.6693910249999999 0.7177884609375 0.6886217958333333 0.7177884609375 0.6886217958333333 0.702403846875
4 0.6591346145833333 0.7016826921875 0.6411858979166667 0.7016826921875 0.6411858979166667 0.7144230765625 0.6591346145833333 0.7144230765625 0.6591346145833333 0.7016826921875
4 0.6769230770833333 0.7165865390625 0.6580128208333333 0.7165865390625 0.6580128208333333 0.73125 0.6769230770833333 0.73125 0.6769230770833333 0.7165865390625
4 0.7415064104166667 0.7155048078124999 0.7264423083333333 0.7155048078124999 0.7264423083333333 0.72920673125 0.7415064104166667 0.72920673125 0.7415064104166667 0.7155048078124999
4 0.71201923125 0.7078125 0.6940705125 0.7078125 0.6940705125 0.7200721156250001 0.71201923125 0.7200721156250001 0.71201923125 0.7078125
3 0.8410256416666667 0.8614182687499999 0.81891025625 0.8614182687499999 0.81891025625 0.88016826875 0.8410256416666667 0.88016826875 0.8410256416666667 0.8614182687499999
4 0.8142628208333333 0.8673076921874999 0.7959935895833333 0.8673076921874999 0.7959935895833333 0.88173076875 0.8142628208333333 0.88173076875 0.8142628208333333 0.8673076921874999
4 0.7958333333333333 0.7192307687499999 0.7714743583333333 0.7192307687499999 0.7714743583333333 0.734375 0.7958333333333333 0.734375 0.7958333333333333 0.7192307687499999
5 0.8703525645833333 0.8490384609375001 0.8511217958333333 0.8490384609375001 0.8511217958333333 0.8639423078125 0.8703525645833333 0.8639423078125 0.8703525645833333 0.8490384609375001