0 0.6078525645833334 0.5480769234375 0.4459935895833333 0.5480769234375 0.4459935895833333 0.6677884609375 0.6078525645833334 0.6677884609375 0.6078525645833334 0.5480769234375
0 0.48429487083333334 0.6125 0.32916666666666666 0.6125 0.32916666666666666 0.7326923078124999 0.48429487083333334 0.7326923078124999 0.48429487083333334 0.6125
0 0.6168269229166667 0.6637019234375 0.4225961541666667 0.6637019234375 0.4225961541666667 0.8439903843750001 0.6168269229166667 0.8439903843750001 0.6168269229166667 0.6637019234375
0 0.4225961541666667 0.8705528843750001 0.32387820416666663 0.8705528843750001 0.32387820416666663 0.9609375 0.4225961541666667 0.9609375 0.4225961541666667 0.8705528843750001
1 0.50608974375 0.8061298078125001 0.400641025 0.8061298078125001 0.400641025 0.9078125 0.50608974375 0.9078125 0.50608974375 0.8061298078125001
1 0.20480769166666668 0.8247596156249999 0.08205128125 0.8247596156249999 0.08205128125 0.9213942312500001 0.20480769166666668 0.9213942312500001 0.20480769166666668 0.8247596156249999
1 0.08205128125 0.8293269234375 0.0016025645833333334 0.8293269234375 0.0016025645833333334 0.9435096156249999 0.08205128125 0.9435096156249999 0.08205128125 0.8293269234375
1 0.1634615375 0.7322115390625 0.042948718749999996 0.7322115390625 0.042948718749999996 0.8394230765625 0.1634615375 0.8394230765625 0.1634615375 0.7322115390625
1 0.11522435833333335 0.718028846875 0.0046474354166666666 0.718028846875 0.0046474354166666666 0.797115384375 0.11522435833333335 0.797115384375 0.11522435833333335 0.718028846875
1 0.15448717916666668 0.683052884375 0.08205128125 0.683052884375 0.08205128125 0.7349759609375 0.15448717916666668 0.7349759609375 0.15448717916666668 0.683052884375
1 0.6959935895833333 0.316346153125 0.480608975 0.316346153125 0.480608975 0.440625 0.6959935895833333 0.440625 0.6959935895833333 0.316346153125
1 0.6831730770833333 0.40733173125000005 0.5286858979166666 0.40733173125000005 0.5286858979166666 0.5027644234374999 0.6831730770833333 0.5027644234374999 0.6831730770833333 0.40733173125000005
1 0.6282051291666666 0.2644230765625 0.4826923083333333 0.2644230765625 0.4826923083333333 0.363221153125 0.6282051291666666 0.363221153125 0.6282051291666666 0.2644230765625
1 0.8006410249999999 0.2790865390625 0.6673076916666666 0.2790865390625 0.6673076916666666 0.375721153125 0.8006410249999999 0.375721153125 0.8006410249999999 0.2790865390625