1 0.05625 0.26646634687500004 0.00080128125 0.26646634687500004 0.00080128125 0.3162259609375 0.05625 0.3162259609375 0.05625 0.26646634687500004
1 0 0.34807692343749996 0.01826923125 0.34807692343749996 0.01826923125 0.293028846875 0 0.293028846875 0 0.34807692343749996
1 0.60080128125 0.4615384609375 0.469391025 0.4615384609375 0.469391025 0.5576923078125 0.60080128125 0.5576923078125 0.60080128125 0.4615384609375
2 0.09150641041666667 0.5633413468749999 0.03990384583333333 0.5633413468749999 0.03990384583333333 0.6025240390625 0.09150641041666667 0.6025240390625 0.09150641041666667 0.5633413468749999
1 0.04631410208333333 0.5734375 0.00016025625 0.5734375 0.00016025625 0.6114182687499999 0.04631410208333333 0.6114182687499999 0.04631410208333333 0.5734375
2 0.43301282083333337 0.684134615625 0.35544871875 0.684134615625 0.35544871875 0.7391826921875 0.43301282083333337 0.7391826921875 0.43301282083333337 0.684134615625
1 0.39102564166666665 0.7262019234375 0.3125 0.7262019234375 0.3125 0.786778846875 0.39102564166666665 0.786778846875 0.39102564166666665 0.7262019234375
1 0.45368589791666664 0.7293269234374999 0.39054487083333334 0.7293269234374999 0.39054487083333334 0.781009615625 0.45368589791666664 0.781009615625 0.45368589791666664 0.7293269234374999
0 0.8810897437499999 0.8264423078125 0.8064102562500001 0.8264423078125 0.8064102562500001 0.8894230765625 0.8810897437499999 0.8894230765625 0.8810897437499999 0.8264423078125
1 0.6754807687500001 0.2235576921875 0.58125 0.2235576921875 0.58125 0.2800480765625 0.6754807687500001 0.2800480765625 0.6754807687500001 0.2235576921875
1 0.6987179479166666 0.1984375 0.6217948708333334 0.1984375 0.6217948708333334 0.2556490390625 0.6987179479166666 0.2556490390625 0.6987179479166666 0.1984375
2 0.34967948750000005 0.199759615625 0.2788461541666667 0.199759615625 0.2788461541666667 0.24735576875 0.34967948750000005 0.24735576875 0.34967948750000005 0.199759615625