5 0.42405993541666664 0.537159146875 0.5303580104166666 0.54694796875 0.54412385 0.46286263749999995 0.4378257770833333 0.453073815625 0.42405993541666664 0.537159146875
3 0.6106874479166666 0.48498068906249997 0.7234474104166666 0.4953645765625 0.7390777875 0.399890165625 0.626317825 0.3895062796875 0.6106874479166666 0.48498068906249997
3 0.4116595791666667 0.3134106765625 0.5567289875 0.32676988906250004 0.5763264666666666 0.2070633953125 0.43125705833333333 0.1937041828125 0.4116595791666667 0.3134106765625
4 0.5368536041666666 0.4411623484375 0.6460595291666666 0.45121895 0.6595476729166666 0.36882986406249996 0.5503417479166667 0.3587732640625 0.5368536041666666 0.4411623484375
4 0.3378319083333333 0.3827409796875 0.45931542291666666 0.3939282046875 0.47534251041666664 0.2960305859375 0.35385899791666664 0.28484336093749996 0.3378319083333333 0.3827409796875
4 0.49971158125 0.23432143593750002 0.5908242166666666 0.2427118546875 0.5994724979166667 0.1898859109375 0.5083598625 0.1814954921875 0.49971158125 0.23432143593750002
4 0.5386046166666667 0.3282985078125 0.6584726583333332 0.339336965625 0.6749757979166666 0.238531496875 0.5551077583333334 0.22749303906249999 0.5386046166666667 0.3282985078125
4 0.51508191875 0.35478831875 0.6032867041666666 0.362910959375 0.6120936687499999 0.3091157328125 0.5238888833333334 0.30099309375 0.51508191875 0.35478831875
4 0.6357585229166667 0.3939422828125 0.7362408979166666 0.40319554531249996 0.7469917416666667 0.3375265984375 0.6465093666666667 0.328273334375 0.6357585229166667 0.3939422828125
4 0.6597423375000001 0.3385929796875 0.7841337 0.3500479828125 0.8012319062500001 0.245607703125 0.67684054375 0.23415269843750003 0.6597423375000001 0.3385929796875
4 0.31568151875 0.33273624062499996 0.39354728125 0.339906775 0.40398075833333336 0.2761763953125 0.32611499583333337 0.269005859375 0.31568151875 0.33273624062499996
4 0.6275459395833334 0.2287523265625 0.7403059041666666 0.23913621406250002 0.7537147041666666 0.1572317703125 0.6409547416666667 0.14684788437500002 0.6275459395833334 0.2287523265625
4 0.7188736958333333 0.22781554062499998 0.7799385479166666 0.23343890625000002 0.7911257729166666 0.1651044296875 0.7300609208333333 0.1594810640625 0.7188736958333333 0.22781554062499998
4 0.45262816874999995 0.343625621875 0.5107851708333333 0.348981209375 0.5160614145833333 0.3167525375 0.45790441249999997 0.3113969515625 0.45262816874999995 0.343625621875
4 0.42803110833333335 0.45881314062499995 0.5036352104166667 0.465775403125 0.5130769104166667 0.40810304375 0.43747280833333335 0.40114078124999997 0.42803110833333335 0.45881314062499995
4 0.48125396875 0.4682648703125 0.5374724020833334 0.47344193749999997 0.5474298270833333 0.41261940625 0.49121139166666666 0.40744233906250005 0.48125396875 0.4682648703125