5 0.33840904791666665 0.370991046875 0.5419155999999999 0.411888109375 0.5964450145833333 0.2592581953125 0.39293846458333337 0.218361134375 0.33840904791666665 0.370991046875
5 1 0.40688847656249993 0.8207802999999999 0.3708721453125 0.7619894145833332 0.5354300734375 0.9887028520833333 0.5809908359375 1 0.5493696890625 1 0.40688847656249993
4 0.37476632291666667 0.6869496203125001 0.552307125 0.72262855625 0.6052711020833333 0.5743803640625 0.4277303020833333 0.5387014296875 0.37476632291666667 0.6869496203125001
4 0.6207450583333334 0.941976134375 0.8028298666666667 0.9785682421875 0.8585768437500001 0.8225303265624999 0.6764920375 0.7859382187499999 0.6207450583333334 0.941976134375
4 0.7880416 1 0.7996114104166666 0.9676156578124999 0.6652386645833333 0.94061185625 0.6440213229166667 1 0.7880416 1
4 0.8261339166666667 1 0.85950328125 0.9065978781249999 0.78095689375 0.8908130468750001 0.74695210625 0.9859937437499999 0.8166481916666667 1 0.8261339166666667 1
4 0.49772379791666665 0.915818565625 0.6369651208333333 0.943800765625 0.6754922854166666 0.8359617671875 0.5362509625 0.8079795671875001 0.49772379791666665 0.915818565625
4 0.62575788125 1 0.6481986416666667 0.9371874609375 0.5177207583333333 0.9109663781249999 0.48591211041666665 1 0.62575788125 1
4 0.3398441208333333 0.9229658046875 0.49206831875 0.9535570671875 0.5400750770833334 0.819184321875 0.38785087916666666 0.7885930578125 0.3398441208333333 0.9229658046875
4 0.21717263333333334 0.8539594390625 0.35933510208333336 0.882528678125 0.3989928583333333 0.7715251046875 0.2568303895833333 0.742955865625 0.21717263333333334 0.8539594390625
4 0.18713847291666666 0.89566956875 0.29619461458333335 0.9175856984375 0.32350280625 0.841149028125 0.21444666458333334 0.8192328984374999 0.18713847291666666 0.89566956875
4 0.27603810208333335 0.873224984375 0.24290300208333332 0.9659713906249999 0.34968714166666665 0.9874309328124999 0.3828222416666666 0.8946845265625001 0.27603810208333335 0.873224984375
4 0.442427725 1 0.46514758749999996 0.9364062421874999 0.3431085729166667 0.9118810500000001 0.31836595833333337 0.98113656875 0.41223166666666666 1 0.442427725 1