1 0.24022106263048015 0.42457158906250003 0.4144895929018789 0.43828023906249997 0.4326085782881002 0.3092566234375 0.25834004801670146 0.295547971875 0.24022106263048015 0.42457158906250003
1 0.3748952505219207 0.3389630609375 0.5589288225469728 0.35343986875 0.5789820793319416 0.2106424921875 0.39494850521920666 0.19616568437499998 0.3748952505219207 0.3389630609375
1 0.3609984342379958 0.477129084375 0.582589878914405 0.4945603421875 0.6082880480167014 0.311566065625 0.3866966033402923 0.29413480625 0.3609984342379958 0.477129084375
1 0.45782060334029223 0.588053090625 0.6662667954070981 0.6044502921875 0.6882543215031315 0.44787915156249997 0.4798081315240083 0.43148194999999995 0.45782060334029223 0.588053090625
1 0.5779695574112735 0.4720291 0.8112039457202506 0.49037623750000003 0.8349678455114822 0.32115572187499997 0.6017334572025052 0.302808584375 0.5779695574112735 0.4720291
1 0.7350600981210856 0.43635624687499996 0.7726179707724425 0.4393106984375 0.7759338643006263 0.41569853281249997 0.7383759916492693 0.41274408124999995 0.7350600981210856 0.43635624687499996
1 0.4490132693110647 0.7237774484374999 0.5669449895615866 0.7330544234375 0.5783137661795407 0.65209843125 0.46038204384133613 0.6428214546875 0.4490132693110647 0.7237774484374999
1 0.06982693528183716 0.08177706875 0.13855784133611693 0.0871837140625 0.14882131732776618 0.014098442187499999 0.08009041336116911 0.008691796875000001 0.06982693528183716 0.08177706875
1 0.08965144258872651 0.1204249640625 0.19180885386221294 0.1284610703125 0.2026644572025052 0.051159339062499996 0.10050704384133612 0.043123234375 0.08965144258872651 0.1204249640625
1 0.06746163256784968 0 0.06617524008350731 0.0091602875 0.14409726096033404 0.015289942187499999 0.1462444509394572 0 0.06746163256784968 0
0 0.5000479645093946 0.70647685625 0.6615468162839249 0.71918099375 0.6780078559498957 0.6019634609375 0.5165090041753654 0.5892593234375 0.5000479645093946 0.70647685625
0 0.6523839916492693 0.6681563749999999 0.7834609665970772 0.67846740625 0.7965271628392485 0.5854242328125 0.6654501878914405 0.5751132015625 0.6523839916492693 0.6681563749999999
2 0.5594688121085596 0.6186432359375 0.6710156910229645 0.6274179531249999 0.6797001732776619 0.5655765703125 0.5681532943632568 0.5568018515625 0.5594688121085596 0.6186432359375
2 0.7799377620041754 0.8914842000000001 0.8753347599164927 0.8989885046874999 0.8839008162839248 0.8379904109374999 0.7885038183716075 0.8304861062500001 0.7799377620041754 0.8914842000000001