5 0.8156116979166667 0.6869860578125 0.615359175 0.7244324796875 0.6706065854166667 0.8906214296874999 0.8708591083333334 0.8531750078125 0.8156116979166667 0.6869860578125
4 0.5492754416666668 0.65976795 0.35211960625 0.696635303125 0.4036781395833334 0.8517277859375 0.6008339729166666 0.8148604328125 0.5492754416666668 0.65976795
4 0.6452380895833334 0.47900829375000004 0.45461971041666666 0.51465316875 0.5027467250000001 0.65942335625 0.6933651041666666 0.62377848125 0.6452380895833334 0.47900829375000004
4 0.6318957583333333 0.4416217984375 0.4891040104166667 0.468323284375 0.5174998083333333 0.553740275 0.6602915541666667 0.5270387890625 0.6318957583333333 0.4416217984375
4 0.4196535125 0.5205064593750001 0.22903513333333334 0.556151334375 0.27621848125 0.6980828906250001 0.46683686041666667 0.662438015625 0.4196535125 0.5205064593750001
4 0.5061218000000001 0.32877658906249996 0.34199731041666664 0.3594672125 0.38369023333333335 0.484883096875 0.5478147229166667 0.45419247343749997 0.5061218000000001 0.32877658906249996
4 0.3406722229166667 0.349984471875 0.19684824583333332 0.37687898125 0.232107075 0.48294055937499997 0.37593105208333333 0.45604605156250005 0.3406722229166667 0.349984471875
4 0.19834189791666665 0.288476725 0.08926964791666667 0.3088728 0.118866475 0.3979025953125 0.227938725 0.3775065203125 0.19834189791666665 0.288476725
4 0.46329606250000005 0.22084079843749999 0.33254699375 0.2452903515625 0.36334485208333334 0.3379329484375 0.49409392083333337 0.31348339531249997 0.46329606250000005 0.22084079843749999
4 0.39825889166666667 0.1389864046875 0.29021887291666665 0.15918945625 0.3150115770833333 0.23376803750000003 0.42305159791666663 0.213564984375 0.39825889166666667 0.1389864046875
4 0.30335043333333334 0.1915445265625 0.1870525770833333 0.21329176093750002 0.21424734374999999 0.29509594843750003 0.33054520000000004 0.2733487140625 0.30335043333333334 0.1915445265625
4 0.29358171041666664 0.148967140625 0.20549812708333332 0.16543841875 0.22728825625000001 0.23098499218750002 0.3153718395833333 0.21451371406250003 0.29358171041666664 0.148967140625
3 0.4848376770833333 0 0.4544469479166667 0.0056829453125 0.47357765208333336 0.063229740625 0.5382640333333334 0.051133645312499997 0.5212653 0 0.4848376770833333 0
3 0.6483540645833333 0.0986609421875 0.5943340541666667 0.10876246875 0.6092611479166667 0.1536644515625 0.6632811604166666 0.143562925 0.6483540645833333 0.0986609421875
3 0.6974823125 0.07604328593750001 0.6434623041666666 0.0861448125 0.6579604604166666 0.129756509375 0.7119804708333334 0.1196549828125 0.6974823125 0.07604328593750001
5 0.9225574979166667 0.332586390625 0.8386028333333333 0.348285578125 0.8555030499999999 0.39912287968750004 0.9394577166666667 0.38342369375 0.9225574979166667 0.332586390625
3 0.9579220020833333 0.41532976406250005 0.9854481208333333 0.410182490625 0.96648899375 0.353151809375 0.938962875 0.358299084375 0.9579220020833333 0.41532976406250005
3 0.9644566791666667 0.4173969984375 0.8894480020833334 0.4314233203125 0.9057477041666666 0.4804542203125 0.98075638125 0.4664278984375 0.9644566791666667 0.4173969984375
4 0.8981573145833334 0.251493075 0.83037424375 0.26416823749999996 0.8441003083333333 0.3054574171875 0.9118833791666667 0.29278225468749997 0.8981573145833334 0.251493075
4 0.9097915229166667 0.3766366796875 0.970521025 0.36528050625 0.9536208083333333 0.3144432046875 0.89289130625 0.3257993796875 0.9097915229166667 0.3766366796875
4 0.8593957541666666 0.21954512187500003 0.8019349770833333 0.23029005625 0.8134305583333333 0.2648697453125 0.8708913333333334 0.25412480937500004 0.8593957541666666 0.21954512187500003
4 0.87465895 0.324823165625 0.80584365 0.3376913515625 0.82034180625 0.3813030484375 0.88915710625 0.3684348625 0.87465895 0.324823165625
4 0.41814362708333336 0 0.4004804666666667 0.0033029406249999995 0.4074292875 0.0242055875 0.46076114583333333 0.014232743749999999 0.45602964999999995 0 0.41814362708333336 0
4 0.8352929375 0.19376427031250001 0.7836814625 0.20341540937499997 0.79534861875 0.2385112140625 0.84696009375 0.228860075 0.8352929375 0.19376427031250001
3 0.9408484708333333 0.315049934375 0.9530631854166667 0.31276583125 0.9377071499999999 0.2665735609375 0.9254924354166667 0.2688576640625 0.9408484708333333 0.315049934375
5 0.9210291520833334 0.25818010625 0.9341040583333334 0.25573515156250004 0.9184048729166666 0.2085106515625 0.9053299645833334 0.21095560781249997 0.9210291520833334 0.25818010625