4 0.99917328125 0.5793650796875001 0.9138558208333334 0.5793650796875001 0.9138558208333334 0.672619046875 0.99917328125 0.672619046875 0.99917328125 0.5793650796875001
4 0.9302248687500001 0.5928819437499999 0.8161375666666667 0.5928819437499999 0.8161375666666667 0.6707589281249999 0.9302248687500001 0.6707589281249999 0.9302248687500001 0.5928819437499999
3 0.9914021166666667 0.940476190625 0.9136904770833334 0.940476190625 0.9136904770833334 0.9980158734375 0.9914021166666667 0.9980158734375 0.9914021166666667 0.940476190625
4 0.8035714291666667 0.6515376984375 0.73148148125 0.6515376984375 0.73148148125 0.7110615078125 0.8035714291666667 0.7110615078125 0.8035714291666667 0.6515376984375
4 0.76240079375 0.69072420625 0.7104828041666666 0.69072420625 0.7104828041666666 0.7331349203124999 0.76240079375 0.7331349203124999 0.76240079375 0.69072420625
4 0.7617394187500001 0.5782490078125 0.7012235458333334 0.5782490078125 0.7012235458333334 0.6253720234375 0.7617394187500001 0.6253720234375 0.7617394187500001 0.5782490078125
4 0.7204034395833333 0.614459325 0.6512896833333334 0.614459325 0.6512896833333334 0.6650545640625001 0.7204034395833333 0.6650545640625001 0.7204034395833333 0.614459325
3 0.7895171958333334 0.223090278125 0.5891203708333334 0.223090278125 0.5891203708333334 0.3773561515625 0.7895171958333334 0.3773561515625 0.7895171958333334 0.223090278125
3 0.468088625 0.22941468281250002 0.24057539583333334 0.22941468281250002 0.24057539583333334 0.39657738125 0.468088625 0.39657738125 0.468088625 0.22941468281250002
3 0.055224868749999996 0.6102430562500001 0.0006613750000000001 0.6102430562500001 0.0006613750000000001 0.713913690625 0.055224868749999996 0.713913690625 0.055224868749999996 0.6102430562500001
4 0.662367725 0.3697916671875 0.4960317458333333 0.3697916671875 0.4960317458333333 0.493799603125 0.662367725 0.493799603125 0.662367725 0.3697916671875
4 0.46891534375 0.44952877031250005 0.28108465625 0.44952877031250005 0.28108465625 0.5822172625 0.46891534375 0.5822172625 0.46891534375 0.44952877031250005
4 0.6327711645833334 0.583457340625 0.4813161375 0.583457340625 0.4813161375 0.6992807546875001 0.6327711645833334 0.6992807546875001 0.6327711645833334 0.583457340625
4 0.4829695770833334 0.6550099203124999 0.32457010625000005 0.6550099203124999 0.32457010625000005 0.77157738125 0.4829695770833334 0.77157738125 0.4829695770833334 0.6550099203124999
4 0.63806216875 0.7476438484375 0.4899140208333333 0.7476438484375 0.4899140208333333 0.86123511875 0.63806216875 0.86123511875 0.63806216875 0.7476438484375
4 0.6289682541666667 0.8420138890625 0.537367725 0.8420138890625 0.537367725 0.8943452375 0.6289682541666667 0.8943452375 0.6289682541666667 0.8420138890625
4 0.5403439145833333 0.7988591265625 0.4494047625 0.7988591265625 0.4494047625 0.8851686515624999 0.5403439145833333 0.8851686515624999 0.5403439145833333 0.7988591265625
4 0.4928902125 0.760540675 0.3655753958333333 0.760540675 0.3655753958333333 0.854290675 0.4928902125 0.854290675 0.4928902125 0.760540675