3 0.7097756416666667 0.321875 0.5334935895833334 0.321875 0.5334935895833334 0.4540865390625 0.7097756416666667 0.4540865390625 0.7097756416666667 0.321875
3 0.5165064104166667 0.3436298078125 0.32836538541666666 0.3436298078125 0.32836538541666666 0.48425480781249997 0.5165064104166667 0.48425480781249997 0.5165064104166667 0.3436298078125
3 0.7663461541666667 0.441947115625 0.5573717958333333 0.441947115625 0.5573717958333333 0.5943509609375 0.7663461541666667 0.5943509609375 0.7663461541666667 0.441947115625
3 0.5421474354166667 0.47259615312500003 0.3645833333333333 0.47259615312500003 0.3645833333333333 0.5795673078125 0.5421474354166667 0.5795673078125 0.5421474354166667 0.47259615312500003
5 0.5538461541666667 0.5498798078125 0.3634615375 0.5498798078125 0.3634615375 0.6974759609375 0.5538461541666667 0.6974759609375 0.5538461541666667 0.5498798078125
5 0.7104166666666667 0.55733173125 0.5584935895833334 0.55733173125 0.5584935895833334 0.6590144234374999 0.7104166666666667 0.6590144234374999 0.7104166666666667 0.55733173125
5 0.5538461541666667 0.6795673078125 0.39423076875 0.6795673078125 0.39423076875 0.7983173078125 0.5538461541666667 0.7983173078125 0.5538461541666667 0.6795673078125
4 0.6621794875 0.6691105765625001 0.5310897437500001 0.6691105765625001 0.5310897437500001 0.7782451921875 0.6621794875 0.7782451921875 0.6621794875 0.6691105765625001
4 0.7411858979166667 0.731490384375 0.5741987187500001 0.731490384375 0.5741987187500001 0.8612980765625 0.7411858979166667 0.8612980765625 0.7411858979166667 0.731490384375
4 0.6474358979166667 0.7956730765625 0.5076923083333333 0.7956730765625 0.5076923083333333 0.918990384375 0.6474358979166667 0.918990384375 0.6474358979166667 0.7956730765625
3 0.11009615416666667 0.017908653125 0.00048076875 0.017908653125 0.00048076875 0.142908653125 0.11009615416666667 0.142908653125 0.11009615416666667 0.017908653125
3 0.11009615416666667 0.15673076875 0.00048076875 0.15673076875 0.00048076875 0.2673076921875 0.11009615416666667 0.2673076921875 0.11009615416666667 0.15673076875