4 0.54375 0.0987980765625 0.3841346145833333 0.0987980765625 0.3841346145833333 0.2576923078125 0.54375 0.2576923078125 0.54375 0.0987980765625
4 0.4360576916666667 0.015144231250000001 0.17099358958333333 0.015144231250000001 0.17099358958333333 0.2271634609375 0.4360576916666667 0.2271634609375 0.4360576916666667 0.015144231250000001
4 0.47371794791666666 0.3983173078125 0.3141025645833333 0.3983173078125 0.3141025645833333 0.48197115312500005 0.47371794791666666 0.48197115312500005 0.47371794791666666 0.3983173078125
4 0.47163461458333333 0.2891826921875 0.26746794791666667 0.2891826921875 0.26746794791666667 0.44110576874999996 0.47163461458333333 0.44110576874999996 0.47163461458333333 0.2891826921875
4 0.36137820416666666 0.56141826875 0.23349358958333333 0.56141826875 0.23349358958333333 0.629927884375 0.36137820416666666 0.629927884375 0.36137820416666666 0.56141826875
4 0.3977564104166667 0.44459134687499996 0.22660256458333333 0.44459134687499996 0.22660256458333333 0.570552884375 0.3977564104166667 0.570552884375 0.3977564104166667 0.44459134687499996
3 0.6078525645833334 0.44014423125 0.4158653854166667 0.44014423125 0.4158653854166667 0.5887019234374999 0.6078525645833334 0.5887019234374999 0.6078525645833334 0.44014423125
3 0.6847756416666667 0.5728365390625 0.45272435833333335 0.5728365390625 0.45272435833333335 0.746875 0.6847756416666667 0.746875 0.6847756416666667 0.5728365390625
3 0.18685897499999998 0.8993990390625 0.08525641041666666 0.8993990390625 0.08525641041666666 0.9993990390624999 0.18685897499999998 0.9993990390624999 0.18685897499999998 0.8993990390625
3 0.20849358958333333 0.9394230765625 0.14535256458333334 0.9394230765625 0.14535256458333334 0.9987980765625 0.20849358958333333 0.9987980765625 0.20849358958333333 0.9394230765625
3 0.051282052083333335 0.8751201921874999 0.0016025645833333334 0.8751201921874999 0.0016025645833333334 0.971033653125 0.051282052083333335 0.971033653125 0.051282052083333335 0.8751201921874999