3 0.44561773958333334 0.4881203796875 0.33122140000000005 0.4881203796875 0.33122140000000005 0.5913410765625 0.44561773958333334 0.5913410765625 0.44561773958333334 0.4881203796875
3 0.33579725416666667 0.48957233437500003 0.18092221041666667 0.48957233437500003 0.18092221041666667 0.6057286171875 0.33579725416666667 0.6057286171875 0.33579725416666667 0.48957233437500003
3 0.5454065479166667 0.44442977812500006 0.38665962708333335 0.44442977812500006 0.38665962708333335 0.5531942984375 0.5454065479166667 0.5531942984375 0.5454065479166667 0.44442977812500006
3 0.39123548125 0.6210401265625001 0.26979936666666665 0.6210401265625001 0.26979936666666665 0.7192449843750001 0.39123548125 0.7192449843750001 0.39123548125 0.6210401265625001
5 0.29285462916666666 0.6019007390625 0.12390003541666667 0.6019007390625 0.12390003541666667 0.7288806765625 0.29285462916666666 0.7288806765625 0.29285462916666666 0.6019007390625
5 0.8196057729166667 0.5888331578125 0.6534670895833333 0.5888331578125 0.6534670895833333 0.7092133046875 0.8196057729166667 0.7092133046875 0.8196057729166667 0.5888331578125
5 0.6911298833333334 0.6243400218749999 0.5767335437500001 0.6243400218749999 0.5767335437500001 0.713569165625 0.6911298833333334 0.713569165625 0.6911298833333334 0.6243400218749999
4 0.40161914791666664 0.67753431875 0.34600492708333336 0.67753431875 0.34600492708333336 0.737988384375 0.40161914791666664 0.737988384375 0.40161914791666664 0.67753431875
4 0.36395635416666666 0.708685321875 0.23970432916666665 0.708685321875 0.23970432916666665 0.795010559375 0.36395635416666666 0.795010559375 0.36395635416666666 0.708685321875
4 0.27613516458333337 0.7254487859375 0.20960929166666667 0.7254487859375 0.20960929166666667 0.7940865890625 0.27613516458333337 0.7940865890625 0.27613516458333337 0.7254487859375
4 0.6777543125 0.6909978875 0.5721576916666666 0.6909978875 0.5721576916666666 0.7490760296875 0.6777543125 0.7490760296875 0.6777543125 0.6909978875
4 0.81467793125 0.70155755 0.68338613125 0.70155755 0.68338613125 0.794218584375 0.81467793125 0.794218584375 0.81467793125 0.70155755
4 0.40918690625000004 0.560454065625 0.28845476875000003 0.560454065625 0.28845476875000003 0.628035903125 0.40918690625000004 0.628035903125 0.40918690625000004 0.560454065625
5 0 0.1484952484375 0.06441393958333333 0.1484952484375 0.06441393958333333 0.0967529046875 0 0.0967529046875 0 0.1484952484375
4 0 0.1983896515625 0.03449489583333333 0.1983896515625 0.03449489583333333 0.1495512140625 0 0.1495512140625 0 0.1983896515625
4 0.09714889166666667 0.1465153109375 0.036958816666666665 0.1465153109375 0.036958816666666665 0.1882259765625 0.09714889166666667 0.1882259765625 0.09714889166666667 0.1465153109375
4 0.06652587083333333 0.188357971875 0.013375572916666667 0.188357971875 0.013375572916666667 0.22954065468749998 0.06652587083333333 0.22954065468749998 0.06652587083333333 0.188357971875
3 0 0.352824709375 0.031151004166666666 0.352824709375 0.031151004166666666 0.3222016890625 0 0.3222016890625 0 0.352824709375