4 0.6600529104166667 0.00049603125 0.53108465625 0.00049603125 0.53108465625 0.110119046875 0.6600529104166667 0.110119046875 0.6600529104166667 0.00049603125
4 0.38343253958333334 0 0.38343253958333334 0.11309523749999999 0.5084325395833333 0.11309523749999999 0.5084325395833333 0 0.38343253958333334 0
4 0.50694444375 0.0157490078125 0.46329365 0.0157490078125 0.46329365 0.0839533734375 0.50694444375 0.0839533734375 0.50694444375 0.0157490078125
4 0.79332010625 0.1875 0.60714285625 0.1875 0.60714285625 0.32490079375 0.79332010625 0.32490079375 0.79332010625 0.1875
3 0.7111441791666666 0.3196924609375 0.4889219583333333 0.3196924609375 0.4889219583333333 0.5171130953125 0.7111441791666666 0.5171130953125 0.7111441791666666 0.3196924609375
5 0.7928240750000001 0.46651785781250005 0.5768849208333333 0.46651785781250005 0.5768849208333333 0.6679067453124999 0.7928240750000001 0.6679067453124999 0.7928240750000001 0.46651785781250005
5 0.5790343916666667 0.49268353125 0.37962962916666665 0.49268353125 0.37962962916666665 0.63876488125 0.5790343916666667 0.63876488125 0.5790343916666667 0.49268353125
4 0.5094246041666667 0.38603670625 0.43005952291666666 0.38603670625 0.43005952291666666 0.5001240078125 0.5094246041666667 0.5001240078125 0.5094246041666667 0.38603670625
5 0.46577381041666666 0.4815228171875 0.33449074166666665 0.4815228171875 0.33449074166666665 0.5713045640625001 0.46577381041666666 0.5713045640625001 0.46577381041666666 0.4815228171875
4 0.3548280416666667 0.6032986109375 0.22751322708333335 0.6032986109375 0.22751322708333335 0.727306546875 0.3548280416666667 0.727306546875 0.3548280416666667 0.6032986109375
4 0.43799603125 0.44903273749999995 0.31994047708333334 0.44903273749999995 0.31994047708333334 0.5212053578125 0.43799603125 0.5212053578125 0.43799603125 0.44903273749999995
5 0.7361111104166667 0.624751984375 0.5558862437500001 0.624751984375 0.5558862437500001 0.7767857140625 0.7361111104166667 0.7767857140625 0.7361111104166667 0.624751984375
4 0.544146825 0.7261904765625 0.4260912708333333 0.7261904765625 0.4260912708333333 0.8501984125 0.544146825 0.8501984125 0.544146825 0.7261904765625
4 0.7336309520833333 0.77157738125 0.5947420625 0.77157738125 0.5947420625 0.8705357140625001 0.7336309520833333 0.8705357140625001 0.7336309520833333 0.77157738125
4 0.6178902125000001 0.8240327375 0.4859457666666666 0.8240327375 0.4859457666666666 0.9398561515624999 0.6178902125000001 0.9398561515624999 0.6178902125000001 0.8240327375
4 0.7407407416666667 0.87822420625 0.5830026458333334 0.87822420625 0.5830026458333334 0.999255953125 0.7407407416666667 0.999255953125 0.7407407416666667 0.87822420625
4 0.6226851854166667 0.95262896875 0.488425925 0.95262896875 0.488425925 0.999255953125 0.6226851854166667 0.999255953125 0.6226851854166667 0.95262896875