4 0.3248876625 0.2412750046875 0.46942874791666667 0.264317371875 0.5071451541666667 0.131236065625 0.36260406874999995 0.1081936984375 0.3248876625 0.2412750046875
5 0.5308907833333333 0.341923796875 0.6976120874999999 0.3685020765625 0.7442861395833333 0.20381396093749998 0.5775648375000001 0.17723568125 0.5308907833333333 0.341923796875
4 0.5068274 0.3402610171875 0.5818704708333333 0.352224190625 0.5990000041666667 0.29178309687500004 0.5239569333333333 0.279819925 0.5068274 0.3402610171875
3 0.23108694166666668 0.407288571875 0.42701219583333333 0.4385224703125 0.47722216250000005 0.2613579828125 0.28129690625 0.23012408281250002 0.23108694166666668 0.407288571875
4 0.4694230395833333 0.3754467390625 0.5696036895833333 0.39141728124999997 0.5970266604166666 0.2946560796875 0.49684601041666665 0.2786855390625 0.4694230395833333 0.3754467390625
3 0.3975345041666667 0.51322268125 0.69290106875 0.5603092562499999 0.7464112208333333 0.371500153125 0.45104465624999995 0.3244135765625 0.3975345041666667 0.51322268125
5 0.326111275 0.670488 0.5578945479166666 0.7074382906250001 0.6045686020833333 0.542750175 0.37278532708333334 0.5057998828125 0.326111275 0.670488
4 0.5563548979166666 0.6556121671875 0.6846304916666667 0.67606153125 0.7188895604166666 0.5551793453125 0.5906139666666667 0.53472998125 0.5563548979166666 0.6556121671875
4 0.36396210416666663 0.8198178359374999 0.5672807666666666 0.8522303718750001 0.6082973583333333 0.707504453125 0.4049786958333333 0.675091915625 0.36396210416666663 0.8198178359374999
4 0.33349159166666664 0.9171074296875 0.49134080625000004 0.9422713453125 0.5230854479166667 0.8302612453125 0.3652362333333333 0.80509733125 0.33349159166666664 0.9171074296875
4 0.4678321166666667 1 0.4876449395833333 0.9300909953125001 0.3601086875 0.9097594953125 0.33865748125 0.9854494890625001 0.42993051250000003 1 0.4678321166666667 1
4 0.68478005625 1 0.6927003854166667 0.9720533375 0.5766239125 0.9535487249999999 0.5634592145833334 1 0.68478005625 1