3 0.594329325 0.2059067640625 0.8005726812499999 0.1869141390625 0.7734026770833334 0.0209526875 0.5671593208333333 0.0399453125 0.594329325 0.2059067640625
3 0.5896008229166667 0.362402640625 0.78331203125 0.34456408125000004 0.7597471083333333 0.2006234046875 0.5660358999999999 0.21846196406249999 0.5896008229166667 0.362402640625
3 0.3912797 0.3498625234375 0.57353294375 0.3330791109375 0.5574859333333334 0.2350598078125 0.37523268958333333 0.2518432203125 0.3912797 0.3498625234375
4 0.6903425020833333 0.4327231359375 0.7669676375000001 0.4256668484375 0.7562842854166667 0.3604101609375 0.6796591500000001 0.3674664484375 0.6903425020833333 0.4327231359375
4 0.7667038166666666 0.5317304625 0.8981123416666666 0.519629259375 0.8837359791666667 0.43181470468749994 0.7523274541666667 0.4439159078125 0.7667038166666666 0.5317304625
5 0.70723500625 0.616940784375 0.8801786520833333 0.601014678125 0.8563939083333333 0.45573127343750003 0.6834502604166667 0.4716573796875 0.70723500625 0.616940784375
4 0.36629959375 0.6923610250000001 0.54712059375 0.6757095046875 0.5258857833333334 0.5460017703125 0.34506478333333335 0.5626532906249999 0.36629959375 0.6923610250000001
4 0.7065503479166666 0.7215438828125 0.8250686666666667 0.71062971875 0.8076587604166666 0.6042854875 0.6891404416666667 0.6151996515625 0.7065503479166666 0.7215438828125
4 0.8050013625 0.7179295765625 0.96362255625 0.7033224015624999 0.9455531833333333 0.59294998125 0.7869319916666666 0.6075571562500001 0.8050013625 0.7179295765625
4 0.6721299708333334 0.8098994296875001 0.8003159458333333 0.7980949859375001 0.7841810083333333 0.6995385890625 0.6559950333333333 0.7113430328125 0.6721299708333334 0.8098994296875001
4 0.5197514958333334 0.8704091093749999 0.7030789229166667 0.8535267765624999 0.6818441125 0.7238190421875 0.49851668750000006 0.740701375 0.5197514958333334 0.8704091093749999
4 0.7482281854166666 0.883988571875 0.8946752916666667 0.8705024890624999 0.8765619541666666 0.7598615234375 0.7301148479166667 0.77334760625 0.7482281854166666 0.883988571875
4 0.5978813645833333 0.9613483281249999 0.7314382583333334 0.9490492843749999 0.7132369937499999 0.837871225 0.5796800979166666 0.85017026875 0.5978813645833333 0.9613483281249999
4 0.5428282979166668 0.951425371875 0.6051309770833334 0.9456880156249999 0.5896555062500001 0.8511598109375 0.527352825 0.8568971671875 0.5428282979166668 0.951425371875
4 0.6520504 0.9136989249999999 0.66431646875 0.98862326875 0.77245100625 0.9786653296875001 0.7601849354166668 0.9037409859375 0.6520504 0.9136989249999999
4 0.57834866875 0.9463824921875 0.5864381208333334 0.9957949625 0.66234713125 0.9888046218750001 0.6542576791666667 0.9393921515624999 0.57834866875 0.9463824921875
4 0.6817980499999999 0.9011461015625001 0.7598554333333334 0.8939579203125 0.7453911416666668 0.805606275 0.6673337604166666 0.81279445625 0.6817980499999999 0.9011461015625001