4 0.5064484125 0.0003720234375 0.343088625 0.0003720234375 0.343088625 0.117931546875 0.5064484125 0.117931546875 0.5064484125 0.0003720234375
4 0.6600529104166667 0.0474950390625 0.49140211666666667 0.0474950390625 0.49140211666666667 0.18142361093749998 0.6600529104166667 0.18142361093749998 0.6600529104166667 0.0474950390625
4 0.6347552916666667 0.17212301562500001 0.4727182541666667 0.17212301562500001 0.4727182541666667 0.3045634921875 0.6347552916666667 0.3045634921875 0.6347552916666667 0.17212301562500001
4 0.5092592583333333 0.14087301562500001 0.37070105833333333 0.14087301562500001 0.37070105833333333 0.25892857187499996 0.5092592583333333 0.25892857187499996 0.5092592583333333 0.14087301562500001
4 0.37946428541666666 0.18812003906250002 0.18501984166666666 0.18812003906250002 0.18501984166666666 0.3399057546875 0.37946428541666666 0.3399057546875 0.37946428541666666 0.18812003906250002
4 0.60615079375 0.3303571421875 0.4828042333333334 0.3303571421875 0.4828042333333334 0.42534722187499996 0.60615079375 0.42534722187499996 0.60615079375 0.3303571421875
4 0.5825066145833334 0.3592509921875 0.4264219583333333 0.3592509921875 0.4264219583333333 0.4780505953125 0.5825066145833334 0.4780505953125 0.5825066145833334 0.3592509921875
4 0.46048280416666665 0.3685515875 0.36755952291666666 0.3685515875 0.36755952291666666 0.4605654765625 0.46048280416666665 0.4605654765625 0.46048280416666665 0.3685515875
4 0.46858465625 0.4750744046875 0.36408730208333334 0.4750744046875 0.36408730208333334 0.5546875 0.46858465625 0.5546875 0.46858465625 0.4750744046875
4 0.5914351854166667 0.49578372968749995 0.4475859791666667 0.49578372968749995 0.4475859791666667 0.6024305562500001 0.5914351854166667 0.6024305562500001 0.5914351854166667 0.49578372968749995
4 0.580853175 0.609375 0.45949074166666665 0.609375 0.45949074166666665 0.7018849203124999 0.580853175 0.7018849203124999 0.580853175 0.609375
4 0.45337301666666663 0.549355159375 0.3267195770833334 0.549355159375 0.3267195770833334 0.646329365625 0.45337301666666663 0.646329365625 0.45337301666666663 0.549355159375
4 0.43931878333333335 0.6402529765625 0.3295304229166666 0.6402529765625 0.3295304229166666 0.7220982140625 0.43931878333333335 0.7220982140625 0.43931878333333335 0.6402529765625
3 0.6390542333333333 0.6212797625 0.5692790999999999 0.6212797625 0.5692790999999999 0.671875 0.6390542333333333 0.671875 0.6390542333333333 0.6212797625
3 0.7726521166666667 0.8446180562500001 0.70089285625 0.8446180562500001 0.70089285625 0.901909721875 0.7726521166666667 0.901909721875 0.7726521166666667 0.8446180562500001
3 0.5897817458333333 0.676959325 0.5246362437500001 0.676959325 0.5246362437500001 0.7265625 0.5897817458333333 0.7265625 0.5897817458333333 0.676959325
4 0.5428240750000001 0.7630208328125 0.48429232708333336 0.7630208328125 0.48429232708333336 0.8113839281249999 0.5428240750000001 0.8113839281249999 0.5428240750000001 0.7630208328125
4 0.4512235458333333 0.71279761875 0.35598545000000004 0.71279761875 0.35598545000000004 0.7867063484375 0.4512235458333333 0.7867063484375 0.4512235458333333 0.71279761875
4 0.44675925833333335 0.775049603125 0.3974867729166667 0.775049603125 0.3974867729166667 0.80927579375 0.44675925833333335 0.80927579375 0.44675925833333335 0.775049603125
3 0.13293650833333334 0.6493055562500001 0.0625 0.6493055562500001 0.0625 0.6981646828125 0.13293650833333334 0.6981646828125 0.13293650833333334 0.6493055562500001
3 0.055886243749999995 0.63876488125 0.0006613750000000001 0.63876488125 0.0006613750000000001 0.6871279765625 0.055886243749999995 0.6871279765625 0.055886243749999995 0.63876488125
3 0.136574075 0.695064484375 0.06878306875 0.695064484375 0.06878306875 0.7434275796875001 0.136574075 0.7434275796875001 0.136574075 0.695064484375
3 0.07142857083333333 0.68154761875 0.0013227520833333332 0.68154761875 0.0013227520833333332 0.730902778125 0.07142857083333333 0.730902778125 0.07142857083333333 0.68154761875
3 0.08597883541666666 0.726810515625 0.012896825 0.726810515625 0.012896825 0.77938988125 0.08597883541666666 0.77938988125 0.08597883541666666 0.726810515625
3 0.2986111104166667 0.455853175 0.19775132291666667 0.455853175 0.19775132291666667 0.5257936515625 0.2986111104166667 0.5257936515625 0.2986111104166667 0.455853175
3 0.23991402083333335 0.730902778125 0.18766534375 0.730902778125 0.18766534375 0.765376984375 0.23991402083333335 0.765376984375 0.23991402083333335 0.730902778125