4 0.5793337494780793 0 0.4723730271398748 0.014115576562500001 0.5051590501043841 0.1532791375 0.6790428684759916 0.1303317375 0.6483375636743215 0 0.5793337494780793 0
4 0.8868481858037578 0.091490521875 0.9107286701461378 0.0883390203125 0.8981037974947808 0.034751479687499996 0.8742233110647182 0.03790298125 0.8868481858037578 0.091490521875
4 0.8525627181628392 0.100243759375 0.671372860125261 0.12415533593750001 0.7029350438413362 0.2581241859375 0.8841249039665972 0.2342126109375 0.8525627181628392 0.100243759375
4 0.6639281816283924 0.1772904796875 0.5313235073068894 0.19479028125 0.5575394446764091 0.30606645 0.6901441189979123 0.288566646875 0.6639281816283924 0.1772904796875
4 0.7447884321503132 0.3422470203125 0.6677096826722339 0.35241908125 0.6801413194154489 0.405186403125 0.7572200688935282 0.3950143421875 0.7447884321503132 0.3422470203125
4 0.6436910104384134 0.38476612499999996 0.5582103110647182 0.3960469890625 0.573798164926931 0.46221119687499995 0.659278866388309 0.4509303328125 0.6436910104384134 0.38476612499999996
4 0.7712372818371608 0.47209826875000005 0.6810076534446765 0.484005846875 0.6960802066805846 0.547982809375 0.7863098350730688 0.5360752296875 0.7712372818371608 0.47209826875000005
4 0.7200130626304801 0.6303829671875001 0.5190968893528184 0.65689781875 0.553493229645094 0.8028965265625001 0.7544094050104384 0.7763816734375 0.7200130626304801 0.6303829671875001
3 0.64572778914405 0.6979771734375 0.4028018705636743 0.7300360390625 0.44776188100208764 0.9208733 0.6906877995824634 0.8888144328124999 0.64572778914405 0.6979771734375
3 0.34011545511482255 0.5335037984375 0.13445035281837162 0.560645365625 0.1715520229645094 0.718127115625 0.377217127348643 0.6909855484375 0.34011545511482255 0.5335037984375
4 0.4472151628392484 0.741089209375 0.37342413152400833 0.7508273921875 0.3894628747390397 0.8189054406249999 0.46325390605427974 0.8091672578125 0.4472151628392484 0.741089209375
4 0.47608762630480167 0.779705821875 0.374533630480167 0.793107875 0.40416343841336116 0.9188745515625 0.5057174321503132 0.9054724984375 0.47608762630480167 0.779705821875