3 0.5036858979166666 0.6677884609375 0.34118589791666665 0.6677884609375 0.34118589791666665 0.793509615625 0.5036858979166666 0.793509615625 0.5036858979166666 0.6677884609375
4 0.5381410249999999 0.707572115625 0.43205128125 0.707572115625 0.43205128125 0.808533653125 0.5381410249999999 0.808533653125 0.5381410249999999 0.707572115625
5 0.6299679479166667 0.6349759609375 0.494391025 0.6349759609375 0.494391025 0.7311298078124999 0.6299679479166667 0.7311298078124999 0.6299679479166667 0.6349759609375
3 0.7528846145833333 0.40552884687499996 0.7019230770833332 0.40552884687499996 0.7019230770833332 0.443509615625 0.7528846145833333 0.443509615625 0.7528846145833333 0.40552884687499996
3 0.6173076916666667 0.42475961562500003 0.5740384625 0.42475961562500003 0.5740384625 0.46394230781249995 0.6173076916666667 0.46394230781249995 0.6173076916666667 0.42475961562500003
4 0.6362179479166666 0.4584134609375 0.5913461541666667 0.4584134609375 0.5913461541666667 0.4884615390625 0.6362179479166666 0.4884615390625 0.6362179479166666 0.4584134609375
5 0.6863782041666667 0.451802884375 0.6341346145833333 0.451802884375 0.6341346145833333 0.4881009609375 0.6863782041666667 0.4881009609375 0.6863782041666667 0.451802884375
4 0.81330128125 0.417427884375 0.7661858979166667 0.417427884375 0.7661858979166667 0.44819711562500003 0.81330128125 0.44819711562500003 0.81330128125 0.417427884375
4 0.9597756416666667 0.40132211562500003 0.9193910249999999 0.40132211562500003 0.9193910249999999 0.426322115625 0.9597756416666667 0.426322115625 0.9597756416666667 0.40132211562500003
5 0.8899038458333333 0.403125 0.8498397437499999 0.403125 0.8498397437499999 0.42956730781249997 0.8899038458333333 0.42956730781249997 0.8899038458333333 0.403125
4 0.7753205125 0.393990384375 0.7291666666666666 0.393990384375 0.7291666666666666 0.42572115312500003 0.7753205125 0.42572115312500003 0.7753205125 0.393990384375
5 0.655608975 0.30360576875 0.6181089750000001 0.30360576875 0.6181089750000001 0.33125 0.655608975 0.33125 0.655608975 0.30360576875