4 0.4455027014613779 0.4858806109375 0.3400432317327766 0.4886369015625 0.34414568058455114 0.5765624 0.4496051503131524 0.573806109375 0.4455027014613779 0.4858806109375
4 0.6989949770354906 0.40691161249999996 0.5788022004175366 0.410052971875 0.5826744780793319 0.49304535781250003 0.702867254697286 0.48990399843750004 0.6989949770354906 0.40691161249999996
4 0.66740451565762 0.35384264062500004 0.5817186972860126 0.3560821265625 0.5844265824634656 0.414118759375 0.6701124029227558 0.41187927343749997 0.66740451565762 0.35384264062500004
4 0.6540879812108559 0.6965885765625 0.6013582463465553 0.6979667218750001 0.6040661315240083 0.7560033546875 0.6567958684759916 0.7546252109375 0.6540879812108559 0.6965885765625
4 0.49063004384133607 0.32156461875 0.41967753235908145 0.32341903437499997 0.422412496868476 0.382036034375 0.4933650083507307 0.38018161875 0.49063004384133607 0.32156461875
4 0.6866550855949896 0.53347246875 0.6056218893528185 0.535590353125 0.6089932087682672 0.6078459625 0.6900264050104384 0.6057280781250001 0.6866550855949896 0.53347246875
4 0.23884739248434236 0.2374976578125 0.1442440438413361 0.2399702125 0.14700608768267223 0.299167578125 0.2416094363256785 0.2966950234375 0.23884739248434236 0.2374976578125
4 0.7161321691022965 0.5620462953125 0.644404223382046 0.563920978125 0.6468819394572025 0.6170244984375 0.7186098851774531 0.6151498156249999 0.7161321691022965 0.5620462953125
4 0.21997594780793317 0.20327170625000002 0.1788777745302714 0.20434584843749998 0.18039418997912318 0.2368463625 0.22149236534446765 0.23577222031249997 0.21997594780793317 0.20327170625000002
4 1 0.8525728515625 0.9731164446764091 0.8532754796875001 0.9750255052192067 0.8941913046875 1 0.893538571875 1 0.8525728515625
4 0.8535969060542798 0.6586887921875 0.8082338267223382 0.6598744015625 0.8099804133611691 0.69730803125 0.8553434926931107 0.6961224203125 0.8535969060542798 0.6586887921875