5 0.8824331440501044 0.7157202953125 0.6131321482254697 0.6945360140625 0.5837030396659707 0.9040979578125 0.8530040375782881 0.9252822374999999 0.8824331440501044 0.7157202953125
4 0.5599825762004175 0.653367315625 0.3419594405010439 0.6362167546874999 0.31764843841336116 0.8093331421875 0.5356715741127348 0.826483703125 0.5599825762004175 0.653367315625
4 0.4978705866388309 0.51002156875 0.30751536325678497 0.4950474734375 0.287159260960334 0.6400013875 0.4775144843423799 0.6549754812499999 0.4978705866388309 0.51002156875
4 0.6942888559498956 0.4579176359375 0.47110104592901875 0.4403608 0.4477206075156576 0.606850721875 0.6709084196242171 0.6244075578125 0.6942888559498956 0.4579176359375
4 0.8159976951983298 0.417244234375 0.6356029185803758 0.40305366875 0.6166426638830897 0.538067884375 0.7970374405010439 0.55225845 0.8159976951983298 0.417244234375
4 0.6220989874739039 0.30931267500000004 0.4501890375782881 0.295789559375 0.43165529018789145 0.42776664531249997 0.60356524217119 0.4412897625 0.6220989874739039 0.30931267500000004
4 0.50108751565762 0.3423642328125 0.378241993736952 0.33270071875 0.3631590918580376 0.440104665625 0.48600461377870563 0.4497681796875 0.50108751565762 0.3423642328125
4 0.4628885866388309 0.3036277984375 0.3669731649269311 0.29608271249999996 0.35871440292275575 0.3548925875 0.4546298246346555 0.3624376734375 0.4628885866388309 0.3036277984375
4 0.7013848643006263 0.31708495625 0.584810732776618 0.30791477500000003 0.5684095302713987 0.42470621406250003 0.684983661795407 0.43387639531250005 0.7013848643006263 0.31708495625
4 0.6664406283924843 0.1980689765625 0.5310523215031315 0.18741879687500002 0.5162796075156576 0.292613921875 0.6516679144050105 0.3032641015625 0.6664406283924843 0.1980689765625
4 0.5448397599164927 0.198134140625 0.44043950730688936 0.1899216046875 0.4289237703549061 0.2719241046875 0.5333240208768267 0.280136640625 0.5448397599164927 0.198134140625
4 0.5654790250521922 0.153418346875 0.4784173319415449 0.14656973125 0.4695769686847599 0.20952114531250002 0.556638661795407 0.2163697625 0.5654790250521922 0.153418346875
4 0.6369718705636743 0.1263813828125 0.5303581899791232 0.1179947296875 0.5191526388308977 0.1977884078125 0.6257663215031316 0.20617506093750002 0.6369718705636743 0.1263813828125