1 0.4332348916666667 0.680034678125 0.3167434229166667 0.6938725046875 0.3347733354166667 0.7792497984375 0.45126480625000004 0.7654119703125 0.4332348916666667 0.680034678125
1 0.4076448 0.614437103125 0.2948040604166666 0.6278412671875 0.31073136041666666 0.703262025 0.42357209791666667 0.6898578625 0.4076448 0.614437103125
1 0.27710287499999997 0.6197376593749999 0.21072596875 0.6276224609375001 0.22055568750000001 0.6741692640625 0.28693259374999996 0.6662844625 0.27710287499999997 0.6197376593749999
1 0.3204926875 0.5738858265625 0.24880562916666668 0.5824014125 0.259581525 0.633428659375 0.3312685833333333 0.6249130734375 0.3204926875 0.5738858265625
1 0.6277904562500001 0.5219454078125 0.5517889 0.53097350625 0.5656135854166667 0.596437728125 0.6416151416666668 0.5874096296875 0.6277904562500001 0.5219454078125
1 0.73932891875 0.493514065625 0.60557945625 0.5094019421875 0.6268684208333333 0.6102118640625 0.7606178833333334 0.5943239890625 0.73932891875 0.493514065625
1 0.7931426375 0.5082997015624999 0.7563034541666667 0.512675765625 0.7657652166666666 0.5574801765624999 0.8026043979166667 0.5531041109375 0.7931426375 0.5082997015624999
1 0.6467481208333333 0.459476278125 0.5352349208333333 0.47272274531249997 0.5492698687500001 0.5391826203125001 0.6607830666666668 0.5259361546875 0.6467481208333333 0.459476278125
1 0.2595764375 0.5568820015625 0.22572421666666667 0.56090325 0.23040253125000001 0.5830565421875 0.26425475416666666 0.57903529375 0.2595764375 0.5568820015625
1 0.4631878708333333 0.20405242499999998 0.34072248125000004 0.21859988281249998 0.36085500833333334 0.3139337125 0.48332039791666664 0.2993862546875 0.4631878708333333 0.20405242499999998
1 0.38880510208333335 0.12166940781249999 0.19963092291666668 0.14414109375 0.228068775 0.27880323906250004 0.4172429541666667 0.2563315546875 0.38880510208333335 0.12166940781249999
1 0.4468215208333334 0.0975546 0.3177184416666667 0.11289053906249999 0.34121515208333336 0.224154825 0.47031822916666666 0.20881888593750003 0.4468215208333334 0.0975546
2 0.7271665312500001 0.075862553125 0.6076881041666666 0.090055196875 0.6246667104166667 0.17045422187499998 0.7441451375 0.156261578125 0.7271665312500001 0.075862553125
1 0.6083699791666667 0.0087065203125 0.48789589791666665 0.023017434375 0.51207595625 0.137517596875 0.6325500374999999 0.12320668125 0.6083699791666667 0.0087065203125
1 0.58203621875 0 0.6062626291666666 0.11471964999999999 0.7781788125 0.0942980140625 0.7582650270833333 0 0.58203621875 0