3 0.14126087916666666 0.31478717968750003 0.3329720208333333 0.2996749390625 0.31251447916666664 0.153694553125 0.12080333541666667 0.1688067921875 0.14126087916666666 0.31478717968750003
5 0.35861295416666666 0.3981058140625 0.5242852333333333 0.3850461703125 0.5048197791666666 0.24614510156249997 0.3391475 0.25920474531250004 0.35861295416666666 0.3981058140625
4 0.33565824791666665 0.5196186593750001 0.5107696125 0.50581495 0.49267255624999995 0.3766784546875 0.3175611916666667 0.39048216406249997 0.33565824791666665 0.5196186593750001
4 0.175864675 0.6004581546875001 0.32851752083333335 0.588424809375 0.31247305833333333 0.473935175 0.15982021458333331 0.485968521875 0.175864675 0.6004581546875001
4 0.33147279375 0.58720460625 0.47208266458333337 0.5761205875 0.45867236875 0.48042775937500004 0.31806249791666663 0.491511778125 0.33147279375 0.58720460625
3 0.5631140958333333 0.5775831328125001 0.6679205291666667 0.5693214328125 0.6566654583333332 0.489007809375 0.5518590270833333 0.497269509375 0.5631140958333333 0.5775831328125001
5 0.6486655041666667 0.611563096875 0.7326408416666667 0.6049434734375 0.7242594062500001 0.5451354562499999 0.64028406875 0.551755078125 0.6486655041666667 0.611563096875
3 0.463623825 0.6813118671875 0.5977239770833334 0.670740996875 0.5844163125 0.5757805125 0.4503161583333333 0.5863513828125 0.463623825 0.6813118671875
4 0.6215689354166667 0.715261821875 0.6993600458333333 0.709129690625 0.6904654604166667 0.6456599578125 0.6126743520833333 0.6517920890625 0.6215689354166667 0.715261821875
5 0.49347847499999997 0.7816318828125 0.6383196625 0.7702143171875 0.62220678125 0.655236453125 0.4773655958333333 0.6666540203125 0.49347847499999997 0.7816318828125
3 0.6789012375 0.8144030703125 0.7407435416666667 0.809528153125 0.7322936875 0.7492319078125 0.6704513833333333 0.7541068234375 0.6789012375 0.8144030703125
4 0.5777103437500001 0.8179371640624999 0.7092066104166667 0.807571553125 0.6939489791666666 0.69869655 0.5624527104166667 0.7090621609375 0.5777103437500001 0.8179371640624999
4 0.44459347916666664 0.83669869375 0.570881975 0.826743603125 0.5575743083333333 0.7317831171875 0.4312858145833333 0.7417382078125 0.44459347916666664 0.83669869375
4 0.5433084333333333 0.917645753125 0.66666755625 0.907921578125 0.6520257020833333 0.8034406328125 0.52866658125 0.81316480625 0.5433084333333333 0.917645753125
4 0.6574180979166666 0.902974040625 0.7221897729166666 0.8978682078125001 0.7141504375000001 0.8405013328125 0.6493787624999999 0.8456071671875 0.6574180979166666 0.902974040625
4 0.6279249166666666 0.9578696921875001 0.6897672208333333 0.952994775 0.6827541833333334 0.90295133125 0.6209118791666667 0.9078262484374999 0.6279249166666666 0.9578696921875001
4 0.44643045000000003 0.9402145359375 0.5577465958333333 0.9314396875 0.5451573375 0.8416056046874999 0.4338411916666667 0.8503804531249999 0.44643045000000003 0.9402145359375