5 0.8605518125 0.8677424468750001 0.9746759687500001 0.872228190625 0.9847377916666668 0.728234928125 0.8706136354166667 0.7237491828125 0.8605518125 0.8677424468750001
3 0.8568101041666666 0.5694689609375 0.6333960979166666 0.5606874875 0.62195891875 0.7243632812499999 0.8453729249999999 0.7331447546875001 0.8568101041666666 0.5694689609375
4 0.87769923125 0.44148279375 0.727145125 0.4355651390625 0.7195806604166666 0.5438190671875 0.8701347666666667 0.549736721875 0.87769923125 0.44148279375
4 0.7616154625 0.356025965625 0.6362688083333333 0.3510991109375 0.6293196354166667 0.450547696875 0.7546662895833334 0.4554745515625 0.7616154625 0.356025965625
4 0.9066358375 0.3321212265625 0.7930296416666667 0.32765584062499997 0.787184375 0.4113066015625 0.9007905708333334 0.41577198906249996 0.9066358375 0.3321212265625
4 1 0.21165820625 0.8218804062499999 0.2046570671875 0.8123071979166667 0.3416578515625 0.9960108333333333 0.34887847656250004 1 0.2917900953125 1 0.21165820625
4 0.7025120499999999 0.074533959375 0.58269031875 0.0698242671875 0.5753611125 0.1747114453125 0.6951828458333333 0.17942113906249998 0.7025120499999999 0.074533959375
4 1 0.0662306875 0.83322319375 0.059675385937500006 0.8243014708333334 0.187352865625 0.9955740333333334 0.1940848765625 1 0.1307455109375 1 0.0662306875
4 0.8904229541666666 0.0512763 0.7750902208333332 0.04674305 0.7679962729166667 0.14826347812500001 0.8833290083333334 0.152796728125 0.8904229541666666 0.0512763
4 0.6552399125 0.220830175 0.5699489375 0.2174777421875 0.56761445 0.25088625000000003 0.652905425 0.2542386828125 0.6552399125 0.220830175
4 0.6369161083333333 0.205567190625 0.59789635 0.2040334859375 0.5967200583333334 0.2208672296875 0.6357398166666666 0.22240093437500003 0.6369161083333333 0.205567190625
3 0.7087427833333333 0.24799342656249998 0.5205501499999999 0.24059635781250002 0.5111217166666667 0.37552529687499997 0.6993143479166667 0.382922365625 0.7087427833333333 0.24799342656249998
3 0.6864090895833334 0.376831734375 0.5296394458333333 0.3706697734375 0.52122443125 0.4910957953125 0.6779940750000001 0.49725775624999996 0.6864090895833334 0.376831734375
4 0.5330805375 0.3610665796875 0.434667875 0.3571983875 0.43159141875 0.4012251046875 0.53000408125 0.40509329687499995 0.5330805375 0.3610665796875
4 0.5119419270833333 0.2919367125 0.46083640416666666 0.2899279671875 0.45795901041666665 0.33110589687499997 0.5090645354166666 0.33311464218750003 0.5119419270833333 0.2919367125
4 0.4698347 0.2974231828125 0.4069887208333334 0.29495296875 0.40465423333333334 0.328361478125 0.4675002125 0.330831690625 0.4698347 0.2974231828125
5 0.47772909166666666 0.3207162203125 0.3989989625 0.31762166718749996 0.39498147083333335 0.37511537968750003 0.47371160208333335 0.378209934375 0.47772909166666666 0.3207162203125
3 0.5424918833333333 0.3824715515625 0.36673032291666663 0.375563096875 0.36151844375 0.45014953437500005 0.5372800041666667 0.4570579890625 0.5424918833333333 0.3824715515625
3 0.40114565416666664 0.386005040625 0.33519190625 0.38341267343749996 0.3306134145833333 0.4489347875 0.3965671625 0.45152715312499997 0.40114565416666664 0.386005040625
3 0.58627405625 0.4174330234375 0.3466305916666667 0.40801363593750006 0.3343971541666667 0.58308458125 0.5740406166666666 0.59250396875 0.58627405625 0.4174330234375
4 0.5843406520833334 0.5466836421875 0.512516675 0.5438605421875 0.5094221229166667 0.5881462390625 0.5812460979166667 0.590969340625 0.5843406520833334 0.5466836421875
4 0.3820583895833333 0.5228915578125 0.33095286875 0.5208828125 0.32758686249999996 0.5690532203124999 0.37869238541666667 0.571061965625 0.3820583895833333 0.5228915578125
3 0.2683470270833333 0.47037901875 0.20929943125 0.4680581046875 0.20622297291666666 0.5120848203125 0.26527057083333333 0.514405734375 0.2683470270833333 0.47037901875
3 0.32839532708333335 0.44599099062500003 0.26934772916666666 0.4436700765625 0.26636175625 0.48640188906250004 0.32540935416666666 0.4887228046875 0.32839532708333335 0.44599099062500003
5 0.2798133354166667 0.4351220609375 0.22180166041666668 0.4328418640625 0.21892426874999998 0.47401979531249994 0.27693594374999997 0.4762999921875 0.2798133354166667 0.4351220609375
5 0.3222683104166667 0.40731574843749996 0.2680550208333334 0.40518485000000004 0.26532240208333335 0.44429093281250004 0.31953569374999996 0.44642183125 0.3222683104166667 0.40731574843749996
3 0 0.6730385453125 0.04475111666666667 0.674797525 0.047483735416666666 0.6356914406249999 0 0.633825053125 0 0.6730385453125
4 0 0.6343444390624999 0.03432585208333334 0.6356936453124999 0.03702227708333334 0.597105521875 0 0.59565033125 0 0.6343444390624999
4 0.07319764166666666 0.5674942296875 0.03728565416666666 0.5660826796875 0.035439779166666664 0.5924987109375001 0.07135176875 0.5939102609375 0.07319764166666666 0.5674942296875
4 0.06970249791666668 0.5481396421875 0.0424232 0.5470674062499999 0.04102974583333333 0.5670089203125 0.06830904583333333 0.56808115625 0.06970249791666668 0.5481396421875
4 0.08817425208333333 0.54146446875 0.049499802083333336 0.5399443374999999 0.04776251041666667 0.564806484375 0.08643695833333333 0.566326615625 0.08817425208333333 0.54146446875