5 0.8280448708333333 0.1394230765625 0.5940705125 0.1394230765625 0.5940705125 0.321875 0.8280448708333333 0.321875 0.8280448708333333 0.1394230765625
4 0.5434294875 0.20300480781250002 0.3540064104166667 0.20300480781250002 0.3540064104166667 0.3537259609375 0.5434294875 0.3537259609375 0.5434294875 0.20300480781250002
4 0.47275641041666666 0.3467548078125 0.30737179583333335 0.3467548078125 0.30737179583333335 0.47295673125000004 0.47275641041666666 0.47295673125000004 0.47275641041666666 0.3467548078125
4 0.6352564104166666 0.386177884375 0.44134615416666667 0.386177884375 0.44134615416666667 0.5311298078125 0.6352564104166666 0.5311298078125 0.6352564104166666 0.386177884375
4 0.7349358979166667 0.4568509609375 0.5782051291666667 0.4568509609375 0.5782051291666667 0.5743990390625 0.7349358979166667 0.5743990390625 0.7349358979166667 0.4568509609375
4 0.5552884625 0.539302884375 0.4059294875 0.539302884375 0.4059294875 0.6542067312500001 0.5552884625 0.6542067312500001 0.5552884625 0.539302884375
4 0.45528846250000005 0.5240384609375 0.34855769166666667 0.5240384609375 0.34855769166666667 0.6175480765625 0.45528846250000005 0.6175480765625 0.45528846250000005 0.5240384609375
4 0.4177884625 0.597115384375 0.3344551291666667 0.597115384375 0.3344551291666667 0.6483173078125 0.4177884625 0.6483173078125 0.4177884625 0.597115384375
4 0.624358975 0.5512019234375 0.5230769229166666 0.5512019234375 0.5230769229166666 0.652884615625 0.624358975 0.652884615625 0.624358975 0.5512019234375
4 0.5799679479166666 0.66141826875 0.46233974375000003 0.66141826875 0.46233974375000003 0.7530048078125 0.5799679479166666 0.7530048078125 0.5799679479166666 0.66141826875
4 0.47548076875 0.6733173078125 0.38477564166666667 0.6733173078125 0.38477564166666667 0.7447115390625 0.47548076875 0.7447115390625 0.47548076875 0.6733173078125
4 0.48782051249999997 0.7298076921875001 0.41217948750000005 0.7298076921875001 0.41217948750000005 0.784615384375 0.48782051249999997 0.784615384375 0.48782051249999997 0.7298076921875001
4 0.5459935895833333 0.74326923125 0.45336538541666666 0.74326923125 0.45336538541666666 0.8127403843750001 0.5459935895833333 0.8127403843750001 0.5459935895833333 0.74326923125
3 0.8415064104166666 0.931971153125 0.76875 0.931971153125 0.76875 0.99326923125 0.8415064104166666 0.99326923125 0.8415064104166666 0.931971153125
3 0.86955128125 0.9408653843750001 0.8233974354166667 0.9408653843750001 0.8233974354166667 0.9959134609375001 0.86955128125 0.9959134609375001 0.86955128125 0.9408653843750001
4 0.78108974375 0.9487980765625 0.7288461541666666 0.9487980765625 0.7288461541666666 0.9966346156249999 0.78108974375 0.9966346156249999 0.78108974375 0.9487980765625