5 0.4733974354166667 0.42487980781249995 0.29711538541666666 0.42487980781249995 0.29711538541666666 0.5568509609375 0.4733974354166667 0.5568509609375 0.4733974354166667 0.42487980781249995
4 0.46233974375000003 0.32788461562500004 0.3331730770833333 0.32788461562500004 0.3331730770833333 0.43581730781249994 0.46233974375000003 0.43581730781249994 0.46233974375000003 0.32788461562500004
4 0.5096153854166666 0.4769230765625 0.38269230833333334 0.4769230765625 0.38269230833333334 0.5834134609375 0.5096153854166666 0.5834134609375 0.5096153854166666 0.4769230765625
4 0.5461538458333333 0.51141826875 0.4477564104166667 0.51141826875 0.4477564104166667 0.5974759609375 0.5461538458333333 0.5974759609375 0.5461538458333333 0.51141826875
5 0.7402243583333333 0.43509615312500005 0.5264423083333333 0.43509615312500005 0.5264423083333333 0.5677884609375 0.7402243583333333 0.5677884609375 0.7402243583333333 0.43509615312500005
4 0.7099358979166667 0.54423076875 0.5637820520833333 0.54423076875 0.5637820520833333 0.596634615625 0.7099358979166667 0.596634615625 0.7099358979166667 0.54423076875
4 0.6714743583333332 0.593509615625 0.5112179479166666 0.593509615625 0.5112179479166666 0.7122596156250001 0.6714743583333332 0.7122596156250001 0.6714743583333332 0.593509615625
4 0.7535256416666667 0.597115384375 0.6467948708333334 0.597115384375 0.6467948708333334 0.6939903843749999 0.7535256416666667 0.6939903843749999 0.7535256416666667 0.597115384375
4 0.6487179479166667 0.707572115625 0.5176282041666667 0.707572115625 0.5176282041666667 0.802283653125 0.6487179479166667 0.802283653125 0.6487179479166667 0.707572115625
4 0.6503205125 0.7983173078125 0.5333333333333333 0.7983173078125 0.5333333333333333 0.8918269234375 0.6503205125 0.8918269234375 0.6503205125 0.7983173078125
3 0.3796474354166667 0.8510817312500001 0.3296474354166667 0.8510817312500001 0.3296474354166667 0.9044471156249999 0.3796474354166667 0.9044471156249999 0.3796474354166667 0.8510817312500001
4 0.7006410249999999 0.8272836531250001 0.6102564104166667 0.8272836531250001 0.6102564104166667 0.910216346875 0.7006410249999999 0.910216346875 0.7006410249999999 0.8272836531250001
4 0.7826923083333334 0.7875 0.6708333333333333 0.7875 0.6708333333333333 0.87139423125 0.7826923083333334 0.87139423125 0.7826923083333334 0.7875
3 0.8530448708333334 0.6590144234374999 0.7780448708333334 0.6590144234374999 0.7780448708333334 0.710216346875 0.8530448708333334 0.710216346875 0.8530448708333334 0.6590144234374999
5 0.7657051291666667 0.7248798078124999 0.6977564104166666 0.7248798078124999 0.6977564104166666 0.7756009609375 0.7657051291666667 0.7756009609375 0.7657051291666667 0.7248798078124999
3 0.8112179479166667 0.7712740390625 0.7349358979166667 0.7712740390625 0.7349358979166667 0.81670673125 0.8112179479166667 0.81670673125 0.8112179479166667 0.7712740390625
4 0.90608974375 0.9222355765625 0.8554487187500001 0.9222355765625 0.8554487187500001 0.9782451921875 0.90608974375 0.9782451921875 0.90608974375 0.9222355765625
3 0.8315705125 0.814903846875 0.7681089750000001 0.814903846875 0.7681089750000001 0.88125 0.8315705125 0.88125 0.8315705125 0.814903846875
4 0.05881410208333333 0.33269230781250003 0.011057691666666668 0.33269230781250003 0.011057691666666668 0.369471153125 0.05881410208333333 0.369471153125 0.05881410208333333 0.33269230781250003