3 0.9165662839248435 0.2025972296875 0.6655694822546973 0.20915728437499997 0.6743929164926931 0.3982650734375 0.9253897181628393 0.3917050171875 0.9165662839248435 0.2025972296875
3 0.7473662818371608 0.1884617703125 0.5492461398747391 0.193639840625 0.5544583945720251 0.3053511984375 0.7525785365344467 0.300173128125 0.7473662818371608 0.1884617703125
3 0.7870885511482255 0.0020976625 0.5277251899791231 0.0088763859375 0.5379159645093946 0.22728961875000003 0.7972793277661795 0.22051089531249998 0.7870885511482255 0.0020976625
4 0.572583770354906 0.051088785937500006 0.49862337995824635 0.053021815625 0.504945866388309 0.18852819062499998 0.5789062588726513 0.1865951609375 0.572583770354906 0.051088785937500006
4 0.4775380981210856 0.2977065828125 0.41462156784968685 0.2993509703125 0.4169355281837161 0.3489448 0.4798520584551148 0.3473004125 0.4775380981210856 0.2977065828125
4 0.5708945699373695 0.3200937703125 0.4765197745302714 0.3225603515625 0.4796050542797495 0.388685459375 0.5739798496868476 0.386218878125 0.5708945699373695 0.3200937703125
4 0.5916271837160753 0.380240503125 0.47851129018789146 0.38319690156249997 0.48229777244258876 0.4643504421875 0.5954136638830898 0.46139404375000004 0.5916271837160753 0.380240503125
4 0.482071993736952 0.38410695625 0.39572909394572026 0.386363615625 0.39881437369519834 0.452488721875 0.48515727348643006 0.45023206250000003 0.482071993736952 0.38410695625
5 0.4825692171189979 0.44503333749999996 0.3778198851774531 0.44777106718750004 0.38167648643006263 0.5304274515625 0.4864258183716075 0.5276897218750001 0.4825692171189979 0.44503333749999996
3 0.6089303048016701 0.4566521328125 0.47573467014613774 0.46013333593750005 0.4796964509394572 0.5450439859375 0.6128920855949895 0.5415627828125 0.6089303048016701 0.4566521328125
3 0.6560337870563674 0.5290247703125 0.46661486638830896 0.5339754265625001 0.4732645803757829 0.676495071875 0.6626835010438413 0.671544415625 0.6560337870563674 0.5290247703125
3 0.45619145929018784 0.5296084359375001 0.3183105511482255 0.5332120921875 0.3233124446764092 0.64041491875 0.4611933549060543 0.6368112609375001 0.45619145929018784 0.5296084359375001
3 0.6095040605427975 0.72747881875 0.456898006263048 0.7314673328125 0.4625192943632568 0.851945275 0.6151253486430063 0.8479567609374999 0.6095040605427975 0.72747881875
3 0.6721672045929019 0.7168129984375 0.5741111189979123 0.71937579375 0.5777690459290188 0.7977741203125001 0.6758251315240084 0.795211325 0.6721672045929019 0.7168129984375
3 0.3895511732776618 0.695610609375 0.22857855949895617 0.6998177921875001 0.23429334029227558 0.8222995265625 0.3952659540709812 0.8180923437500001 0.3895511732776618 0.695610609375