3 0.4246494479166667 0.4458151265625 0.21285572708333333 0.45971228750000004 0.23183100416666666 0.6223786 0.443624725 0.6084814374999999 0.4246494479166667 0.4458151265625
5 0.17397882291666666 0.48165210312499995 0.033874729166666666 0.49084524375000005 0.04597306041666667 0.5945586640625 0.18607715416666668 0.5853655234375 0.17397882291666666 0.48165210312499995
4 0.24626264375 0.5904919937499999 0.16583925416666664 0.5957690953125 0.17405338541666668 0.6661850484375 0.254476775 0.660907946875 0.24626264375 0.5904919937499999
4 0.29424843333333334 0.4265946515625 0.17888999583333334 0.4341640671875 0.18958746875000002 0.525868565625 0.30494590625 0.5182991484375 0.29424843333333334 0.4265946515625
4 0.32917877916666666 0.28280530000000004 0.1428585291666667 0.29503098125 0.15976435416666668 0.43995684218750003 0.34608460625 0.42773115937500006 0.32917877916666666 0.28280530000000004
4 0 0.4833048046875 0.08478315208333333 0.47774163124999997 0.07207990416666667 0.3688425390625 0 0.3735721703125 0 0.4833048046875
4 0 0.385810521875 0.11116103125 0.378516525 0.09778919166666666 0.2638859015625 0 0.27030248437500004 0 0.385810521875
4 0.3077251916666667 0.2183459265625 0.16070686875 0.22799275468750002 0.17095861250000002 0.3158762328125 0.31797693541666666 0.3062294046875 0.3077251916666667 0.2183459265625
4 0.42805674375 0.12766943125000002 0.2333666395833333 0.1404443140625 0.24960387291666666 0.2796386421875 0.4442939791666667 0.266863759375 0.42805674375 0.12766943125000002
4 0.29447435208333334 0.07331775 0.15000337708333333 0.08279742968750001 0.16337521666666666 0.1974280515625 0.3078461916666667 0.187948371875 0.29447435208333334 0.07331775
5 0.4510104166666667 0.4124582109375 0.32800993958333335 0.4205290703125 0.33988540624999997 0.52233198125 0.46288588333333336 0.5142611203125 0.4510104166666667 0.4124582109375
4 0.412729275 0.5951076171875 0.2984625583333333 0.6026053984375 0.30562604375 0.6640146609375 0.4198927604166667 0.6565168796874999 0.412729275 0.5951076171875
4 0.52807319375 0.6455681921875 0.41016741041666666 0.6533047562500001 0.4204191541666667 0.7411882328125 0.5383249395833333 0.73345166875 0.52807319375 0.6455681921875
5 0.4792209416666667 0.500263371875 0.4118981958333333 0.5046808546875 0.42094010625 0.5821929906250001 0.48826285208333337 0.5777755078125 0.4792209416666667 0.500263371875
5 0.7435435937499999 0.5500241140625 0.6194513979166667 0.558166609375 0.6299260062500001 0.647960596875 0.7540182020833334 0.6398181015625 0.7435435937499999 0.5500241140625
4 0.5707692208333334 0.5982135265624999 0.48452332291666667 0.60387268125 0.49200518541666666 0.6680112453125 0.5782510833333333 0.662352090625 0.5707692208333334 0.5982135265624999
4 0.7303366333333333 0.5122505203125 0.6364486958333334 0.5184111171875 0.6431664541666666 0.5759993609375 0.7370543916666666 0.5698387625 0.7303366333333333 0.5122505203125
5 0.8177507125000001 0.41287070000000003 0.65544830625 0.423520415625 0.6692021979166667 0.5414261984375 0.8315046041666666 0.5307764828125 0.8177507125000001 0.41287070000000003
4 0.7630241541666667 0.385384503125 0.6312899145833334 0.3940284421875 0.6424331145833333 0.4895539609375 0.7741673541666666 0.48091002187500004 0.7630241541666667 0.385384503125
4 0.7743504625 0.1005465453125 0.67100095 0.10732797812499999 0.6789922166666666 0.175833421875 0.7823417291666667 0.16905198906250002 0.7743504625 0.1005465453125
4 0.41100030833333334 0.0160307703125 0.40959944791666664 0.0040218484375 0.27095098125 0.013119475 0.27235184166666665 0.025128396874999997 0.41100030833333334 0.0160307703125