3 0.27607976458333333 0.42314492187499997 0.40115268541666665 0.43632831093749996 0.41863993125000004 0.34300715 0.29356701041666666 0.3298237609375 0.27607976458333333 0.42314492187499997
3 0.10973341666666667 0.5688205171875 0.2560816270833333 0.5842464421875 0.27384069375000003 0.48947469374999997 0.12749248333333335 0.47404876875 0.10973341666666667 0.5688205171875
3 0.6257149520833334 0.67202278125 0.7272561104166667 0.6827257906249999 0.7418439166666667 0.60487756875 0.64030275625 0.5941745593750001 0.6257149520833334 0.67202278125
3 0.8033689354166668 0.48266880624999997 0.9071665645833333 0.493609659375 0.9219808875 0.4145526140625 0.8181832583333333 0.40361175937500005 0.8033689354166668 0.48266880624999997
5 0.27856793750000003 0.5379249890625 0.3868785083333333 0.54934153125 0.4021911729166667 0.46762507500000006 0.29388060208333333 0.45620853125 0.27856793750000003 0.5379249890625
5 0.7296075375 0.699122009375 0.8259910520833333 0.709281375 0.838993225 0.639894915625 0.7426097125 0.6297355515625 0.7296075375 0.699122009375
4 0.29372720416666664 0.6184156390625 0.3920448354166667 0.628778871875 0.40640612291666667 0.552139471875 0.3080884916666667 0.541776240625 0.29372720416666664 0.6184156390625
4 0.32436552291666665 0.6645430390625 0.4130125666666667 0.6738869375000001 0.424610325 0.6119951828125 0.33596328124999997 0.6026512859375 0.32436552291666665 0.6645430390625
4 0.20181914166666667 0.6799780546874999 0.3259250041666667 0.693059509375 0.34209843958333336 0.606749525 0.21799257916666667 0.59366806875 0.20181914166666667 0.6799780546874999
4 0.2523649229166667 0.7479270062500001 0.35229431666666666 0.7584601281250001 0.36774289375 0.6760183765625001 0.26781349791666664 0.66548525625 0.2523649229166667 0.7479270062500001
4 0.34692932291666667 0.7502518890625 0.414301075 0.75735325 0.42771098333333335 0.685790909375 0.36033923125 0.6786895484375 0.34692932291666667 0.7502518890625
3 0.7346990083333333 0.6017823250000001 0.8362401687500001 0.612485334375 0.8497859875 0.5401977 0.7482448291666667 0.529494690625 0.7346990083333333 0.6017823250000001
5 0.8209423666666668 0.55466175625 0.9147470583333334 0.5645492984375 0.9278398395833333 0.49467930937500004 0.8340351500000001 0.4847917671875 0.8209423666666668 0.55466175625
4 0.8808032833333334 0.59745934375 0.9678385645833333 0.6066333515625 0.9779412979166667 0.55271983125 0.89090601875 0.5435458234375 0.8808032833333334 0.59745934375
4 0.8405117520833334 0.6852950546875001 0.91916585625 0.693585640625 0.9291779833333333 0.6401556484375 0.8505238791666667 0.6318650640625 0.8405117520833334 0.6852950546875001
4 0.6956010270833333 0.7569259765624999 0.7774786604166667 0.7655563390625 0.7893029375 0.7024557609375 0.7074253041666666 0.6938253984375 0.6956010270833333 0.7569259765624999
4 0.6029951416666666 0.747657875 0.6758468937500001 0.7553368593750001 0.6856325020833334 0.7031156921874999 0.6127807500000001 0.69543670625 0.6029951416666666 0.747657875