1 0.6440473653444677 0.0796050625 0.4070004509394572 0.123839540625 0.46833148434238 0.3079441890625 0.7053783987473904 0.2637097109375 0.6440473653444677 0.0796050625
2 0.8639367202505219 0.08646484843749999 0.6554927494780793 0.1253618328125 0.7062156534446764 0.2776228 0.914659624217119 0.238725815625 0.8639367202505219 0.08646484843749999
1 0.7559425866388308 0.2336675203125 0.5685932881002087 0.268628103125 0.6123629645093946 0.4000167421875 0.7997122630480168 0.365056159375 0.7559425866388308 0.2336675203125
0 0.46512484551148225 0.665391828125 0.3163895260960334 0.69314679375 0.3534734070981211 0.804465884375 0.50220872651357 0.77671091875 0.46512484551148225 0.665391828125
2 0.320067 0.4659302 0.20923058246346557 0.48661298750000004 0.2354389018789144 0.5652856140625 0.34627531941544887 0.5446028265625 0.320067 0.4659302
1 0.37521825469728604 0.4542174765625 0.3087164070981211 0.46662715 0.3307349603340292 0.532722859375 0.39723681002087685 0.5203131875 0.37521825469728604 0.4542174765625
0 0.2971392275574113 0.41819480000000003 0.17593424217119 0.440812428125 0.19643735073068894 0.502359040625 0.31764233402922754 0.4797414125 0.2971392275574113 0.41819480000000003
1 0.13992429853862215 0.3805962328125 0.04660718580375783 0.39800980468749997 0.0677343006263048 0.46142957500000004 0.1610514133611691 0.44401600312499995 0.13992429853862215 0.3805962328125
1 0.07325377244258872 0.381099771875 0.031064425887265136 0.38897257500000004 0.04113769102296451 0.41921069375000003 0.0833270375782881 0.41133789062500004 0.07325377244258872 0.381099771875
1 0.15413289979123174 0.3291995765625 0.06331854697286013 0.34614611875 0.08364336743215031 0.40715754375 0.17445771816283925 0.3902110015625 0.15413289979123174 0.3291995765625
1 0.2703294864300626 0.31092729375 0.12409692275574112 0.3382152296875 0.16011107515657622 0.4463231921875 0.3063436388308977 0.41903525625000004 0.2703294864300626 0.31092729375
1 0.2941560229645094 0.29980173125 0.21263762630480168 0.3150135875 0.2371522108559499 0.38860192968749996 0.3186706075156576 0.3733900734375 0.2941560229645094 0.29980173125
1 0.3404814321503132 0.315174446875 0.288996127348643 0.32478193593750004 0.30031740918580374 0.35876636875 0.35180271189979123 0.3491588796875 0.3404814321503132 0.315174446875