5 0.5086444229166667 0.703533809375 0.6585800208333333 0.7015709578125 0.65563791875 0.5751563 0.5057023208333333 0.5771191515625 0.5086444229166667 0.703533809375
5 0.4753827104166667 0.6961126906249999 0.5501842854166666 0.695133440625 0.5481300354166667 0.606867584375 0.4733284625 0.607846834375 0.4753827104166667 0.6961126906249999
5 0.6124286041666667 0.66900300625 0.7174832604166668 0.6676277046875 0.7152259083333333 0.570634996875 0.6101712520833333 0.5720103 0.6124286041666667 0.66900300625
4 0.44803023750000004 0.606806240625 0.5487630229166667 0.6054875171874999 0.5466855625 0.51622430625 0.4459527770833333 0.5175430296875 0.44803023750000004 0.606806240625
4 0.39776716458333333 0.547604759375 0.48520189166666666 0.5464601250000001 0.4835248375 0.47440127656250003 0.3960901104166667 0.4755459109375 0.39776716458333333 0.547604759375
4 0.41450672499999996 0.4952579765625 0.51158254375 0.493987128125 0.5093077833333334 0.39624640625 0.4122319625 0.3975172546875 0.41450672499999996 0.4952579765625
4 0.6454078270833333 0.549974646875 0.76808240625 0.548368678125 0.7653085916666666 0.4291848390625 0.6426340125000001 0.43079080937500003 0.6454078270833333 0.549974646875
4 0.2586483104166667 0.52136686875 0.3527320666666667 0.520135190625 0.35090993541666665 0.441842878125 0.25682617916666667 0.44307455625000003 0.2586483104166667 0.52136686875
4 0.33226692083333337 0.46241422343750005 0.3744882520833333 0.46186149218750006 0.37322320625 0.40750568125 0.331001875 0.40805841249999997 0.33226692083333337 0.46241422343750005
4 0.5211291916666666 0.454080528125 0.6245215895833333 0.4527269875 0.62200890625 0.3447633859375 0.5186165104166667 0.34611692656250004 0.5211291916666666 0.454080528125
4 0.6748220875000001 0.44209190937500004 0.7891853833333333 0.4405947453125 0.78678295625 0.3373685734375 0.6724196604166667 0.33886573750000004 0.6748220875000001 0.44209190937500004
4 0.48782366666666666 0.3733321078125 0.570604075 0.3722484046875 0.5687703395833333 0.29345741406250003 0.48598993125 0.2945411171875 0.48782366666666666 0.3733321078125
4 0.6454471104166667 0.3659061984375 0.7358739 0.3647223953125 0.7340053479166666 0.28443537343749997 0.64357855625 0.2856191765625 0.6454471104166667 0.3659061984375
4 0.6790164625 0.336534646875 0.7425146895833333 0.335703371875 0.7410465395833333 0.2726207109375 0.6775483145833333 0.27345198437499996 0.6790164625 0.336534646875
4 0.7260741541666668 0.3008758546875 0.7965538583333333 0.29995318437499996 0.7949754520833333 0.2321330921875 0.7244957500000001 0.23305576249999999 0.7260741541666668 0.3008758546875
5 0.3018282291666667 0.4048238234375 0.38028677083333334 0.4037967 0.3788534375 0.34221007187499997 0.3003948979166667 0.3432371953125 0.3018282291666667 0.4048238234375
4 0.2985315104166667 0.39177271875 0.33177665624999997 0.39133749687499997 0.3308888020833333 0.35318869375 0.29764365833333334 0.353623915625 0.2985315104166667 0.39177271875
4 0.2369835458333333 0.447823784375 0.31377982708333335 0.4468184203125 0.31221883125 0.3797463421875 0.23542255 0.38075170625 0.2369835458333333 0.447823784375
4 0.23747154374999999 0.39020263437499997 0.301967125 0.38935830312499997 0.30053379375 0.32777167500000004 0.2360382125 0.32861600625 0.23747154374999999 0.39020263437499997
4 0.5028599708333333 0.2978120703125 0.5696827083333333 0.296937275 0.5681333166666668 0.23036387343750003 0.5013105791666667 0.2312386703125 0.5028599708333333 0.2978120703125
4 0.560679275 0.231583821875 0.6105469895833333 0.23093098906249998 0.6091658833333333 0.1715884078125 0.55929816875 0.17224124062499999 0.560679275 0.231583821875
4 0.5877173416666667 0.1930694328125 0.62860886875 0.19253410937499998 0.6277094083333333 0.1538866296875 0.5868178833333333 0.154421953125 0.5877173416666667 0.1930694328125
4 0.5671493395833332 0.1666513375 0.610700475 0.166081196875 0.6097720020833334 0.126187025 0.5662208645833334 0.12675716718750002 0.5671493395833332 0.1666513375
4 0.3767646645833333 0.323905446875 0.4262999270833333 0.323256965625 0.42490721458333336 0.2634157078125 0.37537195208333335 0.2640641890625 0.3767646645833333 0.323905446875
5 0.3886674854166667 0.2852150765625 0.43321597916666665 0.284631878125 0.4320785979166667 0.2357615171875 0.38753010416666667 0.23634471562499998 0.3886674854166667 0.2852150765625
4 0.4040179020833333 0.2660586125 0.4459067854166667 0.26551023281249997 0.445007325 0.2268627546875 0.40311844375 0.227411134375 0.4040179020833333 0.2660586125
3 0.31674603749999997 0.2956343734375 0.40085625 0.2945332625 0.39890065208333336 0.2105061609375 0.31479043958333336 0.2116072734375 0.31674603749999997 0.2956343734375
4 0.32801343541666667 0.2296414296875 0.38153811666666665 0.228940721875 0.3801338 0.1686007859375 0.32660911875000004 0.16930149218749999 0.32801343541666667 0.2296414296875
4 0.33655112083333333 0.1892492109375 0.37312078125 0.18877046718749999 0.3718905520833333 0.1359106875 0.33532089374999996 0.13638943125 0.33655112083333333 0.1892492109375
4 0.30519501666666665 0.1708289046875 0.36603362708333337 0.17003244687500002 0.36466993124999997 0.1114378828125 0.3038313208333333 0.1122343390625 0.30519501666666665 0.1708289046875
5 0.21904172916666667 0.334200925 0.287859175 0.3333000140625 0.2859732125 0.25226497812500004 0.21715576666666667 0.2531658875 0.21904172916666667 0.334200925
4 0.21706909791666668 0.27087545468749996 0.2915382208333333 0.2699005578125 0.29016291875 0.21080731406250003 0.21569379583333334 0.2117822109375 0.21706909791666668 0.27087545468749996
4 0.22188514583333332 0.23489671093750003 0.29169995 0.2339827453125 0.2902898291666667 0.173393471875 0.22047502708333333 0.1743074375 0.22188514583333332 0.23489671093750003
3 0.1873953875 0.35332130781250004 0.24092006666666668 0.3526206 0.23985232291666667 0.30674230156250004 0.18632764375 0.3074430078125 0.1873953875 0.35332130781250004
3 0.1587680625 0.36641621875 0.20032449166666666 0.365872190625 0.19940182083333333 0.32622735625 0.15784539166666667 0.32677138437500003 0.1587680625 0.36641621875
5 0.16686594375 0.3214155875 0.19612167083333334 0.3210325921875 0.19515837916666667 0.2796423890625 0.16590265208333335 0.280025384375 0.16686594375 0.3214155875
3 0.5661964666666666 0.33289860781249997 0.5964495479166666 0.3325025546875 0.59590406875 0.30906472812499997 0.5656509875 0.30946078125 0.5661964666666666 0.33289860781249997
3 0.566496625 0.310073246875 0.5947549979166666 0.309703309375 0.5942849583333333 0.2895068828125 0.5660265854166667 0.28987682187499997 0.566496625 0.310073246875
5 0.5886635166666667 0.305168884375 0.6112702124999999 0.3048729328125 0.6107305375000001 0.281684446875 0.5881238416666666 0.281980396875 0.5886635166666667 0.305168884375
4 0.60278858125 0.29051792656250003 0.6220707645833333 0.290265496875 0.6216413458333334 0.2718144421875 0.6023591625000001 0.272066871875 0.60278858125 0.29051792656250003
4 0.5720223166666667 0.290297159375 0.5952939145833334 0.2899925046875 0.5948761020833333 0.2720401265625 0.5716045041666666 0.27234478125 0.5720223166666667 0.290297159375
4 0.5934065645833333 0.29463138125 0.6136861 0.294365896875 0.6132856958333334 0.277161534375 0.5930061604166668 0.2774270203125 0.5934065645833333 0.29463138125
4 0.6008697749999999 0.26522746875 0.6214817645833333 0.26495763125 0.6211219812500001 0.24949863906249997 0.6005099916666666 0.24976847656249998 0.6008697749999999 0.26522746875
4 0.5829783291666666 0.26808054375 0.5959439354166667 0.2679108078125 0.5956131666666666 0.2536985078125 0.5826475604166668 0.25386824531249996 0.5829783291666666 0.26808054375
4 1 0.9291815625 0.9743230916666668 0.9295177062500001 0.9752515666666667 0.969411878125 1 0.9690878890624999 1 0.9291815625
4 0.9575662104166667 0.9311088546875 0.9924736104166667 0.9306518718750001 0.9917192250000001 0.89823785625 0.9568118250000001 0.8986948390625 0.9575662104166667 0.9311088546875
4 0.9600534145833334 0.9093772281250001 0.9909714 0.9089724718750001 0.9902924520833333 0.879799859375 0.95937446875 0.8802046156250001 0.9600534145833334 0.9093772281250001
4 0.9565593958333333 0.8878486125 0.9854826708333333 0.88746996875 0.9848327395833334 0.8595440484375001 0.9559094645833334 0.8599226906249999 0.9565593958333333 0.8878486125
4 0.8966770541666667 0.9154446125 0.9265976833333334 0.9150529125 0.9258665104166667 0.8836362531249999 0.89594588125 0.8840279531249999 0.8966770541666667 0.9154446125
4 0.9064831520833334 0.900974903125 0.9300872041666667 0.9006658953125 0.9294720895833334 0.8742360046875 0.9058680375 0.8745450124999999 0.9064831520833334 0.900974903125
4 0.9466240354166667 0.8610419078125 0.9679009270833333 0.860763365625 0.9673960708333333 0.8390709109375001 0.9461191770833334 0.8393494531249999 0.9466240354166667 0.8610419078125
4 0.9006996916666666 0.8810974515625001 0.92430374375 0.88078844375 0.9237698708333333 0.85784929375 0.90016581875 0.8581583015625001 0.9006996916666666 0.8810974515625001
4 0.7806870104166667 0.5183986296875001 0.8149295083333333 0.51795035 0.814326 0.4920191390625 0.7800835020833333 0.49246741875 0.7806870104166667 0.5183986296875001
4 0.7580720729166667 0.48976260156249996 0.7873278 0.48937960625 0.7867126854166667 0.4629497171875 0.7574569583333334 0.4633327125 0.7580720729166667 0.48976260156249996
4 0.9514246166666667 0.6600756453125001 0.98367240625 0.6596534796875 0.9831733520833333 0.6382103625 0.9509255625 0.638632528125 0.9514246166666667 0.6600756453125001
4 0.9557556541666667 0.631835103125 0.983349125 0.63147386875 0.9828848874999999 0.61152678125 0.9552914166666666 0.6118880156250001 0.9557556541666667 0.631835103125
4 0.9560355 0.6081370578125 0.97465278125 0.6078933328125 0.9743510270833333 0.5949277265624999 0.9557337458333334 0.5951714515625001 0.9560355 0.6081370578125