3 0.4016412296450939 0.3431160546875 0.30172813152400835 0.3536255171875 0.3149440083507307 0.42400548125000004 0.414857108559499 0.41349601874999997 0.4016412296450939 0.3431160546875
3 0.378255382045929 0.3741718140625 0.2522620250521921 0.38742455468750003 0.26950461586638835 0.47924841406249996 0.3954979728601253 0.46599567343750004 0.378255382045929 0.3741718140625
3 0.5773557995824634 0.194690228125 0.4752387348643006 0.2054315171875 0.48938385386221295 0.2807600703125 0.5915009185803758 0.27001878125 0.5773557995824634 0.194690228125
3 0 0.2889220453125 0.0415330981210856 0.28455334374999997 0.028988340292275573 0.2177473640625 0 0.22079653281249997 0 0.2889220453125
4 0.07050234029227558 0.2892158625 0.0018120835073068893 0.29644111875 0.01177561795407098 0.3495010125 0.08046587473903967 0.34227575625 0.07050234029227558 0.2892158625
4 0 0.368962515625 0.015682202505219206 0.3673129671875 0.00623491649269311 0.31700229062499996 0 0.31765811718750003 0 0.368962515625
4 0.08826016701461378 0.3408952 0.021406549060542797 0.3479272671875 0.029666471816283926 0.39191474375 0.09652009185803757 0.384882678125 0.08826016701461378 0.3408952
4 0 0.40372615156249997 0.026858901878914404 0.4009009703125 0.019528221294363258 0.3618620859375 0 0.36391618281250004 0 0.40372615156249997
4 0.08046390396659707 0.3861510375 0.02316080375782881 0.39217852343750004 0.030646359081419623 0.43204217187499994 0.0879494592901879 0.42601468750000004 0.08046390396659707 0.3861510375
4 0 0.443255771875 0.04717808768267223 0.43829329531249994 0.040725022964509396 0.403928078125 0 0.40821178125 0 0.443255771875
3 0.7899659812108559 0.152982325 0.6973994342379958 0.1627190328125 0.7132481628392484 0.2471200046875 0.8058147118997913 0.23738329687499998 0.7899659812108559 0.152982325
5 0.6608037244258873 0.27702704218749996 0.5781550208768268 0.28572053125 0.5898737870563675 0.3481277640625 0.672522490605428 0.339434275 0.6608037244258873 0.27702704218749996
5 0.839110490605428 0.27705523906249996 0.7491152338204592 0.2865214828125 0.7610404989561588 0.350028403125 0.8510357557411273 0.340562159375 0.839110490605428 0.27705523906249996
3 0.6285504279749478 0.4124653859375 0.5337799144050104 0.4224339203125 0.5479250334029228 0.49776247500000004 0.6426955490605427 0.48779394062500003 0.6285504279749478 0.4124653859375
4 0.7057974237995825 0.38597703125 0.6444537202505219 0.3924295328125 0.6530750146137787 0.43834146250000006 0.7144187202505219 0.43188896093749995 0.7057974237995825 0.38597703125
4 0.8115371189979123 0.339670528125 0.738806260960334 0.3473207984375 0.7482535490605429 0.39763147656250003 0.820984407098121 0.38998120625 0.8115371189979123 0.339670528125
3 0.4877885302713988 0.460773625 0.40183387891440503 0.4698148546875 0.41432701252609605 0.5363459125000001 0.5002816659707724 0.527304684375 0.4877885302713988 0.460773625
5 0.6303086597077244 0.47269628125 0.5502312505219207 0.48111930625 0.5600915344467641 0.53362935625 0.6401689436325678 0.5252063312499999 0.6303086597077244 0.47269628125
5 0.40498495407098123 0.46864235 0.29478668058455115 0.48023366875000006 0.3098610417536534 0.5605108125 0.42005931524008355 0.5489194937499999 0.40498495407098123 0.46864235
4 0.7049714801670146 0.5112410374999999 0.6168128643006263 0.5205140921875 0.6298738684759917 0.5900692890625 0.71803248434238 0.5807962343749999 0.7049714801670146 0.5112410374999999
4 0.6240541878914405 0.5371342234375 0.564547121085595 0.5433935359375 0.5743041565762005 0.5953537437499999 0.6338112233820459 0.58909443125 0.6240541878914405 0.5371342234375
5 0.5696926847599164 0.5418710625000001 0.47235087891440497 0.5521100609375 0.48463751565762003 0.6175414328125 0.5819793215031316 0.607302434375 0.5696926847599164 0.5418710625000001
4 0.7650732693110648 0.6288347125 0.6875671524008351 0.6369872734375 0.6992859185803758 0.6993945046875 0.7767920354906055 0.6912419437499999 0.7650732693110648 0.6288347125
4 0.5034268016701461 0.5799603703125 0.4207780981210856 0.588653859375 0.431567624217119 0.6461125 0.5142163277661795 0.6374190109375 0.5034268016701461 0.5799603703125
4 0.7652331691022964 0.7922630546875 0.7398875657620041 0.7949290578125 0.7442756513569937 0.8182974046875 0.7696212546972859 0.8156314015625 0.7652331691022964 0.7922630546875
4 0.6203522108559499 0.7717576390625001 0.5648857494780792 0.7775919375 0.5731456722338204 0.8215794125 0.6286121356993737 0.815745115625 0.6203522108559499 0.7717576390625001
4 0.5398170772442589 0.6371091609375 0.45716837160751567 0.6458026515624999 0.4695582567849687 0.711783865625 0.5522069624217119 0.7030903765625001 0.5398170772442589 0.6371091609375
4 0.34498253653444677 0.59494438125 0.2535179707724426 0.6045651765625 0.2660111043841336 0.6710962359375 0.3574756722338205 0.6614754406250001 0.34498253653444677 0.59494438125
4 0.3798161503131524 0.6896838921875 0.33243089144050103 0.694668159375 0.3395550772442589 0.7326073578125001 0.38694033402922756 0.7276230906250001 0.3798161503131524 0.6896838921875
4 0.3035817870563674 0.71957013125 0.2363608413361169 0.726640834375 0.24632437369519833 0.7797007296875 0.31354531941544883 0.772630025 0.3035817870563674 0.71957013125
5 0.11824716075156576 0.7449521359375 0.055066816283924847 0.7515978249999999 0.06327511691022965 0.795310378125 0.1264554592901879 0.7886646890625 0.11824716075156576 0.7449521359375
4 0.17033123590814195 0.75601438125 0.12037468684759917 0.7612691125 0.12791186847599165 0.8014076828125001 0.17786841753653443 0.7961529515625 0.17033123590814195 0.75601438125
5 0.21165655949895618 0.6908311687500001 0.15398612943632567 0.69689729375 0.1619879311064718 0.7395101609375 0.21965835908141962 0.7334440375 0.21165655949895618 0.6908311687500001
4 0.24136340292275574 0.616637215625 0.19544745720250523 0.62146693125 0.2031395114822547 0.66243026875 0.24905545720250521 0.657600553125 0.24136340292275574 0.616637215625
4 0.23599746137787056 0.6648614625 0.19265280793319414 0.6694207140625 0.19910587265135699 0.7037859296875 0.2424505260960334 0.699226678125 0.23599746137787056 0.6648614625
5 0.19417374112734864 0.6695410859375001 0.14164589979123174 0.6750662796875 0.1477892192066806 0.707781965625 0.2003170605427975 0.7022567703125 0.19417374112734864 0.6695410859375001
4 0.19591108977035493 0.6329125921875 0.1441179018789144 0.6383605125 0.14964172651356994 0.6677771359375 0.20143491231732777 0.6623292171874999 0.19591108977035493 0.6329125921875
4 0.28009265970772446 0.6722783953125 0.24740050521920667 0.675717153125 0.2522532108559499 0.7015597953125 0.2849453653444677 0.6981210375 0.28009265970772446 0.6722783953125
4 0.04349596868475991 0.6750172609375 0.028251874739039666 0.6766207265624999 0.03455006680584551 0.710161178125 0.049794160751565765 0.7085577125 0.04349596868475991 0.6750172609375
5 0.0938843611691023 0.6311687203125 0.04245850313152401 0.6365780015625 0.04885994363256785 0.6706682953125 0.10028580167014614 0.6652590140625 0.0938843611691023 0.6311687203125
4 0.047133488517745306 0.634544321875 0.020869567849686847 0.6373069203124999 0.025360901878914405 0.6612251109375 0.051624822546972864 0.6584625140625 0.047133488517745306 0.634544321875
4 0.31642234237995825 0.6542992484375 0.2734450167014614 0.6588198640625 0.2781944739039666 0.6841126625 0.3211717995824635 0.6795920484375 0.31642234237995825 0.6542992484375
4 0.2529431962421712 0.71620569375 0.21290449269311065 0.7204172062499999 0.2184283152400835 0.7498338312499999 0.2584670208768267 0.74562231875 0.2529431962421712 0.71620569375
4 0.27710048434237994 0.8199180593750001 0.2561628121085595 0.822120409375 0.2595184070981211 0.839990321875 0.28045607933194155 0.8377879703125 0.27710048434237994 0.8199180593750001