5 0.5203713833333333 0.42967751718749997 0.7836636291666667 0.4644966609375 0.82829896875 0.274641971875 0.5650067229166668 0.23982282656249998 0.5203713833333333 0.42967751718749997
3 0.23561174791666667 0.3518472515625 0.5087182291666666 0.3879642828125 0.5592611854166667 0.172981765625 0.28615470625 0.136864734375 0.23561174791666667 0.3518472515625
4 0.23992028333333335 0.45225859531249996 0.3851032833333334 0.47145835468749997 0.41213511458333335 0.35647951093749997 0.2669521145833333 0.33727975 0.23992028333333335 0.45225859531249996
4 0.28760969791666663 0.5217677468749999 0.5133371083333333 0.5516191218750001 0.5514084270833333 0.3896842390625 0.32568101666666666 0.35983286406250004 0.28760969791666663 0.5217677468749999
4 0.5442399479166667 0.6465185140624999 0.7581225958333333 0.674803475 0.7940456895833333 0.5220059828125 0.5801630416666667 0.493721021875 0.5442399479166667 0.6465185140624999
4 0.2880648916666667 0.668253509375 0.46573639375000003 0.69174971875 0.49575186875 0.564080053125 0.31808036874999995 0.54058384375 0.2880648916666667 0.668253509375
4 0.33961229583333336 0.770332078125 0.46922788541666666 0.7874731234375 0.49333574375 0.6849312859375 0.36372015208333336 0.667790240625 0.33961229583333336 0.770332078125
3 0.46904380208333335 0.707366165625 0.5729393291666667 0.7211058546875 0.5906025104166667 0.6459761890625 0.4867069854166666 0.6322365015625 0.46904380208333335 0.707366165625
3 0.5488099916666667 0.7079699640625 0.6337538895833333 0.7192033890625 0.6503429604166667 0.648642421875 0.5653990604166667 0.6374089953125 0.5488099916666667 0.7079699640625
3 0.4876391520833333 0.7744671609375 0.6111631479166667 0.7908026203125 0.6300197875 0.710596628125 0.50649579375 0.6942611671875001 0.4876391520833333 0.7744671609375
4 0.49506492500000004 0.8311929640625 0.6026830916666667 0.845424953125 0.62153973125 0.7652189609375 0.5139215666666667 0.750986971875 0.49506492500000004 0.8311929640625
4 0.9013110958333334 0.726976371875 0.952751225 0.733779084375 0.9639100604166667 0.6863154125 0.9124699291666667 0.6795127015625 0.9013110958333334 0.726976371875
4 0.8133353395833333 0.7368020453125 0.8637602020833334 0.7434704937500001 0.8722337562500001 0.707428559375 0.8218088916666667 0.7007601125 0.8133353395833333 0.7368020453125
5 0.6280173479166666 0.861598975 0.7220986395833333 0.8740407765624999 0.7402988770833333 0.796626765625 0.6462175875 0.7841849640625 0.6280173479166666 0.861598975
4 0.43079046875 0.8003169484375 0.5038896 0.809983959375 0.5195239041666667 0.74348405625 0.4464247708333334 0.73381704375 0.43079046875 0.8003169484375
3 0.55816925625 0.8855988 0.6045330583333333 0.8917301921874999 0.6133049770833333 0.8544191765625 0.566941175 0.848287784375 0.55816925625 0.8855988
4 0.42220944166666663 0.8472055468749999 0.46451218125 0.8527998828125 0.4745372291666667 0.8101587218749999 0.43223449166666666 0.8045643859375 0.42220944166666663 0.8472055468749999
4 0.6988407541666667 0.8905931234375 0.7837846541666666 0.90182655 0.7988818999999999 0.83761099375 0.7139380020833334 0.8263775687500001 0.6988407541666667 0.8905931234375
4 0.6881760270833334 0.9188866109375 0.75755251875 0.928061321875 0.7692484104166667 0.8783133015625 0.69987191875 0.869138590625 0.6881760270833334 0.9188866109375
4 0.86477164375 0.6694100640625 0.93042549375 0.6780924734375 0.94367288125 0.621745225 0.87801903125 0.6130628171875 0.86477164375 0.6694100640625
4 0.4145232833333334 0.5674701875 0.5109735270833333 0.5802252718750001 0.5249369895833333 0.5208322265625001 0.42848674583333335 0.508077140625 0.4145232833333334 0.5674701875
4 0.30755212291666667 0.5534546140625001 0.37455966041666666 0.5623160421875 0.38076564375 0.5359191328125 0.31375810625 0.52705770625 0.30755212291666667 0.5534546140625001