4 0.5388558208333334 0.21056547656250002 0.37417328125 0.21056547656250002 0.37417328125 0.346726190625 0.5388558208333334 0.346726190625 0.5388558208333334 0.21056547656250002
4 0.42129629583333333 0.24156746093749998 0.337632275 0.24156746093749998 0.337632275 0.3417658734375 0.42129629583333333 0.3417658734375 0.42129629583333333 0.24156746093749998
5 0.5839947083333333 0.30282738125 0.5119047624999999 0.30282738125 0.5119047624999999 0.35044642812500004 0.5839947083333333 0.35044642812500004 0.5839947083333333 0.30282738125
4 0.6279761895833332 0.374255953125 0.5003306875 0.374255953125 0.5003306875 0.4764384921875 0.6279761895833332 0.4764384921875 0.6279761895833332 0.374255953125
4 0.6319444437499999 0.5651041671875 0.5787037041666667 0.5651041671875 0.5787037041666667 0.599082340625 0.6319444437499999 0.599082340625 0.6319444437499999 0.5651041671875
4 0.7177579375 0.46490575468750006 0.6083002645833333 0.46490575468750006 0.6083002645833333 0.548983134375 0.7177579375 0.548983134375 0.7177579375 0.46490575468750006
4 0.6299603166666666 0.625744046875 0.561838625 0.625744046875 0.561838625 0.68154761875 0.6299603166666666 0.68154761875 0.6299603166666666 0.625744046875
4 0.6914682541666667 0.644097221875 0.6144179895833334 0.644097221875 0.6144179895833334 0.7048611109375 0.6914682541666667 0.7048611109375 0.6914682541666667 0.644097221875
4 0.68667328125 0.7002728171875 0.5957341270833333 0.7002728171875 0.5957341270833333 0.770709325 0.68667328125 0.770709325 0.68667328125 0.7002728171875
4 0.70568783125 0.7666170640625001 0.6253306875 0.7666170640625001 0.6253306875 0.8355654765624999 0.70568783125 0.8355654765624999 0.70568783125 0.7666170640625001
5 0.6104497354166667 0.22581845312499998 0.5320767187500001 0.22581845312499998 0.5320767187500001 0.2875744046875 0.6104497354166667 0.2875744046875 0.6104497354166667 0.22581845312499998