4 0.3411486972860125 0.3042310078125 0.496326878914405 0.308286746875 0.5020760939457203 0.185066996875 0.3468979144050104 0.1810112578125 0.3411486972860125 0.3042310078125
4 0.12503130480167016 0.2382100015625 0.012047665970772444 0.235257059375 0.007448292275574113 0.333832859375 0.12043193110647181 0.3367858015625 0.12503130480167016 0.2382100015625
4 0.2186619457202505 0.41508133125 0.36578347181628396 0.4189265015625 0.3714470605427975 0.2975419375 0.2243255344467641 0.29369676718750004 0.2186619457202505 0.41508133125
4 0.5595201691022964 0.41965893125 0.7269584759916492 0.42403510000000005 0.7327321544885177 0.3002910109375 0.5652938496868476 0.295914840625 0.5595201691022964 0.41965893125
4 0.12962950104384133 0.4929448859375 0.2518804822546973 0.49614003906250004 0.2563208329853862 0.4009724453125 0.13406985177453026 0.3977772921875 0.12962950104384133 0.4929448859375
4 0.4647051753653445 0.4711224140625 0.5957133883089771 0.47454644687499997 0.6006063382045929 0.3696785734375 0.46959812317327765 0.3662545421875 0.4647051753653445 0.4711224140625
4 0.5640511169102296 0.510467434375 0.6831494947807933 0.5135801921875001 0.6873696638830897 0.423131653125 0.5682712860125262 0.42001889531250003 0.5640511169102296 0.510467434375
4 0 0.5167245390625 0.0877298872651357 0.5190174484375001 0.09077574739039666 0.45373719687499997 0.0019620730688935284 0.45141596249999993 0 0.4934679984375 0 0.5167245390625
4 0.5864818601252609 0.5521332734375 0.6901675073068894 0.554843203125 0.692944254697286 0.4953306859375 0.5892586096033402 0.49262075781250003 0.5864818601252609 0.5521332734375
4 0.1254037807933194 0.5308954031249999 0.19335991440501044 0.53267150625 0.19535379123173277 0.489937846875 0.12739765762004174 0.4881617453125 0.1254037807933194 0.5308954031249999
4 0.1854561649269311 0.5291838156249999 0.24710708768267223 0.530795125 0.24914989561586637 0.48701278906249995 0.18749897077244257 0.4854014796875 0.1854561649269311 0.5291838156249999
4 0.12474656784968684 0.5600145484375 0.20110964509394572 0.5620103750000001 0.20304235908141963 0.520587565625 0.12667928183716073 0.5185917390625 0.12474656784968684 0.5600145484375
4 0.636124521920668 0.6081597734375 0.7398101691022965 0.610869703125 0.7437612254697286 0.5261888953125 0.6400755803757829 0.5234789656250001 0.636124521920668 0.6081597734375
5 0.5401302275574112 0.62100649375 0.6529233966597078 0.6239544578125 0.6562261377870563 0.5531686437500001 0.5434329686847599 0.5502206796875 0.5401302275574112 0.62100649375
4 0.48808389561586635 0.6578384171875 0.598074751565762 0.6607131390625 0.6020625052192067 0.5752458234375 0.492071649269311 0.5723711 0.48808389561586635 0.6578384171875
5 0.554364745302714 0.7255868140625 0.7091926367432151 0.7296333984375 0.7143669290187892 0.618735621875 0.5595390396659708 0.6146890390624999 0.554364745302714 0.7255868140625
4 0.6787652839248435 0.7090202 0.7411167870563674 0.7106498203125 0.744700872651357 0.633834103125 0.6823493695198329 0.6322044828125 0.6787652839248435 0.7090202
4 0.5881837599164927 0.895251384375 0.697824325678497 0.8981169515625 0.7016652901878914 0.815795671875 0.5920247244258873 0.8129301046874999 0.5881837599164927 0.895251384375
4 0.5404004029227557 0.8820592515625 0.6167634801670147 0.8840550765625 0.6202741711899792 0.808812378125 0.5439110939457202 0.8068165515624999 0.5404004029227557 0.8820592515625
3 0.6046940793319415 0.81575488125 0.6544351670146138 0.8170549140625001 0.6571629853862213 0.758591075 0.607421897703549 0.757291040625 0.6046940793319415 0.81575488125
4 0.3898849686847599 0.8569949812500001 0.4725532526096033 0.8591556015625 0.4756480438413361 0.792826671875 0.3929797599164927 0.790666053125 0.3898849686847599 0.8569949812500001
4 0.42820939039665973 0.9338560625 0.5276915636743216 0.9364561296874999 0.531630388308977 0.8520374921875 0.43214821503131523 0.849437425 0.42820939039665973 0.9338560625
4 0.4933798893528184 0.9276846781250001 0.5662400730688936 0.9295889531249999 0.5697874613778706 0.8535597453125 0.4969272776617954 0.8516554703124999 0.4933798893528184 0.9276846781250001