4 0.12049906263048017 0 0.09679274947807932 0.09127824375 0.2218306450939457 0.1094689453125 0.2502613528183716 0 0.12049906263048017 0
4 0.22997400417536534 0.1358858859375 0.3135088643006263 0.1480386640625 0.3374488141962422 0.0558608265625 0.2539139540709812 0.0437080484375 0.22997400417536534 0.1358858859375
3 0.17577628183716074 0.24542804375 0.43780442797494784 0.28354829531250003 0.4916519686847599 0.0762149546875 0.22962382254697286 0.038094703125000004 0.17577628183716074 0.24542804375
3 0.21610683089770355 0.383279375 0.4456491983298539 0.4166735453125 0.4894350208768267 0.2480816140625 0.2598926534446764 0.21468744375 0.21610683089770355 0.383279375
3 0.3933459916492693 0.47256089062499995 0.6036110855949895 0.5031505734375 0.651560375782881 0.31852771562500004 0.4412952818371607 0.28793803281249997 0.3933459916492693 0.47256089062499995
3 0.7971136784968684 0.5433631875 0.8827904572025053 0.5558275734375 0.9126980480167015 0.4406720703125 0.8270212693110648 0.4282076828125 0.7971136784968684 0.5433631875
5 0.5186205908141962 0.5757715125 0.6407099979123173 0.5935332640625 0.667911331941545 0.48879786562499994 0.5458219248434238 0.4710361140625 0.5186205908141962 0.5757715125
5 0.6053690125260961 0.7167711796875 0.8395522045929019 0.7508405046875 0.884309503131524 0.578508025 0.6501263110647182 0.5444386999999999 0.6053690125260961 0.7167711796875
4 0.3186499832985386 0.563316121875 0.4925024446764092 0.5886084421875 0.5261571586638831 0.4590251046875 0.35230469519832985 0.43373278437499996 0.3186499832985386 0.563316121875
4 0.3847522025052192 0.6354587984375 0.5189791565762004 0.6549863375 0.5438211920668058 0.5593351328125 0.4095942379958246 0.5398075921875 0.3847522025052192 0.6354587984375
4 0.36242157620041754 0.7628077 0.5584072066805846 0.7913199859375 0.5971274739039666 0.6422323515625 0.40114184551148224 0.613720065625 0.36242157620041754 0.7628077
4 0.5444880271398748 0.829222928125 0.7236952860125261 0.855294271875 0.7608195574112735 0.712351828125 0.5816122985386221 0.686280484375 0.5444880271398748 0.829222928125
4 0.4633668121085595 0.8056370078124999 0.5733186784968685 0.821632971875 0.597328018789144 0.7291879515625 0.4873761544885178 0.7131919875 0.4633668121085595 0.8056370078124999
4 0.3244538956158664 0.7791890078125 0.44118850730688935 0.7961717359375 0.4650590668058455 0.7042610812500001 0.3483244551148225 0.687278353125 0.3244538956158664 0.7791890078125
4 0.356908617954071 0.8881668250000001 0.5093418872651357 0.910343046875 0.5361962651356994 0.8069435593750001 0.3837629979123173 0.7847673359375 0.356908617954071 0.8881668250000001
4 0.5353298016701461 1 0.5712544613778705 0.8616765109375001 0.37598280584551147 0.8332680937499999 0.33642984342379956 0.9855619140625 0.4356732860125261 1 0.5353298016701461 1
4 0.5093965636743215 1 0.5115698225469728 0.9916321343750001 0.36092148643006267 0.9697155859375 0.3560641043841336 0.9884183359375 0.4356732881002087 1 0.5093965636743215 1
4 0.6564750772442589 1 0.6676227661795407 0.9570771953125 0.5433914384133611 0.939003834375 0.5275498308977036 1 0.6564750772442589 1
3 0.761955509394572 0.8991246921875 0.8412065281837161 0.91065425 0.85668075782881 0.8510726312499999 0.777429739039666 0.8395430734374999 0.761955509394572 0.8991246921875
3 0.8008811962421712 0.9560839546875 0.8876289352818372 0.968704146875 0.9044215970772442 0.9040460687499999 0.8176738580375783 0.8914258765625 0.8008811962421712 0.9560839546875
4 0.7840990501043841 0.967922240625 0.8447867661795406 0.97675118125 0.8567914384133611 0.9305286718750001 0.7961037202505219 0.92169973125 0.7840990501043841 0.967922240625