3 0.313316509394572 0.65746120625 0.16142486221294364 0.6534913640625 0.15612068893528183 0.7671727703125 0.30801233611691026 0.7711426125 0.313316509394572 0.65746120625
3 0.4293580334029228 0.6449731562500001 0.29985827557411276 0.6415885484375 0.2952708810020877 0.7399076015625 0.42477064091858036 0.7432922093750001 0.4293580334029228 0.6449731562500001
3 0.36833126513569936 0.5594813265624999 0.2149468267223382 0.55547246875 0.2100205929018789 0.661053725 0.3634050313152401 0.6650625828125001 0.36833126513569936 0.5594813265624999
5 0.5217346659707724 0.5310505734375 0.3866369373695198 0.5275196578125 0.3819061878914405 0.6289111796875 0.5170039185803758 0.6324420953125001 0.5217346659707724 0.5310505734375
4 0.40204056784968684 0.3855772890625 0.2814975657620042 0.382426775 0.2771708204592902 0.47515951718749994 0.39771382254697285 0.47831003125000005 0.40204056784968684 0.3855772890625
3 0.2862537912317328 0.24845598125 0.20564299164926933 0.2463491359375 0.20294529227557412 0.30416744375000004 0.28355609185803754 0.3062742890625 0.2862537912317328 0.24845598125
3 0.35232823382045925 0.2297680078125 0.27171743215031313 0.2276611640625 0.26890244050104384 0.2879933109375 0.34951324217118995 0.2901001546875 0.35232823382045925 0.2297680078125
4 0.415043872651357 0.299083921875 0.32771550730688936 0.29680150625 0.3245486409185804 0.364675171875 0.41187700835073066 0.3669575875 0.415043872651357 0.299083921875
4 0.48611857411273485 0.30136101718749997 0.4032685845511482 0.2991956484375 0.39984107098121086 0.372655621875 0.4826910605427975 0.374820990625 0.48611857411273485 0.30136101718749997
4 0.464449987473904 0.24122793593749997 0.38645157620041753 0.23918936875000002 0.38367568058455115 0.2986835671875 0.46167409394572023 0.30072213593749997 0.464449987473904 0.24122793593749997
4 0.6814978413361169 0.4984513671875 0.5572228559498956 0.49520331406249996 0.5525833340292275 0.5946396296875001 0.6768583173277661 0.5978876828125 0.6814978413361169 0.4984513671875
4 0.7576995803757829 0.4589140453125 0.6412617557411273 0.455870825 0.6375735970772443 0.534917109375 0.7540114196242171 0.5379603296875 0.7576995803757829 0.4589140453125
4 0.8999123549060543 0.4981472453125 0.7204040459290187 0.49345561406250005 0.7142006388308977 0.6264097875 0.8937089498956159 0.6311014203124999 0.8999123549060543 0.4981472453125
4 0.9000130334029228 0.6561555765625 0.7290882797494781 0.651688284375 0.723028229645094 0.7815699875 0.8939529832985387 0.7860372796874999 0.9000130334029228 0.6561555765625
4 0.9579532025052192 1 0.9638387620041754 0.8738580671875 0.7802252734864301 0.86905914375 0.7741158037578288 1 0.9579532025052192 1