1 0.6387820520833334 0.7027644234375 0.5897435895833334 0.7027644234375 0.5897435895833334 0.7402644234375 0.6387820520833334 0.7402644234375 0.6387820520833334 0.7027644234375
1 0.6375 0.6472355765625 0.39423076875 0.6472355765625 0.39423076875 0.864302884375 0.6375 0.864302884375 0.6375 0.6472355765625
1 0.41282051249999996 0.83233173125 0.36923076875 0.83233173125 0.36923076875 0.8611778843750001 0.41282051249999996 0.8611778843750001 0.41282051249999996 0.83233173125
1 0.561858975 0.6185096156250001 0.41410256458333333 0.6185096156250001 0.41410256458333333 0.6939903843749999 0.561858975 0.6939903843749999 0.561858975 0.6185096156250001
1 0.46298076875 0.3396634609375 0.35977564166666665 0.3396634609375 0.35977564166666665 0.41923076875 0.46298076875 0.41923076875 0.46298076875 0.3396634609375
1 0.0559294875 0.2512019234375 0.0046474354166666666 0.2512019234375 0.0046474354166666666 0.272115384375 0.0559294875 0.272115384375 0.0559294875 0.2512019234375
1 0.5011217958333334 0.2862980765625 0.44182692291666664 0.2862980765625 0.44182692291666664 0.3262019234375 0.5011217958333334 0.3262019234375 0.5011217958333334 0.2862980765625
1 0.4469551291666667 0.272716346875 0.3786858979166666 0.272716346875 0.3786858979166666 0.31598557656250004 0.4469551291666667 0.31598557656250004 0.4469551291666667 0.272716346875
1 0.42772435833333333 0.1609375 0.305608975 0.1609375 0.305608975 0.2681490390625 0.42772435833333333 0.2681490390625 0.42772435833333333 0.1609375
1 0.59326923125 0.19387019218749998 0.43942307708333334 0.19387019218749998 0.43942307708333334 0.30012019218749997 0.59326923125 0.30012019218749997 0.59326923125 0.19387019218749998
1 0.6956730770833333 0.2240384609375 0.5706730770833333 0.2240384609375 0.5706730770833333 0.31706730781250003 0.6956730770833333 0.31706730781250003 0.6956730770833333 0.2240384609375
1 0.7291666666666666 0.1381009609375 0.6115384625 0.1381009609375 0.6115384625 0.233533653125 0.7291666666666666 0.233533653125 0.7291666666666666 0.1381009609375
1 0.7780448708333334 0.196875 0.6838141020833334 0.196875 0.6838141020833334 0.26850961562500003 0.7780448708333334 0.26850961562500003 0.7780448708333334 0.196875