4 0.37010724217119 0.1279322734375 0.3379246659707724 0.01461350625 0.16172264926931107 0.04264465625 0.1939052275574113 0.155963425 0.37010724217119 0.1279322734375
4 0.4479073235908142 0.04787625625 0.23196313361169105 0.082229803125 0.27920910020876827 0.24858859843749997 0.49515329018789145 0.214235053125 0.4479073235908142 0.04787625625
4 0 0.347205021875 0.06656163048016701 0.33661604375 0.03479021294363256 0.22474501875000003 0 0.2302796296875 0 0.347205021875
4 0.17945248016701462 0.30957785625 0.011691277661795407 0.336266196875 0.0489199018789144 0.46735271718750004 0.2166811064718163 0.440664375 0.17945248016701462 0.30957785625
4 0.39562799791231734 0.221676946875 0.14662394989561586 0.26128983125 0.19955139457202503 0.4476537984375 0.44855544258872654 0.4080409140625 0.39562799791231734 0.221676946875
4 0.23176086638830895 0.44651896406249997 0.04922823799582463 0.47555722187500005 0.09101699582463466 0.6227005234375 0.273549624217119 0.593662265625 0.23176086638830895 0.44651896406249997
4 0.3951009248434238 0.47156845625 0.22733972442588726 0.49825679687499996 0.264792617954071 0.63013299375 0.4325538183716075 0.6034446531250001 0.3951009248434238 0.47156845625
4 0.4568663382045929 0.2211513 0.34783914405010435 0.2384959234375 0.3811804425887265 0.35589469375 0.4902076388308977 0.3385500703125 0.4568663382045929 0.2211513
4 0.5323503841336117 0.365272684375 0.34981775782881 0.3943109421875 0.3904851711899791 0.5375058546875 0.5730177995824635 0.508467596875 0.5323503841336117 0.365272684375
4 0.8091569269311064 0.0857353375 0.6522984425887266 0.1106892171875 0.6888542630480167 0.239406703125 0.845712745302714 0.2144528234375 0.8091569269311064 0.0857353375
4 0.7595732630480168 0.0567574828125 0.6259270229645094 0.07801863437499999 0.6470830501043842 0.152511578125 0.7807292901878915 0.131250425 0.7595732630480168 0.0567574828125
4 0.5782842379958246 0.6253805296875 0.34334821711899793 0.662755396875 0.3935096784968685 0.8393800046875001 0.6284457014613778 0.8020051374999999 0.5782842379958246 0.6253805296875
4 0.5675842651356994 0.5126334140625 0.42655231106471814 0.535069525 0.4597440981210856 0.65194184375 0.6007760521920668 0.6295057328125 0.5675842651356994 0.5126334140625
4 0.8815874425887266 0.6514114609375 0.7053854279749477 0.6794426125 0.7335685427974947 0.7786787921875 0.9097705594989561 0.750647640625 0.8815874425887266 0.6514114609375
4 0.8718289832985386 0.4876176296875 0.6390031649269311 0.5246567953125 0.6900617014613779 0.704440115625 0.9228875198329854 0.66740095 0.8718289832985386 0.4876176296875
4 0.8517981816283925 0.31871757343749996 0.6253029728601253 0.35474963125 0.6706800334029228 0.514527778125 0.8971752421711899 0.4784957203125 0.8517981816283925 0.31871757343749996
4 0.8784265720250521 0.4396603359375 0.9890364217118998 0.422063934375 0.9547980480167015 0.3015064515625 0.8441881983298539 0.31910285312500003 0.8784265720250521 0.4396603359375
4 0.8362278684759917 0.216649525 0.9266149311064718 0.20227027187500002 0.9059821983298538 0.1296199125 0.8155951356993737 0.14399916562499998 0.8362278684759917 0.216649525
4 0.7521712776617955 0.258496465625 0.570693751565762 0.287366871875 0.6070253027139876 0.4152946796875 0.7885028288100209 0.38642427343749997 0.7521712776617955 0.258496465625
4 0.6611609018789144 0.2253793671875 0.5289214634655532 0.24641671718749997 0.553441521920668 0.3327548265625 0.6856809603340291 0.311717475 0.6611609018789144 0.2253793671875
4 0.6182842985386222 0.17277479375 0.5511094759916493 0.1834613203125 0.5672568329853862 0.24031812343749998 0.6344316534446764 0.229631596875 0.6182842985386222 0.17277479375
4 0.9287437536534447 0.2162377734375 0.7975594196242171 0.23710727187499997 0.8227522839248435 0.325814415625 0.9539366200417536 0.30494491562500003 0.9287437536534447 0.2162377734375