2 0.48701923124999996 0.20288461562500001 0.42932692291666663 0.20288461562500001 0.42932692291666663 0.25 0.48701923124999996 0.25 0.48701923124999996 0.20288461562500001
1 0.79919871875 0.14326923125 0.6133012812499999 0.14326923125 0.6133012812499999 0.2730769234375 0.79919871875 0.2730769234375 0.79919871875 0.14326923125
1 0.6371794875 0.1813701921875 0.5314102562499999 0.1813701921875 0.5314102562499999 0.308052884375 0.6371794875 0.308052884375 0.6371794875 0.1813701921875
1 0.5948717958333333 0.2394230765625 0.3958333333333333 0.2394230765625 0.3958333333333333 0.40048076874999994 0.5948717958333333 0.40048076874999994 0.5948717958333333 0.2394230765625
1 0.7929487187500001 0.2605769234375 0.59358974375 0.2605769234375 0.59358974375 0.39927884687500004 0.7929487187500001 0.39927884687500004 0.7929487187500001 0.2605769234375
1 0.88141025625 0.1855769234375 0.7291666666666666 0.1855769234375 0.7291666666666666 0.32764423125 0.88141025625 0.32764423125 0.88141025625 0.1855769234375
2 0.99951923125 0.16418269218749998 0.8161858979166666 0.16418269218749998 0.8161858979166666 0.30552884687500004 0.99951923125 0.30552884687500004 0.99951923125 0.16418269218749998
2 0.13589743541666666 0.891947115625 0.052884614583333336 0.891947115625 0.052884614583333336 0.9556490390624999 0.13589743541666666 0.9556490390624999 0.13589743541666666 0.891947115625
2 0.19759615416666668 0.9138221156249999 0.11554487083333333 0.9138221156249999 0.11554487083333333 0.97920673125 0.19759615416666668 0.97920673125 0.19759615416666668 0.9138221156249999
2 0.41923076875000004 0.75889423125 0.22948717916666667 0.75889423125 0.22948717916666667 0.9168269234374999 0.41923076875000004 0.9168269234374999 0.41923076875000004 0.75889423125
0 0.49727564166666666 0.6912259609375 0.355608975 0.6912259609375 0.355608975 0.8058894234375 0.49727564166666666 0.8058894234375 0.49727564166666666 0.6912259609375
2 0.8660256416666667 0.674278846875 0.6987179479166666 0.674278846875 0.6987179479166666 0.7899038468749999 0.8660256416666667 0.7899038468749999 0.8660256416666667 0.674278846875