3 0.48254271458333337 0 0.2901358125 0.007562714062500001 0.29421756875 0.06597613906250001 0.5719702979166666 0.0550588375 0.5681229499999999 0 0.48254271458333337 0
3 0.6881334354166667 0.268072115625 0.9601959708333333 0.2573784703125 0.9449685916666667 0.0394617171875 0.6729060583333334 0.050155360937500004 0.6881334354166667 0.268072115625
3 0.6342329104166667 0.59395173125 0.9799123645833333 0.5803645125 0.9622993020833334 0.32830657812499997 0.6166198479166667 0.341893796875 0.6342329104166667 0.59395173125
4 0.43556110625 0.6699631359375 0.6492991229166667 0.6615619859375 0.6369979375 0.485521521875 0.42325991875 0.49392267343749996 0.43556110625 0.6699631359375
4 0.6984631916666667 0.7476240749999999 0.9022433645833333 0.739614325 0.89182463125 0.5905133890625 0.6880444604166667 0.5985231390625 0.6984631916666667 0.7476240749999999
4 0.5281318104166667 0.7852107875 0.7006159000000001 0.77843115625 0.6913527333333334 0.645867353125 0.51886864375 0.652646984375 0.5281318104166667 0.7852107875
4 0.5054198666666667 0.873563103125 0.6533649833333333 0.8677479968749999 0.6449964479166667 0.7479871375 0.49705133125 0.7538022437499999 0.5054198666666667 0.873563103125
4 0.653816325 0.8920691671875 0.8334131604166667 0.8850099640625 0.8233485541666667 0.7409768578125 0.64375171875 0.7480360625 0.653816325 0.8920691671875
4 0.6502536375 0.97632555 0.7786387041666667 0.9712792671875 0.771127525 0.86378789375 0.6427424583333334 0.8688341749999999 0.6502536375 0.97632555
4 0.52773936875 0.9403533390625001 0.6507898729166667 0.9355167359375001 0.6447138333333334 0.8485634171875001 0.5216633291666667 0.85340001875 0.52773936875 0.9403533390625001
4 1 0.8978530203125 0.9594153020833333 0.8994482359375 0.96521176875 0.9824006359374999 1 0.9810332562499999 1 0.8978530203125
3 1 0.6899024328125 0.9571936187500001 0.6915849734374999 0.9658790020833333 0.8158802109375 1 0.8145390562499999 1 0.6899024328125
5 1 0.7504822515625 0.9192721395833333 0.7536553265625 0.9269883395833334 0.8640807078125 1 0.8612109218749999 1 0.7504822515625
4 1 0.8144053265625001 0.89118585 0.8186823578125001 0.8976160145833333 0.91070350625 1 0.9066792187500001 1 0.8144053265625001
5 0.22342597291666666 0.70130289375 0.3105571104166666 0.69787813125 0.30623305833333336 0.635997240625 0.21910191874999999 0.639422003125 0.22342597291666666 0.70130289375
5 0.27888246250000004 0.74472515625 0.37952781666666663 0.74076920625 0.37440232291666664 0.6674190140625 0.27375696875 0.6713749625000001 0.27888246250000004 0.74472515625