4 0.7948717958333333 0.1532451921875 0.6400641020833333 0.1532451921875 0.6400641020833333 0.3152644234375 0.7948717958333333 0.3152644234375 0.7948717958333333 0.1532451921875
4 0.5152243583333334 0.28822115312499996 0.331891025 0.28822115312499996 0.331891025 0.46298076874999994 0.5152243583333334 0.46298076874999994 0.5152243583333334 0.28822115312499996
4 0.6823717958333333 0.350240384375 0.5410256416666667 0.350240384375 0.5410256416666667 0.4865384609375 0.6823717958333333 0.4865384609375 0.6823717958333333 0.350240384375
4 0.468108975 0.45600961562500003 0.306891025 0.45600961562500003 0.306891025 0.612259615625 0.468108975 0.612259615625 0.468108975 0.45600961562500003
4 0.6381410249999999 0.5384615390625 0.5141025645833334 0.5384615390625 0.5141025645833334 0.658653846875 0.6381410249999999 0.658653846875 0.6381410249999999 0.5384615390625
4 0.4875 0.5868990390625 0.3522435895833333 0.5868990390625 0.3522435895833333 0.710216346875 0.4875 0.710216346875 0.4875 0.5868990390625
4 0.6213141020833334 0.6542067312500001 0.52516025625 0.6542067312500001 0.52516025625 0.7546875 0.6213141020833334 0.7546875 0.6213141020833334 0.6542067312500001
4 0.5392628208333333 0.7114182687499999 0.44246794791666666 0.7114182687499999 0.44246794791666666 0.8205528843750001 0.5392628208333333 0.8205528843750001 0.5392628208333333 0.7114182687499999
4 0.47628205208333335 0.67608173125 0.36858974375000003 0.67608173125 0.36858974375000003 0.7563701921875 0.47628205208333335 0.7563701921875 0.47628205208333335 0.67608173125
4 0.5450320520833334 0.9054086531250001 0.48862179583333337 0.9054086531250001 0.48862179583333337 0.9472355765625 0.5450320520833334 0.9472355765625 0.5450320520833334 0.9054086531250001
4 0.6270833333333333 0.93641826875 0.5748397437499999 0.93641826875 0.5748397437499999 0.9782451921875 0.6270833333333333 0.9782451921875 0.6270833333333333 0.93641826875
4 0.5352564104166666 0.9450721156249999 0.48108974375 0.9450721156249999 0.48108974375 0.985697115625 0.5352564104166666 0.985697115625 0.5352564104166666 0.9450721156249999
4 0.5876602562500001 0.961658653125 0.5334935895833334 0.961658653125 0.5334935895833334 0.9996394234375 0.5876602562500001 0.9996394234375 0.5876602562500001 0.961658653125