3 0.27801617916666665 0.2298775890625 0.12922946458333334 0.2396404515625 0.14248329166666668 0.3532593984375 0.29127000625000005 0.3434965359375 0.27801617916666665 0.2298775890625
3 0.39856539583333334 0.34463394687500004 0.26465735 0.35342052343749997 0.27616569583333334 0.45207625937499996 0.41007374166666666 0.44328968281250003 0.39856539583333334 0.34463394687500004
3 0.56297185 0.3840627171875 0.44157541666666666 0.39202832656250003 0.45266957916666667 0.4871334734375 0.5740660125 0.4791678640625 0.56297185 0.3840627171875
5 0.7158160791666667 0.394478009375 0.5832606416666667 0.4031758328125 0.5943548041666666 0.4982809796875 0.72691024375 0.48958315625 0.7158160791666667 0.394478009375
3 0.70184778125 0.2893392578125 0.5530610645833334 0.29910212187499996 0.5657232020833334 0.40764879374999996 0.71450991875 0.39788593125 0.70184778125 0.2893392578125
5 0.40306545 0.45039397187499997 0.32495242291666665 0.455519475 0.33530697291666667 0.544284278125 0.4134200020833333 0.539158775 0.40306545 0.45039397187499997
4 0.26929428958333335 0.35081626875 0.1401203666666667 0.359292209375 0.15189497083333334 0.46023047031250003 0.28106889375 0.4517545296875 0.26929428958333335 0.35081626875
4 0.21430525416666668 0.44463535312499997 0.10372967083333333 0.45189093593749996 0.11503092499999999 0.548771378125 0.22560650833333332 0.5415157953125 0.21430525416666668 0.44463535312499997
4 0.15655390625 0.5410634625 0.07201600000000001 0.5466105437500001 0.08136468125 0.6267524812499999 0.1659025875 0.6212054 0.15655390625 0.5410634625
4 0.36034429583333333 0.4478305296875 0.23725710625 0.4559070796875 0.2499784125 0.5649609812499999 0.3730656041666667 0.55688443125 0.36034429583333333 0.4478305296875
4 0.21913870833333335 0.58538453125 0.15725695833333334 0.58944499375 0.16571810625 0.66197851875 0.22759985624999998 0.6579180546875001 0.21913870833333335 0.58538453125
4 0.3081279208333333 0.5537343203125 0.19822864375 0.5609455265625 0.21124579375 0.6725355640624999 0.3211450708333333 0.6653243578125 0.3081279208333333 0.5537343203125
4 0.40580936666666667 0.5469414734375 0.30605463541666666 0.5534870296875 0.31635001874999996 0.6417446046874999 0.41610474999999997 0.6351990484375001 0.40580936666666667 0.5469414734375
4 0.4127945125 0.6740050515625 0.32588954375 0.6797074515625 0.334380275 0.7524945890625 0.42128524375 0.746792190625 0.4127945125 0.6740050515625
4 0.502905175 0.5541147984375 0.3859047125 0.561791959375 0.39693970625 0.6563898781249999 0.51394016875 0.6487127171875 0.502905175 0.5541147984375
4 0.5481724291666666 0.455822525 0.42880490416666667 0.46365500312499996 0.439218625 0.5529270328125 0.55858615 0.5450945546875 0.5481724291666666 0.455822525
4 0.5562004625 0.5188011593749999 0.4500208520833333 0.5257682921875 0.4580678166666667 0.5947512234375 0.5642474291666667 0.5877840890625 0.5562004625 0.5188011593749999
4 0.6696398354166667 0.506885453125 0.5587261 0.5141632234375 0.5690806520833332 0.602928025 0.6799943875000001 0.5956502546875 0.6696398354166667 0.506885453125
4 0.6502073041666667 0.607571421875 0.5497762729166666 0.6141613546875 0.56175796875 0.7168749109375 0.662189 0.710284978125 0.6502073041666667 0.607571421875
4 0.5716845437500001 0.594579409375 0.4871466354166667 0.600126490625 0.4953415229166667 0.670377490625 0.57987943125 0.664830409375 0.5716845437500001 0.594579409375
4 0.5500866020833333 0.637268715625 0.45033187083333337 0.6438142703125 0.46178104791666663 0.7419627796875 0.5615357770833334 0.7354172234374999 0.5500866020833333 0.637268715625
4 0.47780232291666663 0.6514672890625001 0.4287703354166667 0.6546845953125 0.43906571875 0.742942171875 0.48809770625 0.7397248640625 0.47780232291666663 0.6514672890625001
4 0.8096614333333334 0.400075734375 0.7406785020833334 0.40460215312500003 0.7457374416666667 0.44797010000000004 0.8147203729166667 0.44344368125000005 0.8096614333333334 0.400075734375
4 0.9444498083333334 0.3155871296875 0.7885619062500001 0.32581594687500004 0.80243700625 0.44476078281250003 0.9583249083333333 0.434531965625 0.9444498083333334 0.3155871296875
4 0.8779374041666668 0.46689553437500003 0.7369281770833334 0.47614806718749997 0.7494423916666667 0.5834266718750001 0.8904516208333334 0.574174140625 0.8779374041666668 0.46689553437500003
4 0.9448189229166667 0.505695790625 0.8619717729166666 0.51113193125 0.86936788125 0.5745353609375 0.9522150312500001 0.5690992203125 0.9448189229166667 0.505695790625
4 0.9488677 0.5447855875000001 0.81428335 0.553616540625 0.82747800625 0.666728259375 0.96206235625 0.65789730625 0.9488677 0.5447855875000001
4 0.9668815541666667 0.62180339375 0.8694938833333333 0.62819363125 0.8791975791666666 0.7113789328125 0.9765852479166667 0.7049886953125 0.9668815541666667 0.62180339375