4 0.99919871875 0.0021634609375 0.83669871875 0.0021634609375 0.83669871875 0.16057692343750002 0.99919871875 0.16057692343750002 0.99919871875 0.0021634609375
3 0.6572115375 0.07896634687500001 0.47131410208333335 0.07896634687500001 0.47131410208333335 0.2484375 0.6572115375 0.2484375 0.6572115375 0.07896634687500001
3 0.5544871791666667 0.154927884375 0.31698717916666663 0.154927884375 0.31698717916666663 0.33569711562500004 0.5544871791666667 0.33569711562500004 0.5544871791666667 0.154927884375
3 0.6445512812499999 0.2514423078125 0.4583333333333333 0.2514423078125 0.4583333333333333 0.4 0.6445512812499999 0.4 0.6445512812499999 0.2514423078125
4 0.51858974375 0.3915865390625 0.3762820520833333 0.3915865390625 0.3762820520833333 0.509615384375 0.51858974375 0.509615384375 0.51858974375 0.3915865390625
4 0.7088141020833334 0.44891826874999996 0.5479166666666667 0.44891826874999996 0.5479166666666667 0.5756009609375 0.7088141020833334 0.5756009609375 0.7088141020833334 0.44891826874999996
4 0.6040064104166666 0.651802884375 0.46586538541666667 0.651802884375 0.46586538541666667 0.7652644234375 0.6040064104166666 0.7652644234375 0.6040064104166666 0.651802884375
4 0.7565705125 0.7265625 0.6107371791666666 0.7265625 0.6107371791666666 0.847716346875 0.7565705125 0.847716346875 0.7565705125 0.7265625
4 0.68108974375 0.833533653125 0.5490384625 0.833533653125 0.5490384625 0.9443509609375 0.68108974375 0.9443509609375 0.68108974375 0.833533653125
4 0.5474358979166667 0.8248798078125 0.45769230833333335 0.8248798078125 0.45769230833333335 0.9145432687499999 0.5474358979166667 0.9145432687499999 0.5474358979166667 0.8248798078125
5 0.138141025 0.6870192312500001 0.019230768750000002 0.6870192312500001 0.019230768750000002 0.7735576921875 0.138141025 0.7735576921875 0.138141025 0.6870192312500001
4 0.21666666666666667 0.6620192312500001 0.10833333333333334 0.6620192312500001 0.10833333333333334 0.7348557687499999 0.21666666666666667 0.7348557687499999 0.21666666666666667 0.6620192312500001
3 0.21105769166666669 0.579927884375 0.09823717916666667 0.579927884375 0.09823717916666667 0.6710336531250001 0.21105769166666669 0.6710336531250001 0.21105769166666669 0.579927884375
3 0.15897435833333334 0.571875 0.020192308333333336 0.571875 0.020192308333333336 0.65889423125 0.15897435833333334 0.65889423125 0.15897435833333334 0.571875
3 0.20817307708333335 0.4701923078125 0.08253205208333333 0.4701923078125 0.08253205208333333 0.556490384375 0.20817307708333335 0.556490384375 0.20817307708333335 0.4701923078125