3 0.7411490458333333 0.66167055625 0.44070937708333335 0.6419567578125001 0.41388980625 0.871868575 0.7143294770833334 0.8915823749999999 0.7411490458333333 0.66167055625
3 0.4277831875 0.50286608125 0.20065654375 0.48796282656249995 0.18141436666666666 0.65291714375 0.40854101041666663 0.6678203984375 0.4277831875 0.50286608125
3 0.68760838125 0.349216640625 0.49031008125 0.3362706171875 0.4724198875 0.48963500781249997 0.6697181874999999 0.50258103125 0.68760838125 0.349216640625
4 0.47955563333333334 0.330676215625 0.3013043458333333 0.31897999062500004 0.28570937916666667 0.45266845624999996 0.4639606666666667 0.46436468125 0.47955563333333334 0.330676215625
4 0.66840204375 0.20808430625000002 0.4941039083333333 0.1966474734375 0.4781630854166667 0.3333008046875 0.65246121875 0.3447376375 0.66840204375 0.20808430625000002
4 0.49918357916666667 0.128266925 0.33710428333333337 0.11763185000000001 0.32251544375 0.242695253125 0.4845947395833334 0.253330328125 0.49918357916666667 0.128266925
3 0.7034237666666667 0.2353691671875 0.6437670833333333 0.2314547046875 0.6339259062499999 0.3158185953125 0.6935825875 0.3197330578125 0.7034237666666667 0.2353691671875
3 0.8392560333333333 0.1621241296875 0.7156301416666667 0.15401223125000002 0.7044684208333333 0.2496965171875 0.8280943125 0.257808415625 0.8392560333333333 0.1621241296875
3 0.723836525 0.0945279296875 0.6073981833333334 0.08688765312499999 0.5963622291666667 0.18149380625 0.7128005708333334 0.18913408125 0.723836525 0.0945279296875
3 0.7728008270833333 0.037989614062499996 0.6642687916666666 0.030868121874999998 0.653830225 0.1203531453125 0.7623622604166667 0.12747463750000002 0.7728008270833333 0.037989614062499996
4 0.8741522333333334 0.056997568750000005 0.7746046375 0.0504656046875 0.7653608479166666 0.12970836562500002 0.8649084416666667 0.1362403296875 0.8741522333333334 0.056997568750000005
4 0.81246725 0.048740273437499995 0.8159572541666668 0.0188220890625 0.7153315270833333 0.01221938125 0.7118415250000001 0.0421375671875 0.81246725 0.048740273437499995
4 0.4342968104166667 0 0.41840018749999996 0.1362744203125 0.586229525 0.14728679375 0.6022332312500001 0.0100943953125 0.44839394375 0 0.4342968104166667 0
4 0.6153530375 0.029559615625 0.5725871041666667 0.0267534640625 0.5622114208333334 0.1156994203125 0.6049773541666668 0.1185055703125 0.6153530375 0.029559615625
4 0.4098531458333333 0 0.403904775 0.05099263750000001 0.51207743125 0.0580905484375 0.5188537833333333 0 0.4098531458333333 0
3 0.9356943458333333 0.7230516703125 0.9755852604166667 0.7256691734375 0.9845460770833333 0.6488522125 0.9446551645833333 0.6462347109375 0.9356943458333333 0.7230516703125
4 1 0.40380001718749997 0.968469225 0.401731078125 0.9609232729166667 0.4664190453125 1 0.46898312343750004 1 0.40380001718749997
4 1 0.33454296875 0.9843931041666667 0.33351889843750004 0.9779161625 0.3890427359375 1 0.3904918 1 0.33454296875
4 0.9747527916666667 0.6319138343749999 0.9864325645833334 0.63268021875 0.9950475270833333 0.5588281234375 0.9833677541666667 0.5580617375 0.9747527916666667 0.6319138343749999
4 1 0.39524473437499996 0.9635298999999999 0.39285169375 0.9592538604166666 0.42950820937499995 1 0.43218182968749996 1 0.39524473437499996
3 0.9522648958333334 0.7905442609375 0.9678978208333333 0.7915700390625 0.9751293583333334 0.729577403125 0.9594964312500001 0.7285516249999999 0.9522648958333334 0.7905442609375