1 0.7649631670146138 0.4961460640625 0.43231016492693114 0.5135557421875 0.4514017912317328 0.7178963796875 0.7840547933194155 0.7004867031249999 0.7649631670146138 0.4961460640625
1 0.5714421711899791 0.3811804578125 0.2579157807933194 0.397589128125 0.2788955887265136 0.6221392796874999 0.592421981210856 0.6057306109375 0.5714421711899791 0.3811804578125
2 0.9099367849686847 0.4162103109375 0.781675987473904 0.4229229484375 0.7890713716075157 0.5020768765625 0.9173321670146137 0.49536423906250004 0.9099367849686847 0.4162103109375
1 1 0.48693199375 0.9950187724425887 0.4336171359375 0.8913424676409185 0.43904312343749996 0.8995770417536534 0.5271790578125 1 0.5219233390625 1 0.48693199375
1 0.8811853987473904 0.6832747015625 0.7776766868475992 0.68869191875 0.7840493027139875 0.756899028125 0.8875580146137787 0.7514818109375 0.8811853987473904 0.6832747015625
1 0.7876345615866388 0.7186332640625 0.7268794446764092 0.7218129359375001 0.731363878914405 0.7698105296875 0.7921189958246346 0.766630859375 0.7876345615866388 0.7186332640625
1 0.9446784321503131 0.697298440625 0.8756726200417536 0.7009099187500001 0.8809700229645094 0.7576088328125 0.9499758329853862 0.7539973546875001 0.9446784321503131 0.697298440625
1 0.7933087160751565 0.6805402390624999 0.7396792025052191 0.683346984375 0.7437702651356994 0.7271342640625 0.7973997787056367 0.7243275171875 0.7933087160751565 0.6805402390624999
1 0.48383068058455114 0.0041382500000000004 0.34731919206680584 0.01128269375 0.35820246764091856 0.127768084375 0.49471395824634656 0.120623640625 0.48383068058455114 0.0041382500000000004
2 0.4026687348643006 0.09949136875 0.3937785407098121 0.004338240625 0.23026477661795408 0.0128958734375 0.2391549707724426 0.10804899999999999 0.4026687348643006 0.09949136875
1 0.3326050626304802 0.6262388234375 0.28535108559498956 0.6287119 0.2889701022964509 0.6674468015625 0.33622408141962423 0.6649737250000001 0.3326050626304802 0.6262388234375
1 0.3325278496868476 0.5911263703125 0.28189858663883094 0.593776096875 0.28515045720250526 0.6285813703125 0.3357797202505219 0.62593164375 0.3325278496868476 0.5911263703125
1 0.36953659081419626 0.6020232265625001 0.3249078350730689 0.6043589093749999 0.32954961795407095 0.65404063125 0.3741783736951983 0.651704946875 0.36953659081419626 0.6020232265625001