4 1 0.5429808890625 0.9451358225469728 0.548751834375 0.9610427536534446 0.633462753125 1 0.6293649953125 1 0.5429808890625
3 0.935029782881002 0.236180153125 0.7984525010438414 0.2505461765625 0.816148356993737 0.3447838546875 0.9527256388308977 0.3304178328125 0.935029782881002 0.236180153125
4 0.831857248434238 0.446188525 0.706632739039666 0.45936039375000004 0.720944139874739 0.5355744734375001 0.8461686513569937 0.5224026046875 0.831857248434238 0.446188525
4 0.8556999645093946 0.53859809375 0.7855191941544885 0.54598013125 0.795044012526096 0.596703690625 0.8652247828810021 0.5893216531250001 0.8556999645093946 0.53859809375
3 0.577676878914405 0.2368782109375 0.438003388308977 0.2515699109375 0.45536079749478076 0.34400522968749997 0.5950342881002089 0.32931352812500003 0.577676878914405 0.2368782109375
3 0.5814853778705636 0.40662016406249996 0.5144008183716074 0.4136765234375 0.5315164822546973 0.5048244421875 0.5986010417536535 0.4977680828125 0.5814853778705636 0.40662016406249996
4 0.603251878914405 0.53561346875 0.4893801419624217 0.547591184375 0.5048035782881002 0.6297273046874999 0.6186753152400836 0.6177495890625 0.603251878914405 0.53561346875
4 0.48790915448851774 0.4089799546875 0.3644047620041754 0.42197089062500004 0.3823423653444677 0.5174959703125 0.5058467578288101 0.5045050343749999 0.48790915448851774 0.4089799546875
4 0.4347901127348643 0.484803653125 0.3102536492693111 0.49790314999999996 0.3265957244258873 0.5849313890625 0.4511321878914405 0.5718318921875001 0.4347901127348643 0.484803653125
4 0.4200659457202505 0.5689293328125 0.3037860417536534 0.5811603546875 0.3216269457202505 0.6761704734375 0.43790684759916493 0.6639394515625 0.4200659457202505 0.5689293328125
4 0.4340417286012526 0.7395710734375001 0.34425162630480166 0.7490157375 0.3603519540709812 0.8347565765624999 0.45014205636743215 0.8253119124999999 0.4340417286012526 0.7395710734375001
4 0.3568255803757829 1 0.3502051732776618 0.9647436218750001 0.2838086617954071 0.97172760625 0.2891176221294363 1 0.3568255803757829 1
5 0.26298165135699375 1 0.25578562839248437 0.9616782390624999 0.1845727891440501 0.969168834375 0.19036223382045928 1 0.26298165135699375 1