4 0.7404452985386221 0.9321110734375001 0.8205781252609603 0.9373581546875001 0.8292674592901879 0.863023671875 0.7491346325678496 0.8577765906250001 0.7404452985386221 0.9321110734375001
4 0.6807423528183716 0.8818126640624999 0.7706566513569938 0.8877002328125 0.780366325678497 0.8046370796875 0.6904520271398747 0.798749509375 0.6807423528183716 0.8818126640624999
4 0.6912987557411274 0.8158284671875 0.7748174780793319 0.8212972562499999 0.7792279749478079 0.783566875 0.6957092526096034 0.7780980859375 0.6912987557411274 0.8158284671875
4 0.6189719415448851 1 0.6232445720250522 0.9634490124999999 0.5175294363256785 0.95652680625 0.5124476325678496 1 0.6189719415448851 1
4 0.5502712567849687 0.9423565328124999 0.6315327118997912 0.9476775171874999 0.6419994112734865 0.858138253125 0.5607379561586638 0.8528172703125 0.5502712567849687 0.9423565328124999
4 0.4385679603340292 0.8212684109374999 0.515691102296451 0.82631841875 0.5212206805845512 0.77901465625 0.4440975365344468 0.7739646484375 0.4385679603340292 0.8212684109374999
4 0.4354244885177453 0.8368093249999999 0.5046472108559499 0.841342015625 0.5097818183716075 0.79741709375 0.44055909603340293 0.7928844046875 0.4354244885177453 0.8368093249999999
3 0.31383253653444676 0.9365212328125001 0.4940373423799583 0.9483210062499999 0.5094740793319416 0.8162646703125 0.32926927139874734 0.8044648953125 0.31383253653444676 0.9365212328125001
3 0.24841779123173277 0.8556320765625 0.392506394572025 0.8650669703125 0.4063632526096033 0.7465259953125 0.2622746492693111 0.737091103125 0.24841779123173277 0.8556320765625
3 0.2731895281837161 0.7426291359375 0.42367370981210856 0.752482809375 0.43335046972860125 0.6697012265625 0.28286628810020875 0.659847553125 0.2731895281837161 0.7426291359375
4 0.27190041962421707 0.7033906453125 0.42878017536534446 0.7136631 0.44207749269311064 0.599908815625 0.2851977348643006 0.5896363609375 0.27190041962421707 0.7033906453125
4 0.2924869394572025 0.5986254125 0.4328134405010438 0.6078139640625 0.44397133611691025 0.5123617296874999 0.3036448371607516 0.5031731796875001 0.2924869394572025 0.5986254125
5 0.42005801043841334 0.6374792015625 0.5618893528183716 0.6467662890625 0.5743967306889353 0.5397696859375001 0.43256538830897706 0.5304825984375 0.42005801043841334 0.6374792015625
3 0.00009237369519832986 0.4828710375 0.05163320459290188 0.48624592031249997 0.06930810229645093 0.33504282500000004 0.017767271398747387 0.3316679421875 0.00009237369519832986 0.4828710375
4 0.2529978037578288 0.5197175875 0.41175861586638834 0.5301132125 0.4237064509394572 0.4279033 0.2649456388308977 0.41750767343749995 0.2529978037578288 0.5197175875
4 0.4493419707724426 0.528034559375 0.6050930981210856 0.5382331109375 0.6175346471816284 0.43179964843749996 0.46178351983298543 0.4216010953125 0.4493419707724426 0.528034559375
4 0.467732624217119 0.44043278125 0.6449277473903966 0.45203548125 0.6603315699373694 0.3202607171875 0.48313644676409184 0.308658015625 0.467732624217119 0.44043278125
4 0.2588560104384134 0.4355510640625 0.39993493110647177 0.444788884375 0.4142196701461378 0.32258749999999997 0.273140751565762 0.31334968124999996 0.2588560104384134 0.4355510640625
4 0.41347364509394574 0.2787031015625 0.5884115052192067 0.290157996875 0.6032557870563674 0.1631699234375 0.4283179269311065 0.15171502812499998 0.41347364509394574 0.2787031015625
4 0.2922685636743215 0.3053810953125 0.4623156868475992 0.316515746875 0.47679791440501046 0.19262494218749998 0.30675078914405013 0.18149029218749999 0.2922685636743215 0.3053810953125
4 0.18870520876826724 0.32058849375 0.3373083382045929 0.3303189953125 0.35053982672233824 0.2171278515625 0.20193669728601252 0.20739735 0.18870520876826724 0.32058849375
4 0.26659040918580373 0.1845351015625 0.422717745302714 0.19475828906249998 0.43690374321503134 0.0734016140625 0.2807764070981211 0.06317842812499999 0.26659040918580373 0.1845351015625
4 0.11653837369519833 0.1417975984375 0.2779326576200417 0.15236566406250002 0.2912958037578288 0.0380482390625 0.12990151774530273 0.027480175000000003 0.11653837369519833 0.1417975984375
4 0.027230089770354904 0.25071656249999996 0.15382490605427976 0.259005965625 0.16702348016701463 0.14609639218749998 0.04042866388308977 0.1378069890625 0.027230089770354904 0.25071656249999996
3 0.6306393382045928 0.173758475 0.7009906931106472 0.1783650671875 0.708198891440501 0.11670123437499999 0.6378475365344468 0.11209464218750001 0.6306393382045928 0.173758475
3 0.5951288893528184 0.1127021359375 0.6816572943632568 0.11836799843750001 0.6883059519832986 0.0614908578125 0.6017775490605428 0.0558249953125 0.5951288893528184 0.1127021359375
3 0.5872281294363256 0.089486778125 0.6643512734864301 0.0945367859375 0.6712632442588727 0.035407084374999995 0.594140102296451 0.0303570765625 0.5872281294363256 0.089486778125
5 0.6447588267223382 0.0075688593750000005 0.6387355365344467 0.059096171875000006 0.7260163611691023 0.0648113015625 0.7320396513569938 0.013283990625 0.6447588267223382 0.0075688593750000005
4 0.5454392651356993 0.0010654343749999999 0.5420984780793319 0.0296447921875 0.6252409895615866 0.035088946875 0.628581776617954 0.0065095890625 0.5454392651356993 0.0010654343749999999
5 0.5094748434237996 0.0849629609375 0.5824596701461378 0.0897419921875 0.5894374697286012 0.030049150000000004 0.516452643006263 0.025270117187500003 0.5094748434237996 0.0849629609375
3 0.7438279478079332 0.40375247812500004 0.7901018350730689 0.40678248281249996 0.7965200939457202 0.35187633125 0.7502462066805845 0.34884632656250003 0.7438279478079332 0.40375247812500004
3 0.6490913862212944 0.416416875 0.7141757954070982 0.42067858906250005 0.7201332567849686 0.36971441718750003 0.6550488475991649 0.365452703125 0.6490913862212944 0.416416875
5 0.7023284050104384 0.32258507187499996 0.7591361858037579 0.326304834375 0.7643037077244259 0.28209834218749996 0.7074959269311065 0.27837858125000003 0.7023284050104384 0.32258507187499996
4 0.49590301043841334 0 0.4901653215031315 0.0490840984375 0.5578832025052192 0.053518251562499994 0.5638735782881001 0.002272509375 0.5291680730688936 0 0.49590301043841334 0