5 0.6545965604166667 0.1660466265625 0.4968584645833333 0.1660466265625 0.4968584645833333 0.288814484375 0.6545965604166667 0.288814484375 0.6545965604166667 0.1660466265625
5 0.5978835979166667 0.1189236109375 0.45634920625 0.1189236109375 0.45634920625 0.2211061515625 0.5978835979166667 0.2211061515625 0.5978835979166667 0.1189236109375
4 0.7334656083333333 0.2466517859375 0.60615079375 0.2466517859375 0.60615079375 0.34040178593750003 0.7334656083333333 0.34040178593750003 0.7334656083333333 0.2466517859375
4 0.612103175 0.26897321406249997 0.5009920625000001 0.26897321406249997 0.5009920625000001 0.3451140875 0.612103175 0.3451140875 0.612103175 0.26897321406249997
4 0.6073082020833334 0.3606150796875 0.5461309520833333 0.3606150796875 0.5461309520833333 0.403273809375 0.6073082020833334 0.403273809375 0.6073082020833334 0.3606150796875
4 0.7617394187500001 0.38182043593750004 0.65062830625 0.38182043593750004 0.65062830625 0.463665675 0.7617394187500001 0.463665675 0.7617394187500001 0.38182043593750004
4 0.8075396833333334 0.4583333328125 0.7205687833333333 0.4583333328125 0.7205687833333333 0.5230654765625 0.8075396833333334 0.5230654765625 0.8075396833333334 0.4583333328125
4 0.9260912708333334 0.4702380953125 0.8139880958333333 0.4702380953125 0.8139880958333333 0.546875 0.9260912708333334 0.546875 0.9260912708333334 0.4702380953125
4 0.9675925916666667 0.49652777812500004 0.91964285625 0.49652777812500004 0.91964285625 0.5332341265625 0.9675925916666667 0.5332341265625 0.9675925916666667 0.49652777812500004
4 0.9194775125 0.531001984375 0.8702050270833334 0.531001984375 0.8702050270833334 0.561755953125 0.9194775125 0.561755953125 0.9194775125 0.531001984375
4 0.6459986770833334 0.395957340625 0.5474537041666667 0.395957340625 0.5474537041666667 0.47284226250000005 0.6459986770833334 0.47284226250000005 0.6459986770833334 0.395957340625
4 0.6612103166666666 0.49789186562500004 0.5785383604166667 0.49789186562500004 0.5785383604166667 0.5618799609375 0.6612103166666666 0.5618799609375 0.6612103166666666 0.49789186562500004
4 0.6073082020833334 0.5548115078125 0.52496693125 0.5548115078125 0.52496693125 0.6178075390625 0.6073082020833334 0.6178075390625 0.6073082020833334 0.5548115078125
4 0.5644841270833333 0.4904513890625 0.46693121666666665 0.4904513890625 0.46693121666666665 0.5586557546875001 0.5644841270833333 0.5586557546875001 0.5644841270833333 0.4904513890625
4 0.5221560854166667 0.351314484375 0.4199735458333333 0.351314484375 0.4199735458333333 0.4284474203125 0.5221560854166667 0.4284474203125 0.5221560854166667 0.351314484375
4 0.5092592583333333 0.2655009921875 0.43121693125 0.2655009921875 0.43121693125 0.3371775796875 0.5092592583333333 0.3371775796875 0.5092592583333333 0.2655009921875
4 0.48115079375 0.343998015625 0.43055555624999997 0.343998015625 0.43055555624999997 0.3673115078125 0.48115079375 0.3673115078125 0.48115079375 0.343998015625
5 0.37781084583333335 0.162946428125 0.27199074166666665 0.162946428125 0.27199074166666665 0.25049603125000003 0.37781084583333335 0.25049603125000003 0.37781084583333335 0.162946428125
5 0.425925925 0.22371031718749998 0.3244047625 0.22371031718749998 0.3244047625 0.3005952375 0.425925925 0.3005952375 0.425925925 0.22371031718749998
5 0.3948412708333333 0.28571428593750003 0.28207671875 0.28571428593750003 0.28207671875 0.3668154765625 0.3948412708333333 0.3668154765625 0.3948412708333333 0.28571428593750003
4 0.33779761875 0.41344246093750003 0.23197751249999998 0.41344246093750003 0.23197751249999998 0.4918154765625 0.33779761875 0.4918154765625 0.33779761875 0.41344246093750003
4 0.29365079375 0.265873015625 0.19279100624999998 0.265873015625 0.19279100624999998 0.3509424609375 0.29365079375 0.3509424609375 0.29365079375 0.265873015625
4 0.22569444375 0.360119046875 0.13277116458333332 0.360119046875 0.13277116458333332 0.42881944375 0.22569444375 0.42881944375 0.22569444375 0.360119046875
4 0.10003306875 0.43191964218749995 0.03257275208333334 0.43191964218749995 0.03257275208333334 0.4842509921875 0.10003306875 0.4842509921875 0.10003306875 0.43191964218749995
4 0.11706349166666666 0.550347221875 0.07870370416666667 0.550347221875 0.07870370416666667 0.572420634375 0.11706349166666666 0.572420634375 0.11706349166666666 0.550347221875