5 0.5479497354166667 0.2826140875 0.386574075 0.2826140875 0.386574075 0.4091021828125 0.5479497354166667 0.4091021828125 0.5479497354166667 0.2826140875
5 0.4874338625 0.19506448437499999 0.34953703750000004 0.19506448437499999 0.34953703750000004 0.30146329375 0.4874338625 0.30146329375 0.4874338625 0.19506448437499999
4 0.5762235458333334 0.36817956406249996 0.45287698333333337 0.36817956406249996 0.45287698333333337 0.435887896875 0.5762235458333334 0.435887896875 0.5762235458333334 0.36817956406249996
5 0.68766534375 0.42001488125 0.5345568791666667 0.42001488125 0.5345568791666667 0.539806546875 0.68766534375 0.539806546875 0.68766534375 0.42001488125
3 0.43485449791666664 0.5713045640625001 0.36838624375 0.5713045640625001 0.36838624375 0.620659721875 0.43485449791666664 0.620659721875 0.43485449791666664 0.5713045640625001
5 0.3088624333333333 0.581597221875 0.24503968333333334 0.581597221875 0.24503968333333334 0.627976190625 0.3088624333333333 0.627976190625 0.3088624333333333 0.581597221875
4 0.37797618958333334 0.612847221875 0.31911375625 0.612847221875 0.31911375625 0.655505953125 0.37797618958333334 0.655505953125 0.37797618958333334 0.612847221875
4 0.294146825 0.6294642859375 0.23462301666666668 0.6294642859375 0.23462301666666668 0.6738591265625 0.294146825 0.6738591265625 0.294146825 0.6294642859375
4 0.31812169375 0.5001240078125 0.26653439166666665 0.5001240078125 0.26653439166666665 0.5343501984375 0.31812169375 0.5343501984375 0.31812169375 0.5001240078125
4 0.3713624333333333 0.4673859125 0.3230820104166667 0.4673859125 0.3230820104166667 0.50830853125 0.3713624333333333 0.50830853125 0.3713624333333333 0.4673859125
4 0.4636243395833333 0.6586061515625 0.4232804229166666 0.6586061515625 0.4232804229166666 0.6898561515625 0.4636243395833333 0.6898561515625 0.4636243395833333 0.6586061515625
4 0.41534391458333336 0.629340278125 0.36772486875 0.629340278125 0.36772486875 0.6625744046875 0.41534391458333336 0.6625744046875 0.41534391458333336 0.629340278125
4 0.34920635 0.6538938484375 0.2999338625 0.6538938484375 0.2999338625 0.6759672625 0.34920635 0.6759672625 0.34920635 0.6538938484375
4 0.76240079375 0.5922619046875 0.61954365 0.5922619046875 0.61954365 0.6961805562500001 0.76240079375 0.6961805562500001 0.76240079375 0.5922619046875
4 0.70568783125 0.565972221875 0.6008597874999999 0.565972221875 0.6008597874999999 0.6369047625 0.70568783125 0.6369047625 0.70568783125 0.565972221875
4 0.6785714291666667 0.6455853171875 0.5849867729166667 0.6455853171875 0.5849867729166667 0.7177579359374999 0.6785714291666667 0.7177579359374999 0.6785714291666667 0.6455853171875
4 0.6223544979166667 0.7151537703125 0.5489417979166666 0.7151537703125 0.5489417979166666 0.7669890875 0.6223544979166667 0.7669890875 0.6223544979166667 0.7151537703125
4 0.7660383604166667 0.725818453125 0.6483134916666666 0.725818453125 0.6483134916666666 0.8098958328125001 0.7660383604166667 0.8098958328125001 0.7660383604166667 0.725818453125
4 0.7177579375 0.79637896875 0.6413690479166667 0.79637896875 0.6413690479166667 0.8549107140625001 0.7177579375 0.8549107140625001 0.7177579375 0.79637896875
4 0.6488095229166666 0.7873263890625 0.5588624333333333 0.7873263890625 0.5588624333333333 0.8505704359375 0.6488095229166666 0.8505704359375 0.6488095229166666 0.7873263890625
3 0.8032407416666667 0.29365079375 0.7526455020833333 0.29365079375 0.7526455020833333 0.3303571421875 0.8032407416666667 0.3303571421875 0.8032407416666667 0.29365079375
4 0.9485780416666666 0.49305555625 0.8956679895833334 0.49305555625 0.8956679895833334 0.5354662703125 0.9485780416666666 0.5354662703125 0.9485780416666666 0.49305555625
4 0.9449404770833334 0.5357142859375 0.8890542333333333 0.5357142859375 0.8890542333333333 0.5736607140625 0.9449404770833334 0.5736607140625 0.9449404770833334 0.5357142859375
5 0.9861111104166667 0.4500248015625 0.91964285625 0.4500248015625 0.91964285625 0.4936755953125 0.9861111104166667 0.4936755953125 0.9861111104166667 0.4500248015625
4 0.9409722229166667 0.4215029765625 0.8791335979166667 0.4215029765625 0.8791335979166667 0.46168154687499996 0.9409722229166667 0.46168154687499996 0.9409722229166667 0.4215029765625
4 1 0.4925595234375 0.9527116395833333 0.4925595234375 0.9527116395833333 0.5327380953125 1 0.5327380953125 1 0.4925595234375
4 0.8440806875 0.4830109125 0.7891865083333334 0.4830109125 0.7891865083333334 0.5274057546875001 0.8440806875 0.5274057546875001 0.8440806875 0.4830109125
4 0.8579695770833333 0.5210813484375 0.8060515875 0.5210813484375 0.8060515875 0.5602678578125 0.8579695770833333 0.5602678578125 0.8579695770833333 0.5210813484375
4 0.84904100625 0.5564236109375 0.8020833333333334 0.5564236109375 0.8020833333333334 0.5879216265625 0.84904100625 0.5879216265625 0.84904100625 0.5564236109375
4 0.8201058208333334 0.42373511875 0.7652116395833333 0.42373511875 0.7652116395833333 0.46440972187499996 0.8201058208333334 0.46440972187499996 0.8201058208333334 0.42373511875
4 0.7833994708333333 0.356646825 0.7390873020833334 0.356646825 0.7390873020833334 0.38616071406249997 0.7833994708333333 0.38616071406249997 0.7833994708333333 0.356646825
5 0.7220568791666667 0.3468501984375 0.6777447083333333 0.3468501984375 0.6777447083333333 0.379836309375 0.7220568791666667 0.379836309375 0.7220568791666667 0.3468501984375
5 0.73759920625 0.37152777812500004 0.6972552916666667 0.37152777812500004 0.6972552916666667 0.39955357187499996 0.73759920625 0.39955357187499996 0.73759920625 0.37152777812500004
3 0.84358465625 0.337549603125 0.7926587291666666 0.337549603125 0.7926587291666666 0.374255953125 0.84358465625 0.374255953125 0.84358465625 0.337549603125
5 0.68832671875 0.327380953125 0.65062830625 0.327380953125 0.65062830625 0.35590277812500004 0.68832671875 0.35590277812500004 0.68832671875 0.327380953125
4 0.7771164020833333 0.385540675 0.7341269833333333 0.385540675 0.7341269833333333 0.4155505953125 0.7771164020833333 0.4155505953125 0.7771164020833333 0.385540675
4 0.8583002645833333 0.3711557546875 0.81299603125 0.3711557546875 0.81299603125 0.4031498015625 0.8583002645833333 0.4031498015625 0.8583002645833333 0.3711557546875
4 0.9143518520833334 0.6383928578125 0.86904761875 0.6383928578125 0.86904761875 0.6698908734375 0.9143518520833334 0.6698908734375 0.9143518520833334 0.6383928578125
4 0.8544973541666666 0.401165675 0.813161375 0.401165675 0.813161375 0.427207340625 0.8544973541666666 0.427207340625 0.8544973541666666 0.401165675
4 0.7389219583333334 0.398189484375 0.7015542333333333 0.398189484375 0.7015542333333333 0.4205109125 0.7389219583333334 0.4205109125 0.7389219583333334 0.398189484375
4 0.7061838625 0.372519840625 0.6674933854166666 0.372519840625 0.6674933854166666 0.4045138890625 0.7061838625 0.4045138890625 0.7061838625 0.372519840625
4 0.9365079375 0.39397321406249997 0.8819444437499999 0.39397321406249997 0.8819444437499999 0.42745535781250005 0.9365079375 0.42745535781250005 0.9365079375 0.39397321406249997
4 0.37152777708333334 0.550347221875 0.3301917979166667 0.550347221875 0.3301917979166667 0.5803571421875 0.37152777708333334 0.5803571421875 0.37152777708333334 0.550347221875
4 0.3349867729166667 0.5926339281249999 0.2972883604166666 0.5926339281249999 0.2972883604166666 0.626612103125 0.3349867729166667 0.626612103125 0.3349867729166667 0.5926339281249999