3 0.4107323020833333 0.2607300125 0.6742881395833333 0.27108929375 0.6902766833333334 0.0422795875 0.42672084583333336 0.03192030625 0.4107323020833333 0.2607300125
4 0.42110816458333333 0.380631503125 0.6081367208333333 0.3879828171875 0.61770466875 0.25105732187499996 0.4306761125 0.243706009375 0.42110816458333333 0.380631503125
4 0.5564517395833334 0.5022188828124999 0.73833271875 0.509367865625 0.7482963333333333 0.3667800421875 0.5664153541666667 0.35963105781250004 0.5564517395833334 0.5022188828124999
4 0.4856492625 0.557634246875 0.630810875 0.5633399453125 0.6390479437500001 0.44546048125000004 0.49388633125 0.4397547828125 0.4856492625 0.557634246875
4 0.5517090979166667 0.6488832078125 0.7157451520833333 0.65533078125 0.7247375833333333 0.5266414078125 0.5607015291666666 0.520193834375 0.5517090979166667 0.6488832078125
4 0.37175911875 0.9095739921874999 0.4695630416666667 0.9134182578125 0.47535416875000003 0.8305423015625 0.37755024583333335 0.8266980359374999 0.37175911875 0.9095739921874999
4 0.31995086875 0.791657165625 0.47266225624999997 0.7976596140625001 0.48082738541666664 0.6808096640625 0.3281159979166667 0.6748072140625 0.31995086875 0.791657165625
4 0.27733124375 0.840179625 0.39469595 0.84479274375 0.40124244166666667 0.7511068796875 0.2838777333333333 0.7464937625 0.27733124375 0.840179625
5 0.17387760833333335 0.7571390828125 0.3138916479166667 0.7626424515625 0.32135536666666664 0.655830271875 0.18134132708333334 0.6503269031250001 0.17387760833333335 0.7571390828125
5 0.16608890416666666 0.6519211234375 0.30747562916666665 0.6574784453125 0.31499330208333337 0.5498941296875001 0.17360657708333335 0.54433680625 0.16608890416666666 0.6519211234375
4 0.2445132375 0.1107010078125 0.3179519729166667 0.113587578125 0.3223942354166667 0.050015028125000006 0.2489555 0.04712845625 0.2445132375 0.1107010078125
3 0.10828215208333333 0.31452475625 0.152208125 0.316251303125 0.15445623333333333 0.284078959375 0.11053026041666666 0.2823524125 0.10828215208333333 0.31452475625
4 0.18359791458333333 0 0.17940467083333334 0.0600088859375 0.2562751208333333 0.06303034375 0.26067949375 0 0.18359791458333333 0
4 0.2763366916666667 0 0.2739487 0.0341742109375 0.3556235541666667 0.037384509375 0.35823587291666664 0 0.2763366916666667 0
4 0.17063146666666668 0.227419725 0.22691161875 0.2296318640625 0.23000501458333333 0.18536271875000002 0.17372486458333333 0.18315058125 0.17063146666666668 0.227419725