5 0.7524038458333333 0.05204326875 0.5392628208333333 0.05204326875 0.5392628208333333 0.2328125 0.7524038458333333 0.2328125 0.7524038458333333 0.05204326875
4 0.59326923125 0.11658653906250001 0.41217948750000005 0.11658653906250001 0.41217948750000005 0.2668269234375 0.59326923125 0.2668269234375 0.59326923125 0.11658653906250001
4 0.7546474354166667 0.2074519234375 0.58830128125 0.2074519234375 0.58830128125 0.328846153125 0.7546474354166667 0.328846153125 0.7546474354166667 0.2074519234375
4 0.6416666666666667 0.331490384375 0.5798076916666666 0.331490384375 0.5798076916666666 0.37956730781250003 0.6416666666666667 0.37956730781250003 0.6416666666666667 0.331490384375
4 0.66955128125 0.3808894234375 0.5397435895833333 0.3808894234375 0.5397435895833333 0.482572115625 0.66955128125 0.482572115625 0.66955128125 0.3808894234375
3 0.55544871875 0.3918269234375 0.42980769166666666 0.3918269234375 0.42980769166666666 0.490865384375 0.55544871875 0.490865384375 0.55544871875 0.3918269234375
4 0.44262820416666665 0.42019230781249994 0.3342948708333333 0.42019230781249994 0.3342948708333333 0.5052884609375 0.44262820416666665 0.5052884609375 0.44262820416666665 0.42019230781249994
4 0.5769230770833332 0.46262019218750006 0.49615384583333333 0.46262019218750006 0.49615384583333333 0.5092548078125 0.5769230770833332 0.5092548078125 0.5769230770833332 0.46262019218750006
4 0.6358974354166667 0.50264423125 0.5775641020833333 0.50264423125 0.5775641020833333 0.5521634609375 0.6358974354166667 0.5521634609375 0.6358974354166667 0.50264423125
4 0.5216346145833334 0.507091346875 0.42323717916666664 0.507091346875 0.42323717916666664 0.5900240390625 0.5216346145833334 0.5900240390625 0.5216346145833334 0.507091346875
4 0.37900641041666666 0.504447115625 0.331891025 0.504447115625 0.331891025 0.53545673125 0.37900641041666666 0.53545673125 0.37900641041666666 0.504447115625
4 0.4378205125 0.5691105765625 0.3336538458333333 0.5691105765625 0.3336538458333333 0.6433894234374999 0.4378205125 0.6433894234374999 0.4378205125 0.5691105765625
4 0.5421474354166667 0.596153846875 0.443108975 0.596153846875 0.443108975 0.677884615625 0.5421474354166667 0.677884615625 0.5421474354166667 0.596153846875
4 0.45705128125 0.612740384375 0.35 0.612740384375 0.35 0.6925480765625001 0.45705128125 0.6925480765625001 0.45705128125 0.612740384375
4 0.5432692312499999 0.732572115625 0.45576923124999996 0.732572115625 0.45576923124999996 0.8046875 0.5432692312499999 0.8046875 0.5432692312499999 0.732572115625
4 0.4677884625 0.6949519234375 0.36746794791666665 0.6949519234375 0.36746794791666665 0.7747596156250001 0.4677884625 0.7747596156250001 0.4677884625 0.6949519234375
3 0.3766025645833333 0.7021634609375 0.2996794875 0.7021634609375 0.2996794875 0.7740384609375 0.3766025645833333 0.7740384609375 0.3766025645833333 0.7021634609375
3 0.4065705125 0.758533653125 0.3104166666666667 0.758533653125 0.3104166666666667 0.8157451921875 0.4065705125 0.8157451921875 0.4065705125 0.758533653125
5 0.35801282083333336 0.789302884375 0.2907051291666667 0.789302884375 0.2907051291666667 0.8457932687499999 0.35801282083333336 0.8457932687499999 0.35801282083333336 0.789302884375
5 0.39310897499999997 0.8123798078125001 0.3331730770833333 0.8123798078125001 0.3331730770833333 0.864302884375 0.39310897499999997 0.864302884375 0.39310897499999997 0.8123798078125001
3 0.4684294875 0.8097355765625001 0.37612179583333333 0.8097355765625001 0.37612179583333333 0.888341346875 0.4684294875 0.888341346875 0.4684294875 0.8097355765625001
5 0.42387820416666666 0.87235576875 0.34086538541666667 0.87235576875 0.34086538541666667 0.9432692312500001 0.42387820416666666 0.9432692312500001 0.42387820416666666 0.87235576875
3 0.9423076916666666 0.948197115625 0.8794871791666666 0.948197115625 0.8794871791666666 0.9965144234375 0.9423076916666666 0.9965144234375 0.9423076916666666 0.948197115625
3 0.8299679479166666 0.952403846875 0.76875 0.952403846875 0.76875 0.9987980765625 0.8299679479166666 0.9987980765625 0.8299679479166666 0.952403846875