3 0.0503737369519833 0.7857706890625 0.015864413361169102 0.9488427171874999 0.17809471189979123 0.968073634375 0.21260403549060544 0.8050016078125 0.0503737369519833 0.7857706890625
3 0 0.9469621359374999 0.12007737369519833 0.9611962109375 0.15026583089770354 0.8185422171875001 0 0.8007295765625001 0 0.9469621359374999
3 0.16467964509394573 0.3134601390625 0.03645950939457202 0.2982608140625 0.016698745302713987 0.3916392890625 0.1449188810020877 0.4068386125 0.16467964509394573 0.3134601390625
3 0.2737772045929019 0.35206707656249997 0.16610866388308979 0.33930395625 0.1492860897703549 0.418798165625 0.25695462839248434 0.4315612875 0.2737772045929019 0.35206707656249997
4 0.20610585386221295 0.24720804531249999 0.1369942922755741 0.2390155015625 0.12287945929018788 0.30571441250000003 0.19199102087682673 0.31390695625 0.20610585386221295 0.24720804531249999
4 0.3491678100208768 0.27156208125000003 0.251320388308977 0.25996316406250003 0.23628377244258875 0.331017921875 0.33413119415448855 0.3426168390625 0.3491678100208768 0.27156208125000003
4 0.305816 0.1900975390625 0.22470084968684761 0.18048207968750002 0.2115078037578288 0.2428251421875 0.2926229540709812 0.2524406015625 0.305816 0.1900975390625
4 0.5324736722338205 0.0722680578125 0.3913405866388309 0.055538021874999996 0.3693329728601253 0.159533871875 0.5104660563674321 0.1762639078125 0.5324736722338205 0.0722680578125
5 0.630446509394572 0.1123469578125 0.40310584342379957 0.0853978 0.3669833966597077 0.2560925609375 0.5943240626304801 0.28304171718750004 0.630446509394572 0.1123469578125
4 0.6552037870563675 0.139839846875 0.5868197139874739 0.131733540625 0.5688449081419624 0.216672559375 0.637228981210856 0.224778865625 0.6552037870563675 0.139839846875
3 0.522850503131524 0.3758715078125 0.32533693319415447 0.3524580796875 0.2953213110647182 0.49429535312499995 0.49283488100208767 0.5177087796875 0.522850503131524 0.3758715078125
5 0.7144136597077244 0.378067940625 0.5525471064718164 0.358880140625 0.5311156075156577 0.46015358749999996 0.6929821607515657 0.4793413859375 0.7144136597077244 0.378067940625
4 0.6372798246346556 0.235110475 0.4932367787056367 0.21803548906249998 0.4709987160751566 0.3231203015625 0.6150417640918581 0.3401952875 0.6372798246346556 0.235110475
3 0.7043712108559499 0.46869145312500005 0.5075851315240083 0.44536426406249996 0.47699339457202505 0.5899239406250001 0.6737794739039665 0.6132511296875001 0.7043712108559499 0.46869145312500005