4 0.42404292708333335 0 0.34022142916666664 0.014513789062499999 0.3552254125 0.0632558375 0.5307281895833333 0.03286733125 0.5206108270833333 0 0.42404292708333335 0
3 0.18349336875000002 0.1187854515625 0.09401521041666668 0.1342786984375 0.11518025208333334 0.20303559999999998 0.2046584125 0.1875423546875 0.18349336875000002 0.1187854515625
5 0.16688183958333333 0.154524321875 0.07049659375 0.17121353749999998 0.0970978625 0.2576306015625 0.19348310833333335 0.2409413875 0.16688183958333333 0.154524321875
5 0.21466228125 0.2297095984375 0.13020745625 0.24433304687500002 0.15006780416666665 0.30885151093749996 0.2345226291666667 0.2942280609375 0.21466228125 0.2297095984375
4 0.5792532458333334 0.07555715156250001 0.43451839791666663 0.10061815625 0.4680780375 0.2096402296875 0.6128128854166667 0.18457922499999999 0.5792532458333334 0.07555715156250001
4 0.6683155895833334 0.114576153125 0.47994051666666665 0.14719351249999998 0.5258947520833334 0.29648075937499996 0.714269825 0.2638634 0.6683155895833334 0.114576153125
4 0.19244977083333334 0.2821675140625 0.09889015208333334 0.29836746875000003 0.12085250833333333 0.369714528125 0.21441212708333335 0.3535145734375 0.19244977083333334 0.2821675140625
4 0.23583055625 0.3242599546875 0.15671302291666667 0.3379592453125 0.17432639791666665 0.3951781734375 0.2534439291666667 0.38147888124999996 0.23583055625 0.3242599546875
4 0.7563966895833333 0.225070625 0.6257899729166667 0.247685328125 0.6572476041666667 0.3498788046875 0.7878543208333333 0.327264103125 0.7563966895833333 0.225070625
4 0.20669712708333332 0.363903140625 0.11878876041666667 0.37912457499999996 0.13828669375 0.44246569375 0.22619506041666665 0.427244259375 0.20669712708333332 0.363903140625
4 0.26113813125 0.3978800078125 0.18233456041666668 0.41152493593750006 0.19929558541666664 0.46662464375 0.2780991583333333 0.4529797140625 0.26113813125 0.3978800078125
4 0.7869224395833334 0.3108081625 0.6145592458333333 0.34065304531249996 0.6510182062500001 0.4590938734375 0.8233813979166666 0.42924898906250003 0.7869224395833334 0.3108081625
4 0.25043255416666665 0.4415249515625 0.1757104416666667 0.45446317187499996 0.19296140208333332 0.5105047546875 0.2676835125 0.4975665359375 0.25043255416666665 0.4415249515625
4 0.28934200000000004 0.45673744843749997 0.22843406041666667 0.46728372812499996 0.24227831875 0.5122582765625 0.30318625833333335 0.501711996875 0.28934200000000004 0.45673744843749997
4 0.9000489416666666 0.426390728125 0.8680251812499999 0.43193567968749996 0.8748385854166667 0.4540697515625 0.9068623458333334 0.44852480000000006 0.9000489416666666 0.426390728125
4 0.29945459375 0.499257896875 0.2435699875 0.50893438125 0.25567465208333334 0.5482576781249999 0.3115592583333333 0.53858119375 0.29945459375 0.499257896875
4 0.8124745208333334 0.408319746875 0.69285635 0.4290317703125 0.7142388416666667 0.49849507812500005 0.8338570125 0.47778305468750004 0.8124745208333334 0.408319746875
4 0.8198133791666666 0.4799667078125 0.7199745875 0.4972539078125 0.7403423166666666 0.5634206515625 0.84018110625 0.5461334515625 0.8198133791666666 0.4799667078125
4 0.77482969375 0.5594332765625001 0.6586650666666666 0.579547315625 0.6879482062500001 0.6746767265625 0.8041128354166667 0.6545626890625 0.77482969375 0.5594332765625001
4 0.7597647375 0.6023449390625 0.6492513624999999 0.62148045625 0.67338820625 0.699891578125 0.7839015833333334 0.6807560609375 0.7597647375 0.6023449390625
3 0.8637452541666666 0.583472525 0.7824300145833334 0.5975523515625001 0.8013480833333334 0.6590097203124999 0.8826633229166667 0.6449298921875 0.8637452541666666 0.583472525
4 0.9748533333333333 0.5882919109375 0.9152012270833333 0.5986207421875 0.9288280354166666 0.642888884375 0.9884801416666666 0.6325600546875 0.9748533333333333 0.5882919109375
4 0.9199250416666668 0.6166522796875 0.8627846020833334 0.6265462125 0.8761214791666667 0.6698724781250001 0.9332619166666666 0.6599785453125 0.9199250416666668 0.6166522796875
4 0.8671087520833333 0.635222215625 0.8112241458333334 0.6448986984375 0.8208643875 0.6762160546875 0.87674899375 0.666539571875 0.8671087520833333 0.635222215625
4 1 0.5938585125 0.9735142166666667 0.59844455625 0.9838068041666667 0.63188113125 1 0.6290772609374999 1 0.5938585125
4 0.8003613854166667 0.6869587359375 0.73474406875 0.6983204484375001 0.7497480541666667 0.7470624984375 0.8153653708333334 0.7357007859375 0.8003613854166667 0.6869587359375
5 0.9325148791666666 0.6731289140625 0.8646998520833333 0.6848711625 0.8802837020833334 0.7354969640625 0.9480987291666667 0.7237547140625 0.9325148791666666 0.6731289140625
5 0.9631416791666666 0.6979602 0.89595456875 0.7095937250000001 0.9106686229166667 0.7573939000000001 0.9778557312499999 0.7457603749999999 0.9631416791666666 0.6979602
5 0.9001612083333334 0.7442080984375 0.8631141125 0.7506228453125 0.8763785041666666 0.7937136453125 0.9134256020833333 0.787298896875 0.9001612083333334 0.7442080984375
4 0.7991763208333332 0.7701264046875 0.7376404645833333 0.7807814093750001 0.7521370687500001 0.827875178125 0.813672925 0.8172201734375 0.7991763208333332 0.7701264046875
5 1 0.7891737578125 0.9814600958333333 0.7923839625 0.9967540145833333 0.8420678875000001 1 0.8415058421875001 1 0.7891737578125
3 0.9238513458333333 0.8233166187500001 0.8397104791666667 0.83788570625 0.8614553854166667 0.9085263593749999 0.9455962520833334 0.893957271875 0.9238513458333333 0.8233166187500001
4 0.8038923625 0.822509971875 0.7517752583333334 0.8315341078125 0.76395240625 0.8710928718750001 0.8160695104166666 0.8620687359374999 0.8038923625 0.822509971875
4 0.8367030395833334 0.8329500218750001 0.7710857229166667 0.8443117359375 0.7882641979166666 0.9001178515625 0.8538815166666667 0.8887561375 0.8367030395833334 0.8329500218750001
4 0.9576273208333334 0.827761075 0.9164987625 0.8348825312500001 0.9337497208333333 0.890924115625 0.9748782791666667 0.8838026578125 0.9576273208333334 0.827761075
5 0.8782247041666668 0.8792086703124999 0.80538634375 0.891820715625 0.8245218604166666 0.953984490625 0.8973602208333333 0.9413724453125001 0.8782247041666668 0.8792086703124999
5 0.3320656708333333 1 0.3238583666666666 0.973337690625 0.25102000625 0.9859497359375 0.25534501875 1 0.3320656708333333 1
4 0.7524042791666666 0.5510393062500001 0.65507715625 0.5678916078125 0.6697912104166667 0.6156917828124999 0.76711833125 0.5988394796875001 0.7524042791666666 0.5510393062500001
4 0.8803341708333333 0.560014528125 0.8445429083333333 0.5662118265625 0.8533858375 0.5949390250000001 0.8891770999999999 0.5887417265625 0.8803341708333333 0.560014528125
3 0.33481530416666666 0.622725265625 0.3031055 0.6282158546875001 0.3086866916666667 0.64634695625 0.34039649583333337 0.6408563671875 0.33481530416666666 0.622725265625
5 0.3342422020833334 0.578429034375 0.3059859416666667 0.5833216375 0.3109147875 0.59933351875 0.33917104791666663 0.594440915625 0.3342422020833334 0.578429034375
5 0.27187420625 0.5976607828125 0.24550169375 0.6022272125 0.2507204708333333 0.6191809687500001 0.2770929833333333 0.6146145375 0.27187420625 0.5976607828125
5 0.2916049270833333 0.5913921625 0.26586033541666665 0.59584986875 0.27035428333333333 0.6104489359375 0.29609887500000004 0.6059912296875 0.2916049270833333 0.5913921625