3 0.46441947499999997 0.941947565625 0.71232388125 0.941947565625 0.71232388125 0.750401284375 0.46441947499999997 0.750401284375 0.46441947499999997 0.941947565625
4 0.09167112499999999 0.78477795625 0.32780452916666664 0.78477795625 0.32780452916666664 0.6015248796875 0.09167112499999999 0.6015248796875 0.09167112499999999 0.78477795625
4 0.07490636666666667 0.7754146609375 0.1451756729166667 0.7754146609375 0.1451756729166667 0.6710807921875 0.07490636666666667 0.6710807921875 0.07490636666666667 0.7754146609375
4 0.12092027916666666 0.5945692890625 0.35883716875 0.5945692890625 0.35883716875 0.43699839531249995 0.12092027916666666 0.43699839531249995 0.12092027916666666 0.5945692890625
4 0.22311396458333332 0.515917603125 0.38291421458333336 0.515917603125 0.38291421458333336 0.421214553125 0.22311396458333332 0.421214553125 0.22311396458333332 0.515917603125
4 0.20563581250000001 0.42495987187499995 0.43427858125 0.42495987187499995 0.43427858125 0.254815409375 0.20563581250000001 0.254815409375 0.20563581250000001 0.42495987187499995
4 0.3463527729166667 0.4288389515625 0.4351703229166667 0.4288389515625 0.4351703229166667 0.366506153125 0.3463527729166667 0.366506153125 0.3463527729166667 0.4288389515625
4 0.4225075791666667 0.28624933124999996 0.49028000625 0.28624933124999996 0.49028000625 0.22846441875 0.4225075791666667 0.22846441875 0.4225075791666667 0.28624933124999996
4 0.5011592645833333 0.71522204375 0.7155341541666667 0.71522204375 0.7155341541666667 0.5480203312499999 0.5011592645833333 0.5480203312499999 0.5011592645833333 0.71522204375
4 0.46103085416666667 0.6649277687499999 0.5630461916666667 0.6649277687499999 0.5630461916666667 0.5512306046875 0.46103085416666667 0.5512306046875 0.46103085416666667 0.6649277687499999
4 0.5548421625 0.554440878125 0.7774210812500001 0.554440878125 0.7774210812500001 0.412386303125 0.5548421625 0.412386303125 0.5548421625 0.554440878125
4 0.5881933291666667 0.412386303125 0.7701087916666667 0.412386303125 0.7701087916666667 0.2767522734375 0.5881933291666667 0.2767522734375 0.5881933291666667 0.412386303125