4 0 0.836077359375 0.035105283924843425 0.8393034140625 0.06209519415448851 0.6747854906249999 0 0.6690791546875 0 0.836077359375
4 0.09661534864300626 0.8038274937500001 0.2891807118997912 0.8215235906249999 0.3150107244258873 0.664075859375 0.12244536116910229 0.6463797625 0.09661534864300626 0.8038274937500001
3 0.295513478079332 0.8211394453124999 0.4967987828810021 0.8396368750000001 0.5216919561586638 0.68789968125 0.3204066513569937 0.669402253125 0.295513478079332 0.8211394453124999
3 0.30471029853862214 0.6740324734375001 0.4929156931106472 0.691327903125 0.5147306784968685 0.5583539125 0.3265252839248434 0.54105848125 0.30471029853862214 0.6740324734375001
3 0.537859248434238 0.6579179703125 0.7344212526096033 0.6759813453125 0.7615896096033403 0.5103756984375 0.5650276054279749 0.492312325 0.537859248434238 0.6579179703125
4 0.1998067536534447 0.5659874703125001 0.3516790605427975 0.579944015625 0.37063891440501046 0.46437357187500006 0.2187666075156576 0.45041702812500006 0.1998067536534447 0.5659874703125001
4 0.07868032150313152 0.6557453640625 0.2145660688935282 0.6682327984375 0.23539960334029228 0.541241278125 0.0995138559498956 0.52875384375 0.07868032150313152 0.6557453640625
5 0.5220512985386221 0.44516424062500004 0.7051700605427975 0.4619922265625 0.7292156158663884 0.3154217125 0.546096853862213 0.2985937265625 0.5220512985386221 0.44516424062500004
4 0.27437966597077246 0.3856920640625 0.4149887139874739 0.3986135546875 0.4318518308977035 0.29582384375 0.2912427828810021 0.282902353125 0.27437966597077246 0.3856920640625
4 0.5855355156576201 0.34707289375 0.7272345574112734 0.36009455 0.7428039436325679 0.265190821875 0.6011049018789143 0.25216916562499997 0.5855355156576201 0.34707289375
4 0.4624994843423799 0.311337640625 0.5671387787056367 0.3209536328125 0.5796745887265136 0.2445411765625 0.4750352943632568 0.23492518437499998 0.4624994843423799 0.311337640625
4 0.527898114822547 0.2858801203125 0.6517939436325678 0.297265721875 0.6683447807933195 0.196379525 0.5444489519832986 0.1849939234375 0.527898114822547 0.2858801203125
4 0.5172605427974948 0.2113405453125 0.6131798956158664 0.2201552046875 0.6251357557411273 0.14727784375 0.5292164050104384 0.138463184375 0.5172605427974948 0.2113405453125
4 0.4957460501043841 0.1592639765625 0.5822187995824635 0.1672105265625 0.5923902025052192 0.10521038281249999 0.5059174551148226 0.097263834375 0.4957460501043841 0.1592639765625
3 0.07980233402922757 0.12173025156249999 0.1506518559498956 0.1282410796875 0.1594849164926931 0.07439885 0.08863539457202504 0.06788802187500001 0.07980233402922757 0.12173025156249999
3 0.06190021920668058 0.099796896875 0.10306446972860124 0.10357975 0.11064841336116911 0.05735157187499999 0.06948416075156576 0.05356871875 0.06190021920668058 0.099796896875
5 0.1254916388308977 0.0871467125 0.1876212192066806 0.09285620781250001 0.19458059916492693 0.050435059375 0.13245101878914406 0.0447255640625 0.1254916388308977 0.0871467125
5 0.10897548434237997 0.067548965625 0.17437504175365343 0.0735589609375 0.18343116075156574 0.018357078125000002 0.11803160334029228 0.0123470828125 0.10897548434237997 0.067548965625