3 0.08921480833333333 0.6029880750000001 0.41694675416666666 0.6201760125 0.43440979583333333 0.432876178125 0.10667784791666667 0.4156882390625 0.08921480833333333 0.6029880750000001
3 0.2685895708333333 0.48580101718749996 0.51455958125 0.49870094218750005 0.5304437729166667 0.3283350640625 0.2844737625 0.315435140625 0.2685895708333333 0.48580101718749996
3 0.19046665208333333 0.2784051296875 0.3806743395833333 0.2883805921875 0.3937118145833333 0.1485471546875 0.2035041291666667 0.13857169062500002 0.19046665208333333 0.2784051296875
3 0.3540076541666667 0.3752887296875 0.5541362437499999 0.3857844953125 0.5687286479166667 0.2292736734375 0.36860005833333337 0.2187779078125 0.3540076541666667 0.3752887296875
5 0.003927360416666667 0.7729369609375001 0.27863378541666667 0.7873439703125 0.2995894333333334 0.5625841687500001 0.024883010416666667 0.548177159375 0.003927360416666667 0.7729369609375001
4 0.27885659375 0.8623840984375001 0.5190109020833333 0.8749790171875 0.53463195 0.7074354671875 0.2944776416666667 0.6948405484375 0.27885659375 0.8623840984375001
4 0.44955149375 0.6133775906250001 0.6103385666666666 0.6218100859375 0.6247156729166666 0.46760844218750003 0.4639286 0.45917594531250006 0.44955149375 0.6133775906250001
4 0.5618242812500001 0.467404053125 0.7072168458333333 0.47502918125000004 0.71879508125 0.350846825 0.5734025145833334 0.34322169687500004 0.5618242812500001 0.467404053125
4 0.66756943125 0.5463024187500001 0.80954099375 0.5537481328125 0.82016235 0.43982878281250004 0.6781907875000001 0.43238306875 0.66756943125 0.5463024187500001
4 0.5909466645833333 0.656502490625 0.7661019458333332 0.665688528125 0.7787327479166667 0.5302168671875 0.6035774666666666 0.5210308296874999 0.5909466645833333 0.656502490625
4 0.7357566583333334 0.6537838781249999 0.8394130083333333 0.659220146875 0.8500822083333334 0.54478764375 0.7464258583333333 0.5393513765625 0.7357566583333334 0.6537838781249999
4 0.54710094375 0.7728046625 0.7373086291666666 0.782780125 0.7511116083333333 0.6347362828125 0.5609039208333333 0.6247608203125 0.54710094375 0.7728046625
4 0.48888075416666665 0.8238955359375 0.6407732229166666 0.831861553125 0.6513467354166667 0.7184553515625 0.49945426666666665 0.710489334375 0.48888075416666665 0.8238955359375
4 0.3315765145833333 0.73017515 0.48962678541666665 0.7384641140625 0.4983822270833333 0.6445576203125001 0.34033195833333335 0.6362686578125001 0.3315765145833333 0.73017515