1 0.094391025 0.27295673125 0.0011217958333333334 0.27295673125 0.0011217958333333334 0.3467548078125 0.094391025 0.3467548078125 0.094391025 0.27295673125
2 0.13974358958333333 0.549759615625 0.009294870833333333 0.549759615625 0.009294870833333333 0.6420673078125 0.13974358958333333 0.6420673078125 0.13974358958333333 0.549759615625
1 0 0.691346153125 0.06474358958333333 0.691346153125 0.06474358958333333 0.5887019234374999 0 0.5887019234374999 0 0.691346153125
2 0.17644230833333333 0.5974759609375 0.06298076875 0.5974759609375 0.06298076875 0.6734375 0.17644230833333333 0.6734375 0.17644230833333333 0.5974759609375
2 0.14551282083333333 0.656009615625 0.031410256250000004 0.656009615625 0.031410256250000004 0.736778846875 0.14551282083333333 0.736778846875 0.14551282083333333 0.656009615625
2 0.11875 0.73016826875 0.04887820416666667 0.73016826875 0.04887820416666667 0.7621394234375 0.11875 0.7621394234375 0.11875 0.73016826875
1 0.2975961541666667 0.8341346156249999 0.14631410208333331 0.8341346156249999 0.14631410208333331 0.9608173078125001 0.2975961541666667 0.9608173078125001 0.2975961541666667 0.8341346156249999
1 0.5596153854166667 0.752884615625 0.2842948708333333 0.752884615625 0.2842948708333333 0.9896634609375001 0.5596153854166667 0.9896634609375001 0.5596153854166667 0.752884615625
1 0.7150641020833334 0.642427884375 0.49615384583333333 0.642427884375 0.49615384583333333 0.824158653125 0.7150641020833334 0.824158653125 0.7150641020833334 0.642427884375
2 0.5690705125 0.8730769234375 0.5072115375 0.8730769234375 0.5072115375 0.94110576875 0.5690705125 0.94110576875 0.5690705125 0.8730769234375
2 0.6147435895833334 0.9377403843750001 0.4891025645833333 0.9377403843750001 0.4891025645833333 0.9997596156249999 0.6147435895833334 0.9997596156249999 0.6147435895833334 0.9377403843750001