1 0.45815016492693106 1 0.4713002463465553 0.9632691078125 0.3592369603340292 0.9407955749999999 0.34299865135699376 0.9861525328124999 0.4120484384133612 1 0.45815016492693106 1
1 0.2182903319415449 0.6751657328125 0.14583854070981211 0.6606360171875 0.1232500521920668 0.7237303328125 0.1957018434237996 0.7382600484374999 0.2182903319415449 0.6751657328125
1 0.25974813152400833 0.9262754359375001 0.2453241586638831 0.9665645765624999 0.34045945302713987 0.9856433140625 0.3548834279749478 0.945354175 0.25974813152400833 0.9262754359375001
1 0.6519991816283925 0.5629366296875 0.26705672651356993 0.4857390296875 0.16128092066805846 0.7811927328125 0.5462233736951982 0.8583903328125 0.6519991816283925 0.5629366296875
1 0.28334354488517743 0.2547645 0.1963336847599165 0.2373152609375 0.17410806471816284 0.29939601250000003 0.2611179248434238 0.3168452515625 0.28334354488517743 0.2547645
1 0.2138791294363257 0.20756490625000001 0.11400399791231733 0.187535625 0.08678895198329854 0.263552871875 0.1866640835073069 0.283582153125 0.2138791294363257 0.20756490625000001
2 0.3416856764091858 0.2048151703125 0.28209915448851774 0.1928654984375 0.2645000939457202 0.24202331875 0.3240866137787057 0.253972990625 0.3416856764091858 0.2048151703125
0 0.5688834154488518 0.1717547234375 0.4456476617954071 0.14704062812500002 0.40872591649269313 0.25017069531249997 0.5319616722338204 0.274884790625 0.5688834154488518 0.1717547234375
0 0.6726235469728602 0.20328665156249998 0.5432937160751565 0.1773504296875 0.5017454133611691 0.29340342812500003 0.6310752463465553 0.3193396484375 0.6726235469728602 0.20328665156249998
1 0.7349580271398747 0.2405015046875 0.628650260960334 0.219182203125 0.5929985532359082 0.318764796875 0.6993063194154489 0.3400840984375 0.7349580271398747 0.2405015046875
2 0.6849608622129436 0.091288384375 0.5197436972860126 0.0581552015625 0.4781953945720251 0.17420819999999998 0.6434125615866388 0.2073413828125 0.6849608622129436 0.091288384375