3 0.5408602129436326 1 0.5566983987473904 0.998544525 0.5250616283924844 0.8057015125 0.3129349144050104 0.8251952296875 0.3416124279749478 1 0.5408602129436326 1
3 0.68486224217119 0.6901542593750001 0.4138520772442589 0.7150591640624999 0.4476219144050104 0.920904365625 0.7186320793319415 0.8959994609375 0.68486224217119 0.6901542593750001
3 0.511560248434238 0.63175334375 0.2990678016701461 0.6512806703125 0.32682014196242176 0.8204460109375 0.5393125887265136 0.8009186843749999 0.511560248434238 0.63175334375
4 0.5847111377870564 0.49832819375000004 0.4223244822546973 0.5132509703125 0.44437367014613777 0.6476525578125 0.6067603277661795 0.63272978125 0.5847111377870564 0.49832819375000004
4 0.37653277661795403 0.4411872984375 0.19293344676409185 0.458059446875 0.2165992776617954 0.6023153265625 0.400198605427975 0.585443178125 0.37653277661795403 0.4411872984375
4 0.43472973068893533 0.2166099484375 0.27709764091858036 0.23109579687499998 0.29829360125260956 0.360296509375 0.4559256931106472 0.3458106609375 0.43472973068893533 0.2166099484375
4 0.25401419206680587 0.13791210468749998 0.08760444258872652 0.1532045890625 0.11023741962421713 0.291164671875 0.2766471691022964 0.2758721875 0.25401419206680587 0.13791210468749998
4 0.30636582463465556 0.021402615625 0.15568270981210855 0.035249878125 0.17638469728601253 0.1614395578125 0.3270678121085595 0.1475922953125 0.30636582463465556 0.021402615625
4 0.4161689331941545 0.04576636875 0.31376293319415444 0.055177128124999995 0.33051313152400835 0.1572785375 0.43291913152400835 0.14786777812500002 0.4161689331941545 0.04576636875
5 0.9428331691022965 0.1603309171875 0.807145217118998 0.172800175 0.823311630480167 0.271343090625 0.9589995803757828 0.2588738328125 0.9428331691022965 0.1603309171875
4 0.8483886179540711 0.21374503906250003 0.7247699478079332 0.2251051703125 0.7383766764091858 0.3080454578125 0.8619953465553236 0.2966853265625 0.8483886179540711 0.21374503906250003
3 0.8718320229645093 0.2853617296875 0.7430930501043842 0.2971924 0.7601126889352818 0.40093619062499997 0.8888516617954071 0.389105521875 0.8718320229645093 0.2853617296875
3 0.9631564551148226 0.29100111093750003 0.804792891440501 0.3055541796875 0.8210491169102296 0.40464455624999995 0.9794126805845511 0.3900914875 0.9631564551148226 0.29100111093750003
3 0.9111511127348643 0.4141473453125 0.7677827139874739 0.427322409375 0.7839042192066805 0.5255915953125 0.927272617954071 0.51241653125 0.9111511127348643 0.4141473453125