2 0.7311517599164927 0.2439219171875 0.515676624217119 0.26372334375 0.5431351711899791 0.431097859375 0.7586103089770355 0.41129643437499996 0.7311517599164927 0.2439219171875
0 0.5598422066805846 0.331057928125 0.3783536847599165 0.3477361015625 0.39980306680584554 0.4784815453125 0.5812915887265135 0.461803371875 0.5598422066805846 0.331057928125
1 0.26270191440501045 0.5228396937500001 0.21376118997912316 0.527337178125 0.2190609394572025 0.5596419859374999 0.26800166388308977 0.5551445015625001 0.26270191440501045 0.5228396937500001
0 0.2618546096033403 0.5439611390625 0.19320164718162838 0.5502701109375 0.20158944050104383 0.6013981937499999 0.27024240292275575 0.595089221875 0.2618546096033403 0.5439611390625
1 0.24332047599164924 0.6297095828125 0.18588309603340292 0.6349878796875 0.1928937891440501 0.6777218 0.25033116910229647 0.6724435015625 0.24332047599164924 0.6297095828125
0 0.2816440313152401 0.6540737515624999 0.21401066805845512 0.660289025 0.22206462004175367 0.7093821578124999 0.28969798329853863 0.7031668843750001 0.2816440313152401 0.6540737515624999
1 0.23977873695198332 0.7300888890625 0.1558317995824635 0.737803325 0.16901857828810019 0.8181837921874999 0.25296551774530274 0.8104693562499999 0.23977873695198332 0.7300888890625
1 0.1810715949895616 0.7265758546875001 0.10868010647181629 0.733228384375 0.11777731524008352 0.7886807328125001 0.1901688037578288 0.782028203125 0.1810715949895616 0.7265758546875001
0 1 0.516020540625 0.8841393966597078 0.5266677328125 0.8972427160751566 0.6065394625 1 0.5970964203125 1 0.516020540625
2 1 0.47871014375 0.935546745302714 0.4846331765625 0.9456454801670146 0.5461903703125001 1 0.5411953765625 1 0.47871014375
1 0.8287813215031314 0.8894958171875 0.7434749206680584 0.8973351828125 0.7540744217118998 0.9619448 0.8393808225469729 0.954105434375 0.8287813215031314 0.8894958171875
1 0.8301659707724426 0.844312071875 0.746898764091858 0.85196404375 0.7572061524008351 0.9147930796875 0.840473356993737 0.9071411093749999 0.8301659707724426 0.844312071875
1 0.132589 0.8652970281249999 0.08670707098121086 0.8695134203125001 0.09225720250521921 0.903344440625 0.13813913152400836 0.8991280484375 0.132589 0.8652970281249999
1 0.1308833235908142 1 0.12601814822546972 0.9703441578125 0.07418856158663883 0.9751071203125001 0.07827235073068893 1 0.1308833235908142 1
1 0.1010922338204593 0.8520537578124999 0.05470050521920668 0.8563169984375 0.0609600521920668 0.894472284375 0.10735178079331942 0.89020904375 0.1010922338204593 0.8520537578124999
1 0.3025158413361169 1 0.299191127348643 0.97973409375 0.2403942839248434 0.985137321875 0.24283257411273484 1 0.3025158413361169 1