3 0.7352843916666667 0.4465525796875 0.4426256604166667 0.4465525796875 0.4426256604166667 0.677207340625 0.7352843916666667 0.677207340625 0.7352843916666667 0.4465525796875
3 0.5651455020833333 0.3261408734375 0.36574074166666665 0.3261408734375 0.36574074166666665 0.47991071406249997 0.5651455020833333 0.47991071406249997 0.5651455020833333 0.3261408734375
3 0.618882275 0.578869046875 0.43568121666666665 0.578869046875 0.43568121666666665 0.6929563484375 0.618882275 0.6929563484375 0.618882275 0.578869046875
5 0.6094576729166667 0.6469494046875 0.40674603125 0.6469494046875 0.40674603125 0.7756696421875 0.6094576729166667 0.7756696421875 0.6094576729166667 0.6469494046875
3 0.6932870375 0.2584325390625 0.5411706354166667 0.2584325390625 0.5411706354166667 0.3814484125 0.6932870375 0.3814484125 0.6932870375 0.2584325390625
3 0.43022486875 0.5281498015625 0.22817460416666666 0.5281498015625 0.22817460416666666 0.6871279765625 0.43022486875 0.6871279765625 0.43022486875 0.5281498015625
4 0.4037698416666667 0.681795634375 0.23611111041666666 0.681795634375 0.23611111041666666 0.818700396875 0.4037698416666667 0.818700396875 0.4037698416666667 0.681795634375
4 0.5853174604166667 0.7745535718750001 0.39351851875 0.7745535718750001 0.39351851875 0.9258432546875 0.5853174604166667 0.9258432546875 0.5853174604166667 0.7745535718750001
3 0.250661375 0.25049603125000003 0.13425925833333335 0.25049603125000003 0.13425925833333335 0.384424603125 0.250661375 0.384424603125 0.250661375 0.25049603125000003
3 0.24537037083333332 0.44605654687499996 0.14451058125 0.44605654687499996 0.14451058125 0.5246775796875001 0.24537037083333332 0.5246775796875001 0.24537037083333332 0.44605654687499996
4 0.24289021249999998 0.5555555562500001 0.14203042291666668 0.5555555562500001 0.14203042291666668 0.6545138890625 0.24289021249999998 0.6545138890625 0.24289021249999998 0.5555555562500001