1 0.6731209248434238 0.3245830328125 0.78949351565762 0.3169629796875 0.776597223382046 0.206639340625 0.6602246346555323 0.21425939375 0.6731209248434238 0.3245830328125
1 0.6279363486430063 0.2971422 0.6808943110647181 0.2936745234375 0.6759364697286012 0.2512617734375 0.6229785073068893 0.25472945 0.6279363486430063 0.2971422
1 0.6858331169102297 0.3402859421875 0.7566686054279749 0.3356476484375 0.7530977787056368 0.30510037031250004 0.6822622901878914 0.3097386625 0.6858331169102297 0.3402859421875
1 0.5660299895615866 0.38107402968750004 0.694883121085595 0.372636753125 0.6838165093945721 0.2779654359375 0.5549633799582463 0.2864027125 0.5660299895615866 0.38107402968750004
1 0.5937507286012527 0.2373097 0.6460340647181628 0.23388619687499998 0.6413123089770355 0.1934931015625 0.5890289728601252 0.1969166046875 0.5937507286012527 0.2373097
2 0.5646601774530271 0.48711683125 0.6344837306889353 0.4825448 0.6275486555323591 0.4232174421875 0.5577251002087683 0.427789475 0.5646601774530271 0.48711683125
1 0.6814339916492693 0.715543696875 0.8204064780793319 0.70644380625 0.8068314342379959 0.590313659375 0.6678589498956158 0.59941355 0.6814339916492693 0.715543696875
1 0.818207605427975 0.707986928125 0.9446995511482255 0.6997042609374999 0.9325705469728601 0.5959445 0.806078599164927 0.6042271671874999 0.818207605427975 0.707986928125
1 0.7824066012526096 0.821880840625 0.8343526263048017 0.8184794265625 0.8291291858037578 0.773794565625 0.7771831607515658 0.7771959796875 0.7824066012526096 0.821880840625
2 0.8209355323590813 0.8534461296875 0.9032396263048017 0.8480568734375 0.8960389519832985 0.7864574046875 0.8137348580375783 0.7918466609375 0.8209355323590813 0.8534461296875
1 0.5959772713987475 0.9193085812499999 0.6907619039665971 0.9131021031250001 0.6832661189979123 0.848978065625 0.5884814864300626 0.8551845437500001 0.5959772713987475 0.9193085812499999
1 0.5211828789144051 0.9046181343749999 0.6712866555323591 0.89478936875 0.6569148162839248 0.7718428875 0.5068110396659707 0.781671653125 0.5211828789144051 0.9046181343749999
1 0.4788451189979123 0.8273849953125 0.6023012588726513 0.8193011125 0.5917363340292275 0.7289215625 0.46828019415448857 0.7370054453125 0.4788451189979123 0.8273849953125
2 0.40816261169102297 0.8929394875 0.5167770292275574 0.8858274375 0.5043529144050104 0.7795431078124999 0.395738496868476 0.7866551578125 0.40816261169102297 0.8929394875
2 0.6527033862212944 0.8622996281249999 0.7154433924843424 0.858191425 0.7070327661795407 0.786241225 0.6442927620041754 0.7903494265625 0.6527033862212944 0.8622996281249999
1 0.21276677244258874 0.452793971875 0.38648237787056366 0.44141910937500006 0.3674773173277662 0.278836903125 0.19376171189979122 0.290211765625 0.21276677244258874 0.452793971875
1 0.044490816283924844 0.43074205 0.22697653027139875 0.41879292343749996 0.21009625887265135 0.274387609375 0.027610546972860125 0.28633673593750003 0.044490816283924844 0.43074205
1 0 0.466089925 0.144556 0.45662442812500004 0.13065633611691022 0.33771725468749997 0 0.3462726046875 0 0.466089925
1 0.24365557828810022 0.4858770921875 0.32697160542797493 0.480421575 0.32233838413361166 0.44078585 0.23902235699373695 0.44624136718749996 0.24365557828810022 0.4858770921875
1 0.09908112943632567 0.5270152546875 0.25660576617954073 0.5167005734375001 0.2446833382045929 0.41470800937499996 0.08715870146137787 0.425022690625 0.09908112943632567 0.5270152546875
1 0.35319125678496865 0.33980820624999997 0.4142447014613779 0.33581043906249997 0.40857859707724425 0.287338725 0.3475251503131524 0.2913364921875 0.35319125678496865 0.33980820624999997
1 0.38781885803757826 0.3089220125 0.44347531315240085 0.3052776390625 0.4382813841336117 0.26084523437499996 0.38262492901878914 0.26448960781249997 0.38781885803757826 0.3089220125