4 0.5210379498956159 0.157917015625 0.6440642400835074 0.143333375 0.6207664196242171 0.033240725 0.4977401294363257 0.047824365625 0.5210379498956159 0.157917015625
4 0.5619501795407098 0.1856044859375 0.6471516158663883 0.175504634375 0.634080630480167 0.11373836875000001 0.5488791941544885 0.12383821875 0.5619501795407098 0.1856044859375
4 0.34141560542797494 0.1484311296875 0.4273811795407098 0.1382406984375 0.40329668058455115 0.024430634375 0.3173311064718163 0.0346210671875 0.34141560542797494 0.1484311296875
4 0.38571426722338203 0.156956959375 0.35482196033402924 0.010976965625 0.1592025198329854 0.0341658609375 0.19009482463465552 0.18014585624999999 0.38571426722338203 0.156956959375
4 0.18033957620041752 0.209002875 0.25407893736951986 0.2002617484375 0.2396766471816284 0.1322044734375 0.16593728810020875 0.1409456 0.18033957620041752 0.209002875
3 0.0529675636743215 0.204901759375 0.20273869937369518 0.18714776093750002 0.1774439227557411 0.067618596875 0.027672787056367432 0.0853725953125 0.0529675636743215 0.204901759375
4 0.2380172025052192 0.194690946875 0.3469069311064718 0.181783065625 0.3396452734864301 0.147468475 0.23075554488517747 0.16037635625 0.2380172025052192 0.194690946875
3 0.4608115511482255 0.24346812343750002 0.537989534446764 0.2343193796875 0.5205010417536534 0.151678403125 0.4433230584551148 0.160827146875 0.4608115511482255 0.24346812343750002
3 0.49483284133611694 0.32927903281250004 0.5892039394572025 0.3180922015625 0.5700815720250522 0.2277304421875 0.4757104739039666 0.23891727343750002 0.49483284133611694 0.32927903281250004
4 0.5668985365344468 0.36074831406249996 0.6356709979123173 0.35259596875 0.6207240855949896 0.28196509999999997 0.5519516242171191 0.29011744687499996 0.5668985365344468 0.36074831406249996
4 0.2542058225469729 0.2887714515625 0.3791424592901879 0.27396135625 0.358446732776618 0.17616476718750002 0.23351009603340292 0.1909748640625 0.2542058225469729 0.2887714515625
4 0.236946254697286 0.296973109375 0.3179449311064718 0.2873714578125 0.3032400730688935 0.21788440781250001 0.22224139665970774 0.2274860609375 0.236946254697286 0.296973109375
4 0.31161045093945716 0.3823630984375 0.3880242964509395 0.37330493593749997 0.37386406263048017 0.30639148125000004 0.29745021711899794 0.31544964375 0.31161045093945716 0.3823630984375
4 0.24820295824634656 0.41494194531249995 0.3475409540709812 0.403166334375 0.330839139874739 0.3242427734375 0.23150114405010438 0.336018384375 0.24820295824634656 0.41494194531249995
3 0.654498471816284 0.4850565953125 0.7870764926931106 0.4693406828125 0.7689223465553237 0.38355420156250003 0.636344325678497 0.3992701140625 0.654498471816284 0.4850565953125
4 0.6373219206680585 0.5445458624999999 0.7244337014613779 0.5342195578125 0.7105155240083507 0.4684499234375 0.6234037411273486 0.4787762296875 0.6373219206680585 0.5445458624999999
4 0.8209572025052192 0.52395009375 0.9130358830897704 0.5130350078125 0.9006305490605429 0.454414246875 0.8085518684759916 0.4653293328125 0.8209572025052192 0.52395009375
3 0.7771639394572025 0.5983196625 0.9246426617954071 0.5808374078125 0.9021315198329853 0.47446217187500006 0.7546527995824636 0.49194442499999996 0.7771639394572025 0.5983196625
3 0.7400895720250522 0.6128274140625 0.8218523862212943 0.60313518125 0.804726974947808 0.522209934375 0.7229641607515657 0.5319021687500001 0.7400895720250522 0.6128274140625
4 0.6104856576200418 0.6092839984375 0.6872815699373696 0.6001805453125 0.6759049728601253 0.5464210171875 0.5991090584551148 0.5555244703125 0.6104856576200418 0.6092839984375
5 0.7046525929018789 0.6878186265624999 0.8257685344467641 0.673461440625 0.808159012526096 0.590248553125 0.6870430709812109 0.604605740625 0.7046525929018789 0.6878186265624999
5 0.8196311482254697 0.6203999296875 0.9438036450939458 0.605680415625 0.9278279979123174 0.5301883125 0.8036554989561586 0.5449078265625 0.8196311482254697 0.6203999296875
4 0.8528195448851774 0.6300962140624999 0.938785121085595 0.6199057812500001 0.9321286012526095 0.5884507390625 0.8461630229645094 0.598641171875 0.8528195448851774 0.6300962140624999
4 0.5362864655532359 0.66952365 0.6333320480167015 0.6580197828125 0.6177194822546973 0.5842434109375 0.5206738997912317 0.5957472765625 0.5362864655532359 0.66952365
4 0.7718024091858038 0.72104315625 0.8317872755741127 0.7139324984375001 0.8213788997912317 0.6647482499999999 0.7613940313152401 0.6718589078125 0.7718024091858038 0.72104315625
4 0.7800560417536534 0.7341349203124999 0.8148243402922756 0.7300134578125 0.8104673465553236 0.7094247015625 0.7756990459290188 0.7135461656250001 0.7800560417536534 0.7341349203124999
4 0.5207372400835073 0.757986278125 0.6128159227557411 0.7470711921875 0.5970218162839249 0.6724369546875 0.5049431336116911 0.683352040625 0.5207372400835073 0.757986278125
4 0.5736318538622129 0.780296115625 0.6443146597077244 0.7719173140625 0.6324539519832986 0.7158701484375001 0.5617711440501043 0.7242489484375 0.5736318538622129 0.780296115625
4 0.694279077244259 0.8035149109375 0.7790984446764092 0.7934603515624999 0.7651197536534448 0.7274047609375 0.6803003862212943 0.7374593218750001 0.694279077244259 0.8035149109375
5 1 0.634780503125 0.9792684217118998 0.6372380421875 0.990645018789144 0.6909975687500001 1 0.689888621875 1 0.634780503125
4 1 0.6044417265625001 0.9636445448851775 0.6087513328124999 0.9719954530271399 0.6482131125 1 0.6448934296875 1 0.6044417265625001
3 1 0.5620846859374999 0.9803078997912317 0.5644190046875 0.9912609018789144 0.6161768484375 1 0.6151409078125 1 0.5620846859374999
4 0.6706120334029227 0.934124359375 0.7237196576200418 0.9278289359375 0.7115563778705637 0.8703519937499999 0.6584487557411274 0.8766474171875 0.6706120334029227 0.934124359375
4 0.7087205073068894 0.192535853125 0.7694695135699373 0.1853346140625 0.7607555240083508 0.14415710312500002 0.7000065177453026 0.1513583421875 0.7087205073068894 0.192535853125
4 0.7519690626304801 0.2099800109375 0.8039304759916492 0.2038204609375 0.7958821398747391 0.1657884546875 0.7439207244258873 0.1719480046875 0.7519690626304801 0.2099800109375