3 0.769158975 0.373596365625 0.4235266354166667 0.41465345468750003 0.4810529520833333 0.6870586015625 0.8266852895833333 0.6460015140625 0.769158975 0.373596365625
3 0.5381923520833334 0.2552579453125 0.30269371041666665 0.28323243593749997 0.3410445875 0.46483586718750003 0.5765432291666667 0.43686137656249996 0.5381923520833334 0.2552579453125
3 0.6646874395833334 0.546193240625 0.4483255020833333 0.5718945140625 0.47677937708333334 0.70663254375 0.6931413166666667 0.6809312703125 0.6646874395833334 0.546193240625
5 0.6705364500000001 0.6279188718750001 0.43113235625 0.6563572843750001 0.46323575208333334 0.8083769328124999 0.7026398458333334 0.7799385203125 0.6705364500000001 0.6279188718750001
3 0.6726417895833333 0.15731687968750002 0.4929910833333333 0.1786572875 0.5236717854166667 0.32394003125 0.7033224916666666 0.302599625 0.6726417895833333 0.15731687968750002
3 0.42923190625 0.51276014375 0.19060890208333334 0.5411057718750001 0.23025876041666665 0.7288602875 0.4688817645833333 0.700514659375 0.42923190625 0.51276014375
4 0.4363082541666667 0.6979284953125 0.23830193125000002 0.7214493359375 0.2724465833333333 0.8831349718749999 0.47045290625 0.8596141312500001 0.4363082541666667 0.6979284953125
4 0.67385170625 0.7820070609374999 0.4473355958333334 0.8089145312499999 0.48506791041666664 0.9875888749999999 0.7115840208333334 0.9606814046875 0.67385170625 0.7820070609374999
3 0.14791788749999998 0.21003974531249997 0.010446041666666666 0.22636979687499997 0.04384841875 0.38454052656250004 0.18132026458333333 0.3682104765625 0.14791788749999998 0.21003974531249997
3 0.19044282291666667 0.4417405796875 0.07132659375 0.455890196875 0.09093502708333333 0.5487422734375 0.21005125416666667 0.5345926546875 0.19044282291666667 0.4417405796875
4 0.21482327291666667 0.5714077375 0.09570704166666667 0.5855573546875 0.1203876875 0.7024279515625 0.23950391666666665 0.6882783328125 0.21482327291666667 0.5714077375