3 0.8072865916666667 0.8904840890625 0.89647416875 0.9047021421875 0.9228687104166667 0.81156973125 0.83368113125 0.7973516765625 0.8072865916666667 0.8904840890625
5 0.7561712979166667 1 0.7810773041666667 0.9121198375 0.6682207145833333 0.89412853125 0.64270113125 0.98417368125 0.7419771 1 0.7561712979166667 1
4 0.7172710833333333 1 0.7316821541666666 0.949150934375 0.6366630833333333 0.9340032390624999 0.6179590229166667 1 0.7172710833333333 1
3 0.790159525 0.282335575 0.55278335625 0.244493678125 0.5041503229166666 0.41609400625 0.7415264895833332 0.453935903125 0.790159525 0.282335575
3 0.94597995 0.10698338437499999 0.6526900333333334 0.06022786249999999 0.5874328125 0.29048617499999996 0.8807227291666667 0.337241696875 0.94597995 0.10698338437499999
3 0.45992511458333335 0.38175084843749996 0.23112467916666668 0.345276071875 0.18402281874999998 0.5114736921875 0.41282325625 0.5479484671875 0.45992511458333335 0.38175084843749996
4 0.6768937270833334 0.795213146875 0.55203111875 0.775307871875 0.5224284020833333 0.879760246875 0.6472910104166666 0.899665521875 0.6768937270833334 0.795213146875
4 0.5432940041666666 0.8118292874999999 0.40471022916666666 0.78973661875 0.37284720625 0.9021644203125 0.51143098125 0.9242570875 0.5432940041666666 0.8118292874999999
4 0.5737289729166667 0.6127239328125 0.4094180145833333 0.586529903125 0.37325311875 0.7141367453125 0.5375640791666666 0.740330775 0.5737289729166667 0.6127239328125
4 0.47674425416666666 0.7114090078124999 0.3148344979166666 0.685597771875 0.2786696020833333 0.8132046140625 0.44057935833333334 0.83901585 0.47674425416666666 0.7114090078124999
4 0.38825158125 0.8123889984374999 0.27470893541666663 0.7942883234375 0.2545120083333333 0.8655526265625 0.36805465416666666 0.8836533015624999 0.38825158125 0.8123889984374999
4 0.32389780208333335 0.76367783125 0.21035515624999998 0.7455771546875 0.19394971041666667 0.8034633234375 0.30749235625 0.8215640000000001 0.32389780208333335 0.76367783125
4 0.35027988541666666 0.6648966296875 0.21409731666666668 0.64318675625 0.18347381666666665 0.751240934375 0.3196563854166667 0.7729508078125 0.35027988541666666 0.6648966296875
3 0.1313925625 0.8141955765625 0.03946075416666666 0.79954004375 0.019555479166666667 0.8697752609375 0.11148728749999999 0.88443079375 0.1313925625 0.8141955765625
5 0.03861344375 0.8651499125000001 0.018963364583333333 0.934484678125 0.11226728958333335 0.9493589484375 0.13191736875 0.8800241828124999 0.03861344375 0.8651499125000001
3 0.33033623333333334 0.851019678125 0.25795708333333334 0.8394811796875 0.2430828125 0.8919646390624999 0.31546196249999997 0.9035031359374999 0.33033623333333334 0.851019678125
3 0.21477109375 0.8432179515625 0.13313015625 0.8302029640624999 0.11592266666666666 0.8909191234374999 0.19756360208333332 0.9039341109375 0.21477109375 0.8432179515625
3 0.23649855625 0.8051373359375 0.16274728958333334 0.7933801 0.14605018958333332 0.85229535625 0.21980145625 0.8640525921875 0.23649855625 0.8051373359375
5 0.28760952916666666 0.90753318125 0.21042797083333334 0.8952290968750001 0.19168930625 0.9613479625 0.26887086458333337 0.9736520484375 0.28760952916666666 0.90753318125