3 0.7065087499999999 0.18056161875 0.5310048854166667 0.1667269703125 0.5099777375 0.3167719390625 0.6854815999999999 0.33060658906249996 0.7065087499999999 0.18056161875
5 0.74636211875 0.30651649375 0.5921642791666667 0.29436135937499996 0.57345239375 0.42788513281249996 0.7276502333333333 0.4400402671875 0.74636211875 0.30651649375
5 0.5802988333333333 0.2670013140625 0.38782237291666666 0.2518287453125 0.3658843 0.408373859375 0.5583607604166667 0.423546428125 0.5802988333333333 0.2670013140625
4 0.7574208541666666 0.4295169625 0.62344568125 0.41895594531249997 0.6078461166666667 0.5302708953125 0.7418212895833334 0.5408319140625 0.7574208541666666 0.4295169625
4 0.6304869583333333 0.4169096 0.4643721895833333 0.40381507499999997 0.4418268354166666 0.5646936171875 0.6079416020833333 0.5777881421875 0.6304869583333333 0.4169096
5 0.6473109520833333 0.389346609375 0.4793905875 0.376109753125 0.46656175 0.46765343593750003 0.6344821145833334 0.4808902921875 0.6473109520833333 0.389346609375
4 0.6863764812500001 0.5196206796875 0.55420690625 0.50920199375 0.5361023020833334 0.6383923375 0.6682718770833334 0.648811025 0.6863764812500001 0.5196206796875
4 0.7084275375 0.5394317859375 0.6051474875 0.5312904078125 0.5885610895833333 0.6496471796875001 0.6918411395833334 0.6577885578125 0.7084275375 0.5394317859375
4 0.6451396958333333 0.68491318125 0.5104422875 0.67429523125 0.4927172354166667 0.8007771828125 0.62741464375 0.8113951343749999 0.6451396958333333 0.68491318125
4 0.4780849291666666 0.8569913874999999 0.3957497833333333 0.8505010578125001 0.3848946125 0.927961096875 0.46722975833333336 0.9344514265624999 0.4780849291666666 0.8569913874999999
4 0.367567725 0.7324489078124999 0.21517547916666666 0.7204361046875001 0.19786793541666667 0.8439388234375 0.35026018125 0.8559516265625 0.367567725 0.7324489078124999
4 0.35961209583333337 0.5886080453125 0.17724697083333335 0.5742325359375 0.15481548125 0.734298559375 0.33718060624999996 0.7486740703125 0.35961209583333337 0.5886080453125
4 0.39270254374999997 0.4124047125 0.1919203458333333 0.3965774171875 0.16956476666666667 0.5561017625 0.3703469645833334 0.5719290578125 0.39270254374999997 0.4124047125