5 0.4663551166666667 0.6416096890625 0.2920735125 0.6232394265625001 0.2658162854166667 0.7633618359375001 0.4400978895833333 0.781732096875 0.4663551166666667 0.6416096890625
3 0.6562683729166667 0.64389965 0.4467818854166667 0.6218185953125 0.41645870625000003 0.7836390625 0.62594519375 0.8057201171875 0.6562683729166667 0.64389965
5 0.4473650791666667 0.47739048281249996 0.24554698125 0.45611771875 0.21811405833333333 0.602514265625 0.4199321541666666 0.623787028125 0.4473650791666667 0.47739048281249996
3 0.6410400166666667 0.41502997343750003 0.4402676104166667 0.3938674328125 0.41107114166666664 0.5496751843750001 0.6118435479166667 0.5708377265625 0.6410400166666667 0.41502997343750003
3 0.7012698479166667 0.43883991718750004 0.6050664020833333 0.4286995328125 0.5820913291666667 0.5513066390625 0.678294775 0.5614470234375 0.7012698479166667 0.43883991718750004
4 0.40620922499999995 0.366018165625 0.25981267916666667 0.35058714687500003 0.238699125 0.46326020312500005 0.38509567083333335 0.47869122343750004 0.40620922499999995 0.366018165625
4 0.5089647541666666 0.2795453046875 0.3594311375 0.2637836203125 0.3377297354166667 0.379593746875 0.4872633520833333 0.39535543125 0.5089647541666666 0.2795453046875
4 0.6077343645833333 0.323412715625 0.46412632291666667 0.3082756203125 0.4442864416666667 0.41415169374999994 0.5878944833333333 0.4292887890625 0.6077343645833333 0.323412715625
4 0.6785746625000001 0.308619753125 0.5663373104166667 0.2967893046875 0.5514941395833334 0.37600029375 0.6637314916666667 0.3878307421875 0.6785746625000001 0.308619753125
4 0.6678813458333334 0.21298789999999998 0.5539011770833333 0.2009737484375 0.5371474979166667 0.2903802109375 0.6511276666666667 0.30239436249999996 0.6678813458333334 0.21298789999999998
4 0.7507847583333334 0.19546766875 0.6646896479166667 0.18639276093749998 0.6521978708333334 0.253055475 0.73829298125 0.2621303828125 0.7507847583333334 0.19546766875
4 0.73197174375 0.254132975 0.6542421479166667 0.2459398375 0.6430240416666667 0.30580556875 0.7207536375 0.31399870625 0.73197174375 0.254132975