4 0.6271494708333333 0.2253224203125 0.5038029104166667 0.2253224203125 0.5038029104166667 0.3376736109375 0.6271494708333333 0.3376736109375 0.6271494708333333 0.2253224203125
4 0.43022486875 0.185887896875 0.2675264541666667 0.185887896875 0.2675264541666667 0.3098958328125 0.43022486875 0.3098958328125 0.43022486875 0.185887896875
4 0.46329365 0.325644840625 0.32010582083333333 0.325644840625 0.32010582083333333 0.43402777812500004 0.46329365 0.43402777812500004 0.46329365 0.325644840625
4 0.35582010625000005 0.3478422625 0.25462962916666665 0.3478422625 0.25462962916666665 0.4348958328125 0.35582010625000005 0.4348958328125 0.35582010625000005 0.3478422625
4 0.38227513125 0.4389880953125 0.26488095208333334 0.4389880953125 0.26488095208333334 0.5205853171875 0.38227513125 0.5205853171875 0.38227513125 0.4389880953125
4 0.7576058208333334 0.37065972187499996 0.5826719583333334 0.37065972187499996 0.5826719583333334 0.49417162656249997 0.7576058208333334 0.49417162656249997 0.7576058208333334 0.37065972187499996
4 0.6253306875 0.3539186515625 0.5152116395833334 0.3539186515625 0.5152116395833334 0.43700396875 0.6253306875 0.43700396875 0.6253306875 0.3539186515625
4 0.5834986770833334 0.41989087343750003 0.4389880958333333 0.41989087343750003 0.4389880958333333 0.5225694437499999 0.5834986770833334 0.5225694437499999 0.5834986770833334 0.41989087343750003
4 0.6785714291666667 0.47284226250000005 0.5787037041666667 0.47284226250000005 0.5787037041666667 0.5184771828125 0.6785714291666667 0.5184771828125 0.6785714291666667 0.47284226250000005
4 0.6583994708333333 0.5013640875 0.5449735458333334 0.5013640875 0.5449735458333334 0.567584325 0.6583994708333333 0.567584325 0.6583994708333333 0.5013640875
4 0.6407076729166667 0.5685763890625 0.5543981479166666 0.5685763890625 0.5543981479166666 0.6273561515625 0.6407076729166667 0.6273561515625 0.6407076729166667 0.5685763890625
4 0.7703373020833334 0.5079365078125 0.6354166666666666 0.5079365078125 0.6354166666666666 0.5959821421875 0.7703373020833334 0.5959821421875 0.7703373020833334 0.5079365078125
4 0.7703373020833334 0.5908978171875 0.6711309520833333 0.5908978171875 0.6711309520833333 0.6618303578125 0.7703373020833334 0.6618303578125 0.7703373020833334 0.5908978171875
4 0.8029100520833333 0.6005704359374999 0.7490079375 0.6005704359374999 0.7490079375 0.6657986109375 0.8029100520833333 0.6657986109375 0.8029100520833333 0.6005704359374999
4 0.4584986770833333 0.5837053578125 0.38475529166666667 0.5837053578125 0.38475529166666667 0.639012896875 0.4584986770833333 0.639012896875 0.4584986770833333 0.5837053578125
4 0.4287367729166667 0.639012896875 0.34375 0.639012896875 0.34375 0.7089533734375 0.4287367729166667 0.7089533734375 0.4287367729166667 0.639012896875
4 0.34920635 0.614707340625 0.24305555625 0.614707340625 0.24305555625 0.689112103125 0.34920635 0.689112103125 0.34920635 0.614707340625
4 0.3229166666666667 0.8293650796875 0.24454364999999997 0.8293650796875 0.24454364999999997 0.896825396875 0.3229166666666667 0.896825396875 0.3229166666666667 0.8293650796875
4 0.3984788354166667 0.743799603125 0.3220899479166667 0.743799603125 0.3220899479166667 0.8020833328125001 0.3984788354166667 0.8020833328125001 0.3984788354166667 0.743799603125
4 0.44973545000000004 0.8162202375 0.38161375625 0.8162202375 0.38161375625 0.86532738125 0.44973545000000004 0.86532738125 0.44973545000000004 0.8162202375
4 0.33912037083333335 0.908358134375 0.26339285625000003 0.908358134375 0.26339285625000003 0.9651537703124999 0.33912037083333335 0.9651537703124999 0.33912037083333335 0.908358134375
4 0.20866402083333335 0.6426091265625 0.13591269791666666 0.6426091265625 0.13591269791666666 0.7098214281249999 0.20866402083333335 0.7098214281249999 0.20866402083333335 0.6426091265625
3 0.19196428541666669 0.7140376984375 0.09738756666666666 0.7140376984375 0.09738756666666666 0.7797619046875 0.19196428541666669 0.7797619046875 0.19196428541666669 0.7140376984375
4 0.26074735416666667 0.7352430562500001 0.1810515875 0.7352430562500001 0.1810515875 0.7979910718750001 0.26074735416666667 0.7979910718750001 0.26074735416666667 0.7352430562500001
4 0.3093584645833333 0.7721974203124999 0.27298280416666665 0.7721974203124999 0.27298280416666665 0.79501488125 0.3093584645833333 0.79501488125 0.3093584645833333 0.7721974203124999
4 0.15145502708333333 0.8116319437499999 0.05820105833333333 0.8116319437499999 0.05820105833333333 0.8840525796875 0.15145502708333333 0.8840525796875 0.15145502708333333 0.8116319437499999
4 0.19047618958333334 0.8648313484375001 0.11276455 0.8648313484375001 0.11276455 0.9265873015625001 0.19047618958333334 0.9265873015625001 0.19047618958333334 0.8648313484375001
4 0.21891534375 0.9281994046875001 0.15806878333333335 0.9281994046875001 0.15806878333333335 0.979290675 0.21891534375 0.979290675 0.21891534375 0.9281994046875001
4 0.47470238125 0.234375 0.41054894166666667 0.234375 0.41054894166666667 0.2981150796875 0.47470238125 0.2981150796875 0.47470238125 0.234375
4 0.46593915416666665 0.4683779765625 0.38161375625 0.4683779765625 0.38161375625 0.5301339281249999 0.46593915416666665 0.5301339281249999 0.46593915416666665 0.4683779765625
4 0.4828042333333334 0.4015376984375 0.38293650833333337 0.4015376984375 0.38293650833333337 0.46676587343750003 0.4828042333333334 0.46676587343750003 0.4828042333333334 0.4015376984375
4 0.6360780416666666 0.021825396875 0.5739087291666666 0.021825396875 0.5739087291666666 0.0734126984375 0.6360780416666666 0.0734126984375 0.6360780416666666 0.021825396875
4 0.6038359791666666 0.11532738125 0.54431216875 0.11532738125 0.54431216875 0.1609623015625 0.6038359791666666 0.1609623015625 0.6038359791666666 0.11532738125
4 0.25198412708333334 0.3452380953125 0.20535714375 0.3452380953125 0.20535714375 0.3767361109375 0.25198412708333334 0.3767361109375 0.25198412708333334 0.3452380953125