4 1 0.0189258015625 0.977703037578288 0.0180512265625 0.9761032755741127 0.0408974921875 1 0.041834815625 1 0.0189258015625
4 1 0.122016365625 0.9782273716075157 0.1211623578125 0.9757024467640918 0.15722092031249998 1 0.15817396718750001 1 0.122016365625
4 0.9821152964509394 0.047205575 0.9173869874739039 0.044666675 0.9128382651356993 0.1096271421875 0.9775665741127348 0.11216604062499999 0.9821152964509394 0.047205575
4 0.9375575427974947 0.0489079984375 0.8577504801670146 0.045777649999999996 0.8532595824634656 0.1099123453125 0.9330666430062631 0.11304269375 0.9375575427974947 0.0489079984375
4 0.9480347181628392 0.1968474859375 0.9068439770354906 0.1952318234375 0.9048972776617954 0.2230327 0.9460880187891441 0.22464836406250002 0.9480347181628392 0.1968474859375
4 1 0.2861056328125 0.9713660146137787 0.28498249531250003 0.969862624217119 0.3064524796875 1 0.3076345859375 1 0.2861056328125
4 0.8450778997912317 0.09772290312500001 0.799473866388309 0.09593413281249999 0.7968332943632568 0.13364423281249999 0.8424373277661796 0.135433003125 0.8450778997912317 0.09772290312500001
4 0.8157918956158664 0.065660821875 0.8195600104384134 0.0118482328125 0.7452695678496869 0.0089342671875 0.7415014530271399 0.0627468578125 0.8157918956158664 0.065660821875
4 0.7199642421711899 0.05168963125 0.646777121085595 0.0488189421875 0.6424982400835073 0.1099258203125 0.7156853611691023 0.11279650781249999 0.7199642421711899 0.05168963125
4 0.6384550480167015 0.020201265625 0.5906443653444676 0.018325940625000002 0.5875026638830897 0.0631927046875 0.6353133444676409 0.065068028125 0.6384550480167015 0.020201265625
4 0.921947751565762 0.27973196875 0.899145732776618 0.278837584375 0.8980278267223382 0.29480244375 0.9208298455114823 0.295696828125 0.921947751565762 0.27973196875
4 0.7212931691022965 0.2565428265625 0.6462671753653445 0.2536000109375 0.6421232129436326 0.3127800953125 0.7171492087682673 0.3157229109375 0.7212931691022965 0.2565428265625
4 0.6397560981210856 0.19648610312499998 0.5522257724425887 0.1930528171875 0.54702172651357 0.2673719953125 0.6345520521920668 0.2708052796875 0.6397560981210856 0.19648610312499998
4 0.6611472066805845 0.301795771875 0.5813401440501044 0.298665425 0.5771383590814196 0.358671278125 0.656945419624217 0.36180162656250003 0.6611472066805845 0.301795771875
4 0.5853072567849686 0.263077446875 0.49189253862212945 0.25941335312499997 0.4869005114822547 0.3307047109375 0.5803152275574113 0.33436880625 0.5853072567849686 0.263077446875
4 0.530080388308977 0.21964740312500003 0.4274713089770355 0.21562267031250001 0.42151556784968686 0.300676840625 0.5241246471816283 0.3047015734375 0.530080388308977 0.21964740312500003
5 0.4808353194154489 0.1460906453125 0.39220167014613777 0.142614084375 0.38726746346555324 0.213079675 0.4759011127348643 0.2165562359375 0.4808353194154489 0.1460906453125
4 0.5534924384133612 0.3513955109375 0.5012684613778706 0.34934708125 0.4983965991649269 0.39036025625000004 0.5506205762004175 0.3924086859375 0.5534924384133612 0.3513955109375
4 0.5188830897703549 0.3505900203125 0.4673946617954071 0.348570440625 0.46483118789144046 0.3851795171875 0.5163196158663883 0.387199096875 0.5188830897703549 0.3505900203125
5 0.32507553653444676 0.1479854875 0.241958503131524 0.144725309375 0.23717849060542798 0.2129888484375 0.32029552400835076 0.21624902656249997 0.32507553653444676 0.1479854875
5 0.3150091628392484 0.24171081249999998 0.22821438622129436 0.23830637812500002 0.22366566388308975 0.3032668453125 0.3104604405010439 0.306671278125 0.3150091628392484 0.24171081249999998
5 0.35391825052192066 0.2838107765625 0.25609023799582464 0.279973575 0.25111748434237996 0.3509896796875 0.34894549478079334 0.3548268796875 0.35391825052192066 0.2838107765625
4 0.2754140396659708 0.3331738546875 0.21988009185803759 0.33099559375 0.21758645720250522 0.3637510828125 0.27312040292275575 0.36592934375 0.2754140396659708 0.3331738546875
4 0.2562251586638831 0.2780467828125 0.18892243006263046 0.275406903125 0.1855687118997912 0.323301484375 0.2528714405010439 0.3259413640625 0.2562251586638831 0.2780467828125
5 0.482655739039666 0.3439248078125 0.37232339457202507 0.3395971375 0.367234993736952 0.41226477812500006 0.4775673382045929 0.4165924484375 0.482655739039666 0.3439248078125
5 0.49047226513569936 0.42979519218749995 0.38528876617954066 0.42566948125000004 0.37987270354906055 0.5030164765625 0.48505620250521925 0.5071421890625001 0.49047226513569936 0.42979519218749995
5 0.37274222964509396 0.3810154 0.2682942776617954 0.3769185390625 0.26336007098121084 0.4473841296875 0.36780802296450943 0.451480990625 0.37274222964509396 0.3810154
4 0.4452545177453027 0.522555759375 0.36176971189979124 0.51928115625 0.3575872004175365 0.5790117546875 0.44107200626304804 0.5822863578125 0.4452545177453027 0.522555759375
4 0.5048016701461379 0.448988071875 0.45331324217119 0.4469684921875 0.4494776680584551 0.5017444796875 0.5009660960334029 0.5037640578125 0.5048016701461379 0.448988071875
4 0.35667112526096034 0.46042857187499997 0.26730192693110644 0.45692315937499994 0.2630230438413361 0.5180300390625 0.35239224217119 0.5215354515625 0.35667112526096034 0.46042857187499997
4 0.35366018162839247 0.521861196875 0.27274979540709815 0.5186875718749999 0.2685287348643006 0.5789686828125 0.349439121085595 0.5821423078125 0.35366018162839247 0.521861196875
3 0.3119982755741127 0.595440384375 0.2145380396659708 0.591617609375 0.20883286221294364 0.6730934468750001 0.30629310020876827 0.676916221875 0.3119982755741127 0.595440384375
4 0.48705529018789145 0.6550251453125 0.38187179123173276 0.6508994343750001 0.37570403340292274 0.7389814203125 0.4808875323590814 0.7431071328125001 0.48705529018789145 0.6550251453125
5 0.4233237891440501 0.7172502109375001 0.2997515657620042 0.7124032203125 0.2928706597077244 0.8106696875000001 0.41644288517745304 0.815516678125 0.4233237891440501 0.7172502109375001
5 0.30847656158663883 0.664167296875 0.23528944050104383 0.661296609375 0.23313072442588728 0.6921253046875 0.3063178475991649 0.69499599375 0.30847656158663883 0.664167296875
5 0.2722614697286012 0.7310598234375 0.16266467432150314 0.7267610046875 0.15674748016701462 0.8112646625 0.2663442755741127 0.8155634812500001 0.2722614697286012 0.7310598234375
4 0.4531927118997912 0.7567874859375 0.3564680250521921 0.7529935625 0.3509363173277662 0.8319920953125 0.44766100417536536 0.83578601875 0.4531927118997912 0.7567874859375
4 0.3699845260960334 0.8048620062499999 0.2934874363256785 0.8018614875000001 0.28942057202505217 0.8599405499999999 0.36591766179540713 0.8629410671875 0.3699845260960334 0.8048620062499999
4 0.28423837995824636 0.8128152046875 0.1897203382045929 0.809107834375 0.184477745302714 0.883977525 0.27899578496868477 0.8876848953125 0.28423837995824636 0.8128152046875
4 0.43261763048016705 0.6292908390624999 0.3678893235908142 0.6267519390625 0.3637453611691023 0.685932025 0.4284736680584551 0.6884709250000001 0.43261763048016705 0.6292908390624999
4 0.6401882839248435 0.57477780625 0.5401536263048017 0.5708540515625 0.53491103131524 0.645723740625 0.6349456910229645 0.6496474953125 0.6401882839248435 0.57477780625
5 0.6379446325678496 0.48305374375000004 0.542691043841336 0.479317521875 0.537313528183716 0.556114003125 0.6325671189979123 0.559850225 0.6379446325678496 0.48305374375000004
4 0.793877630480167 0.5102849859374999 0.7045084300626305 0.506779571875 0.6997862400835073 0.5742173453125 0.7891554405010438 0.5777227578125 0.793877630480167 0.5102849859374999