5 1 0.8455471890625 0.92701405625 0.8551992328125 0.9464929791666666 0.9380520765625 1 0.930976028125 1 0.8455471890625
4 1 0.72648394375 0.9304604020833334 0.7356802234375001 0.9462068354166667 0.8026570718749999 1 0.7955431828124999 1 0.72648394375
4 1 0.652181315625 0.9546967645833334 0.658172453125 0.9664191083333333 0.7080329953125 1 0.7035920828125 1 0.652181315625
4 1 0.6030725218749999 0.9605329187499999 0.6082918546875 0.9696308583333334 0.6469895906249999 1 0.642973415625 1 0.6030725218749999
4 0.86616668125 0.7537743234375001 0.7795102125 0.765234228125 0.7950233666666667 0.831218828125 0.8816798333333333 0.8197589234375 0.86616668125 0.7537743234375001
4 0.8641244604166667 0.8553312828124999 0.77614499375 0.8669661484375 0.7920080687500001 0.9344391218749999 0.8799875354166667 0.9228042562500001 0.8641244604166667 0.8553312828124999
4 0.7643439458333333 0.8218478499999999 0.6929019729166667 0.8312957093750001 0.7073653624999999 0.8928151874999999 0.7788073375 0.8833673265625 0.7643439458333333 0.8218478499999999
4 0.7699185708333334 0.713557259375 0.6935153479166666 0.7236612203125 0.7067540166666666 0.7799713859375 0.7831572395833334 0.7698674249999999 0.7699185708333334 0.713557259375
4 0.6866585916666667 0.7692007249999999 0.6267928645833333 0.7771176828125 0.63804865 0.8249937265625 0.6979143770833333 0.81707676875 0.6866585916666667 0.7692007249999999
5 0.6032122479166666 0.9379213734375 0.6160135145833333 0.992371071875 0.6805097395833334 0.983841753125 0.6677084729166667 0.9293920546875001 0.6032122479166666 0.9379213734375
4 0.6808466625 0.6886328875000001 0.6292496833333333 0.6954563421875 0.6396889854166666 0.7398595125 0.6912859645833334 0.7330360578125 0.6808466625 0.6886328875000001
4 0.65142656875 0.76004814375 0.45264589375 0.786335940625 0.4906122958333333 0.94782456875 0.6893929708333334 0.921536771875 0.65142656875 0.76004814375
3 0.8019329083333333 0.5538123359375 0.7483514291666666 0.56089823125 0.7575660083333333 0.6000920921875 0.8111474875 0.593006196875 0.8019329083333333 0.5538123359375
5 0.4732289645833333 0.8426979453125 0.41865523541666666 0.8499150609375 0.4316023041666667 0.9049849156249999 0.4861760333333333 0.8977677999999999 0.4732289645833333 0.8426979453125
4 0.4245189354166667 0.8088550578125 0.3649839583333333 0.816728275 0.37577318125 0.8626198203125 0.4353081583333333 0.8547466046875 0.4245189354166667 0.8088550578125
5 0.36085230625 0.8550014750000001 0.2953638291666667 0.8636620140625 0.30644465416666666 0.9107938687500001 0.37193313125 0.9021333296874999 0.36085230625 0.8550014750000001
4 0.31612489791666665 0.7996583562499999 0.25923591875 0.807181653125 0.26950026250000003 0.8508406359375 0.3263892395833333 0.8433173406250001 0.31612489791666665 0.7996583562499999
4 0.48328324791666666 0.6555478015625 0.3030245666666667 0.6793861531250001 0.3368502395833334 0.82326235 0.5171089208333333 0.7994239984375 0.48328324791666666 0.6555478015625
4 0.5371457395833333 0.5495677203125 0.37375530208333335 0.5711753265625 0.40309032499999997 0.69595071875 0.5664807645833334 0.6743431109375 0.5371457395833333 0.5495677203125
4 0.4254633729166667 0.542340534375 0.28952517499999997 0.5603177140625 0.31582755208333335 0.6721938578125 0.45176574999999997 0.6542166796875 0.4254633729166667 0.542340534375
4 0.36357814166666663 0.47711714687500006 0.2646839270833333 0.490195434375 0.28363796874999997 0.5708157171875 0.38253218125 0.557737428125 0.36357814166666663 0.47711714687500006
4 0.34994081666666665 0.4198366 0.27684509375000005 0.4295031609375 0.28897567916666667 0.48110014375 0.3620714020833333 0.47143358125 0.34994081666666665 0.4198366
4 0.29109246041666664 0.449487775 0.19947474583333333 0.46160378125 0.21615430208333333 0.5325496296875001 0.3077720166666667 0.5204336234375 0.29109246041666664 0.449487775
4 0.28336463958333336 0.41879364687500004 0.23176766041666666 0.4256171015625 0.24039903958333333 0.46233033749999997 0.29199601875 0.4555068828125 0.28336463958333336 0.41879364687500004
4 0.2377483 0.4358245140625 0.21261130833333333 0.4391487609375 0.21815172083333334 0.46271469062500004 0.24328871041666666 0.45939044375 0.2377483 0.4358245140625
4 0.24785917083333334 0.5201720125 0.22437592916666665 0.523277559375 0.2289249 0.5426264265625 0.25240814166666664 0.5395208796875 0.24785917083333334 0.5201720125
4 0.19821601875 0.48236012656250005 0.17043302916666667 0.48603429531250003 0.17568183958333333 0.5083599109375 0.20346482916666667 0.50468574375 0.19821601875 0.48236012656250005
4 0.17992660208333333 0.4372046703125 0.1551203625 0.440485178125 0.15966933125 0.4598340453125 0.18447557291666666 0.45655353906249996 0.17992660208333333 0.4372046703125
4 0.3695950104166667 0.3445973375 0.30377578541666667 0.353301615625 0.31339860625 0.3942319125 0.37921783125 0.3855276328125 0.3695950104166667 0.3445973375
4 0.60100196875 0.3729509984375 0.43992677916666667 0.394252425 0.46710395833333335 0.5098495062499999 0.6281791479166666 0.4885480796875 0.60100196875 0.3729509984375
4 0.6476116645833333 0.4022119203125 0.5447484541666667 0.41581509062500005 0.5668517833333334 0.5098307421875 0.66971499375 0.4962275734375 0.6476116645833333 0.4022119203125
4 0.6850145583333334 0.29802488125000004 0.5553606083333332 0.3151709984375 0.5768807333333333 0.40670602499999997 0.7065346854166666 0.3895599078125 0.6850145583333334 0.29802488125000004
4 0.7086288708333334 0.270091828125 0.6603393895833333 0.27647788125 0.6683292479166667 0.31046243281249997 0.7166187291666667 0.304076378125 0.7086288708333334 0.270091828125
4 0.8010396645833333 0.1779412640625 0.7504349333333333 0.18463349843750002 0.7599994333333334 0.225315734375 0.8106041666666666 0.2186235 0.8010396645833333 0.1779412640625
4 0.9047066333333333 0.341100190625 0.9683759833333333 0.332680221875 0.9579366812500001 0.2882770515625 0.8942673291666666 0.2966970203125 0.9047066333333333 0.341100190625
4 0.6874056458333333 0.9370181953125 0.6978741083333334 0.9815453984375001 0.7597243354166667 0.9733660000000001 0.7492558729166666 0.9288387984375 0.6874056458333333 0.9370181953125
4 0.7962547437499999 0.9053586109375 0.7506112625 0.9113947437500001 0.7594759208333334 0.9491002312499999 0.8051194020833333 0.9430640968749999 0.7962547437499999 0.9053586109375