4 1 0.792534721875 0.950396825 0.792534721875 0.950396825 0.87686011875 1 0.87686011875 1 0.792534721875
3 0.5778769833333333 0.4346478171875 0.45982142916666663 0.4346478171875 0.45982142916666663 0.5194692453124999 0.5778769833333333 0.5194692453124999 0.5778769833333333 0.4346478171875
5 0.5672949729166666 0.5147569437499999 0.4581679895833333 0.5147569437499999 0.4581679895833333 0.5970982140625 0.5672949729166666 0.5970982140625 0.5672949729166666 0.5147569437499999
4 0.48214285625000003 0.5584077375 0.39054232708333336 0.5584077375 0.39054232708333336 0.627108134375 0.48214285625000003 0.627108134375 0.48214285625000003 0.5584077375
3 0.28968253958333334 0 0.28968253958333334 0.0669642859375 0.37830687916666667 0.0669642859375 0.37830687916666667 0 0.28968253958333334 0
5 0.34193121666666665 0.0290178578125 0.2708333333333333 0.0290178578125 0.2708333333333333 0.08680555625 0.34193121666666665 0.08680555625 0.34193121666666665 0.0290178578125
4 0.4181547625 0.1835317453125 0.3589616395833334 0.1835317453125 0.3589616395833334 0.22371031718749998 0.4181547625 0.22371031718749998 0.4181547625 0.1835317453125
4 0.35185185208333336 0.1742311515625 0.2926587291666667 0.1742311515625 0.2926587291666667 0.20027281718749998 0.35185185208333336 0.20027281718749998 0.35185185208333336 0.1742311515625
4 0.38409391458333336 0.2228422625 0.33614417916666667 0.2228422625 0.33614417916666667 0.2535962296875 0.38409391458333336 0.2535962296875 0.38409391458333336 0.2228422625
4 0.3700396833333333 0.20027281718749998 0.32142857083333337 0.20027281718749998 0.32142857083333337 0.2310267859375 0.3700396833333333 0.2310267859375 0.3700396833333333 0.20027281718749998
4 0.13839285625 0.3033234125 0.08614417916666667 0.3033234125 0.08614417916666667 0.3425099203125 0.13839285625 0.3425099203125 0.13839285625 0.3033234125