3 0.5712842338204593 0.61242910625 0.45347489770354904 0.6108900421875 0.4515349269311065 0.694072046875 0.5693442630480168 0.6956111109374999 0.5712842338204593 0.61242910625
3 0.5392172442588726 0.5414226140625 0.44030185594989557 0.54013038125 0.4385429478079332 0.61554873125 0.5374583361169102 0.616840965625 0.5392172442588726 0.5414226140625
5 0.6175780313152401 0.5421689640625 0.5275539144050104 0.5409928859375001 0.5258790730688935 0.612806684375 0.6159031899791232 0.6139827625 0.6175780313152401 0.5421689640625
3 0.6579819478079333 0.59733629375 0.5568437432150314 0.596015021875 0.5549878371607516 0.6755924734375001 0.6561260417536535 0.6769137453125 0.6579819478079333 0.59733629375
5 0.45126417327766183 0.658011990625 0.39124809603340294 0.6572279390625 0.39034924425887263 0.6957689359375 0.45036531941544883 0.6965529874999999 0.45126417327766183 0.658011990625
5 0.4900408100208768 0.775008859375 0.43409989979123176 0.7742780453125 0.433065248434238 0.81864178125 0.4890061586638831 0.8193725953125 0.4900408100208768 0.775008859375
4 0.46700121085594987 0.61883276875 0.4143945260960334 0.6181455140625001 0.41346333820459286 0.658072875 0.4660700250521921 0.65876013125 0.46700121085594987 0.61883276875
5 0.7036036409185803 0.5320598125 0.6102453006263048 0.5308401765624999 0.6087256576200417 0.5959994140625 0.7020839979123172 0.59721905 0.7036036409185803 0.5320598125
4 0.7103685762004175 0.4962303515625 0.6173807035490605 0.49501555625 0.6161714551148225 0.546865671875 0.7091593277661795 0.5480804671875 0.7103685762004175 0.4962303515625
5 0.6207495594989562 0.4856294 0.5359120187891441 0.48452107968749997 0.5345023068893529 0.5449666703125 0.6193398475991649 0.546074990625 0.6207495594989562 0.4856294
4 0.6632056743215031 0.44485773125000005 0.6098580521920668 0.444160796875 0.6085324050104385 0.5010018328125 0.6618800271398747 0.5016987671875001 0.6632056743215031 0.44485773125000005
4 0.7151573611691023 0.4577401734375 0.6555117536534447 0.4569609625 0.6542572400835074 0.5107519921875 0.713902847599165 0.511531203125 0.7151573611691023 0.4577401734375
4 0.6444465866388309 0.43088344999999995 0.5588681043841336 0.4297654515625 0.5573484613778706 0.4949246875 0.6429269415448852 0.49604268749999997 0.6444465866388309 0.43088344999999995
4 0.7363687348643005 0.40629004531249996 0.6848734613778706 0.405617309375 0.6836124780793319 0.45968561250000006 0.7351077536534447 0.4603583484375 0.7363687348643005 0.40629004531249996
4 0.7054714467640918 0.388412859375 0.6221157849686848 0.3873239 0.6207254718162839 0.44693766874999996 0.704081133611691 0.44802662812499994 0.7054714467640918 0.388412859375
5 0.5660996680584551 0.4374872640625 0.47385273486430063 0.4362821484375 0.4722231586638831 0.5061550312499999 0.5644700918580375 0.507360146875 0.5660996680584551 0.4374872640625
4 0.5035744655532359 0.48867502656250006 0.41466175782881004 0.48751346875 0.4131809123173278 0.5510090640625 0.5020936200417537 0.552170621875 0.5035744655532359 0.48867502656250006
4 0.422485012526096 0.4698647703125 0.3465387411273486 0.46887260625 0.34517429436325675 0.5273772828125 0.42112056576200413 0.528369446875 0.422485012526096 0.4698647703125
4 0.4206464384133612 0.4215804890625 0.34395922755741126 0.42057864531250005 0.34273704592901877 0.4729833078125 0.4194242567849687 0.47398515156250004 0.4206464384133612 0.4215804890625
4 0.491504490605428 0.4023977375 0.4092602379958246 0.40132329687499996 0.4077599916492693 0.4656507140625 0.4900042442588726 0.4667251546875 0.491504490605428 0.4023977375
3 0.3134025657620042 0.5072698109375 0.23301065970772442 0.50621956875 0.23169794572025051 0.5625060578125 0.31208985177453025 0.5635563 0.3134025657620042 0.5072698109375
3 0.3202141252609603 0.45355137812499996 0.23426517536534447 0.45242853906249997 0.232945993736952 0.5089923015625 0.3188949436325678 0.5101151421875 0.3202141252609603 0.45355137812499996
5 0.23857501043841337 0.45830935781250004 0.1952300668058455 0.4577430984375 0.1941566158663883 0.5037704734374999 0.23750155949895618 0.5043367328125 0.23857501043841337 0.45830935781250004
4 0.265380872651357 0.4212162421875 0.2068466743215031 0.42045155 0.20585728810020879 0.4628743734375 0.26439148643006266 0.46363906562499996 0.265380872651357 0.4212162421875
5 0.3185386701461378 0.43799745156250003 0.24148098956158665 0.43699076718749996 0.24067913569937371 0.4713726625 0.31773681419624217 0.47237934687500005 0.3185386701461378 0.43799745156250003
3 0.42152162421711903 0.32049499375 0.37150822755741125 0.3198416171875 0.3704800438413361 0.3639280796875 0.42049344050104387 0.36458145625 0.42152162421711903 0.32049499375
3 0.42945940083507306 0.2820459546875 0.3646272192066806 0.28119898593750003 0.3635408350730689 0.32778090937500004 0.4283730167014614 0.328627878125 0.42945940083507306 0.2820459546875
5 0.4317486638830898 0.2395014359375 0.37062117745302714 0.238702865625 0.369567127348643 0.2838984203125 0.43069461169102297 0.2846969921875 0.4317486638830898 0.2395014359375
5 0.47513189144050105 0.2066465765625 0.4125225260960334 0.205828646875 0.41139734237995823 0.254074209375 0.4740067077244259 0.254892140625 0.47513189144050105 0.2066465765625
5 0.47235805636743217 0.24613382968750003 0.4290131106471816 0.24556757031249998 0.4282435887265136 0.2785630984375 0.4715885344467641 0.2791293578125 0.47235805636743217 0.24613382968750003
3 0.2527782818371608 0.06381472031249999 0.19350314405010438 0.0630403484375 0.1923908935281837 0.1107313625 0.25166603131524007 0.111505734375 0.2527782818371608 0.06381472031249999
3 0.30122761169102297 0.0838627109375 0.25936454488517746 0.0833158109375 0.25842042588726516 0.12379771875000001 0.30028349269311067 0.12434461875 0.30122761169102297 0.0838627109375
3 0.3137769540709812 0.101916234375 0.26117026931106474 0.1012289796875 0.26027141753653443 0.1397699765625 0.3128781002087683 0.14045723125 0.3137769540709812 0.101916234375