1 0.645032012526096 0.25747889218750003 0.4657896075156576 0.25044829687500003 0.45269801878914406 0.437409765625 0.6319404237995824 0.444440359375 0.645032012526096 0.25747889218750003
1 0.7598230730688935 0.3253515046875 0.5909473006263049 0.3187275296875 0.5801866116910229 0.472401346875 0.7490623841336117 0.479025321875 0.7598230730688935 0.3253515046875
1 0.19310212317327768 0 0.19042419832985386 0.0382435421875 0.2325595386221294 0.03989625625 0.23527599999999999 0.0011023765624999999 0.20717131315240084 0 0.19310212317327768 0
1 0.3291495323590814 0.01093324375 0.2850077432150313 0.0092018296875 0.28236138622129436 0.0469945765625 0.32650317327766176 0.0487259921875 0.3291495323590814 0.01093324375
1 0.3118375553235908 0.0330925171875 0.24896894989561588 0.0306265625 0.24478034237995827 0.090444221875 0.30764894780793317 0.0929101765625 0.3118375553235908 0.0330925171875
1 0.6612074926931106 0.5556389 0.509720910229645 0.5496969984375 0.5016942066805845 0.664326653125 0.6531807912317328 0.67026855625 0.6612074926931106 0.5556389
1 0.6013878935281837 0.6556885078125 0.47364424008350725 0.6506778984375 0.46596804801670144 0.7603018921875 0.5937117014613779 0.7653125015625 0.6013878935281837 0.6556885078125
2 0.42065700626304803 0.7034365859375 0.32100358246346555 0.6995277859375 0.31500984342379956 0.785124603125 0.41466326722338204 0.7890334046875 0.42065700626304803 0.7034365859375
2 0.4957092296450939 0.7497983296874999 0.39873106471816283 0.7459944625 0.3933156701461378 0.8233319375000001 0.4902938350730689 0.8271358046874999 0.4957092296450939 0.7497983296874999
1 0.47430976617954074 0.7872319609375 0.3432220375782881 0.7820901828125 0.33589635490605424 0.8867085156250001 0.46698408350730686 0.8918502937499999 0.47430976617954074 0.7872319609375
1 0.32008423590814195 0.8922370796875001 0.2542059645093946 0.8896530734375 0.25173486221294367 0.9249429890625 0.317613133611691 0.9275269953124999 0.32008423590814195 0.8922370796875001
0 0.3299892839248434 0.90881319375 0.252406751565762 0.9057701 0.24821814613778703 0.9655877578125001 0.3258006764091858 0.9686308515625001 0.3299892839248434 0.90881319375
2 0.18758555741127347 0.19850235624999998 0.15013191858037578 0.197033278125 0.14702989561586638 0.241333384375 0.1844835344467641 0.2428024640625 0.18758555741127347 0.19850235624999998
2 0.08150190605427976 0.26247983124999996 0.024318229645093944 0.2602368625 0.02140898747390397 0.3017838546875 0.07859266388308976 0.3040268234375 0.08150190605427976 0.26247983124999996