1 0.2643012338204593 0.3443169921875 0.1475088559498956 0.3613081234375 0.1680728413361169 0.44048722656250006 0.28486521920668056 0.42349609531250004 0.2643012338204593 0.3443169921875
0 0.09842372025052191 0.7404792125 0.0547479018789144 0.7468332375 0.06455824425887265 0.7846067531250001 0.10823406263048016 0.7782527296875 0.09842372025052191 0.7404792125
2 0.13280897912317327 0.713866128125 0.08330971816283925 0.7210673562500001 0.09230253235908142 0.7556930796875 0.14180179331941545 0.748491853125 0.13280897912317327 0.713866128125
0 0.36210292066805844 0.5670521078124999 0.24207529645093945 0.5845139078125 0.2659722839248434 0.6765263218750001 0.38599990814196244 0.659064521875 0.36210292066805844 0.5670521078124999
1 0.3373389686847599 0.6352355140625 0.24610503549060542 0.6485083640625 0.2627071524008351 0.7124327781249999 0.35394108768267224 0.6991599265625 0.3373389686847599 0.6352355140625
1 0.3948147724425887 0.7809126562500001 0.3165218204592902 0.7923028328124999 0.3317404279749478 0.8509002125 0.41003337995824635 0.8395100359375001 0.3948147724425887 0.7809126562500001
2 0.5711295699373695 0.720333246875 0.4006321127348643 0.745137475 0.43484253653444677 0.8768605109375001 0.6053399958246346 0.8520562828125 0.5711295699373695 0.720333246875
2 0.7118976325678497 0.712921009375 0.5685762421711901 0.733771621875 0.598510363256785 0.8490292796875 0.7418317536534447 0.8281786671875 0.7118976325678497 0.712921009375
2 0.6655856137787057 0.8112525921874999 0.5038233215031315 0.834786015625 0.53885127348643 0.9696568437499999 0.7006135657620042 0.9461234203125001 0.6655856137787057 0.8112525921874999
1 0.4840546993736952 0.9183250468749999 0.4170851106471816 0.928067884375 0.4302913402922756 0.9789168500000001 0.49726092901878916 0.9691740125000001 0.4840546993736952 0.9183250468749999
1 0.8591709812108559 0.011136443749999999 0.6563210626304802 0.04064735625 0.6956253194154488 0.19198356562500002 0.8984752359081419 0.162472653125 0.8591709812108559 0.011136443749999999
1 0.676220630480167 0.167039396875 0.5649281711899792 0.18323039218749998 0.6017798434237995 0.325123221875 0.7130723006263048 0.308932228125 0.676220630480167 0.167039396875
1 0.5394834258872651 0.22487644062499998 0.4967781795407098 0.23108926406250002 0.5212411482254697 0.3252809203125 0.563946394572025 0.3190680953125 0.5394834258872651 0.22487644062499998
1 0.7740724989561587 0.21738446875 0.7003088914405011 0.228115709375 0.7120687265135699 0.273395503125 0.7858323319415449 0.2626642609375 0.7740724989561587 0.21738446875
2 0.3752825615866388 0.5589781859375 0.2989307599164927 0.5700859625 0.3230164070981211 0.662824790625 0.39936821085594987 0.651717015625 0.3752825615866388 0.5589781859375
1 0.06439877870563675 0.4847191546875 0.0006644363256784969 0.4939913234375 0.011543853862212943 0.5358811875 0.07527819832985386 0.52660901875 0.06439877870563675 0.4847191546875
1 0.061668868475991644 0.45998762656250003 0.018640098121085594 0.4662475171875 0.02845044050104384 0.5040210359375 0.0714792108559499 0.49776114531250004 0.061668868475991644 0.45998762656250003