3 0.26095717916666666 0.6827455921875 0.5581863979166666 0.6827455921875 0.5581863979166666 0.44848866562499995 0.26095717916666666 0.44848866562499995 0.26095717916666666 0.6827455921875
3 0.4337531479166667 0.4823677578125 0.6362720395833333 0.4823677578125 0.6362720395833333 0.32619647343749997 0.4337531479166667 0.32619647343749997 0.4337531479166667 0.4823677578125
3 0.37917716250000005 0.6987405546875001 0.56523929375 0.6987405546875001 0.56523929375 0.5828715359375 0.37917716250000005 0.5828715359375 0.37917716250000005 0.6987405546875001
5 0.38874895 0.7827455921875 0.5946263645833334 0.7827455921875 0.5946263645833334 0.6520151140625 0.38874895 0.6520151140625 0.38874895 0.7827455921875
3 0.3036104104166667 0.3823677578125 0.4581024354166667 0.3823677578125 0.4581024354166667 0.25743073125 0.3036104104166667 0.25743073125 0.3036104104166667 0.3823677578125
3 0.57078085625 0.692821159375 0.7759865666666667 0.692821159375 0.7759865666666667 0.5313602015625001 0.57078085625 0.5313602015625001 0.57078085625 0.692821159375
4 0.5976490354166667 0.8264483625000001 0.7679261125 0.8264483625000001 0.7679261125 0.6874055421875 0.5976490354166667 0.6874055421875 0.5976490354166667 0.8264483625000001
4 0.41326616250000003 0.935264484375 0.6080604541666667 0.935264484375 0.6080604541666667 0.781612090625 0.41326616250000003 0.781612090625 0.41326616250000003 0.935264484375
3 0.7531486145833333 0.385390428125 0.8713685979166667 0.385390428125 0.8713685979166667 0.24937027656250002 0.7531486145833333 0.24937027656250002 0.7531486145833333 0.385390428125
3 0.7585222500000001 0.527833753125 0.8609571791666667 0.527833753125 0.8609571791666667 0.4479848859375 0.7585222500000001 0.4479848859375 0.7585222500000001 0.527833753125
4 0.7610411416666667 0.6596977328125 0.8634760708333334 0.6596977328125 0.8634760708333334 0.5591939546875 0.7610411416666667 0.5591939546875 0.7610411416666667 0.6596977328125