4 0.33354070981210854 0.6973936734375 0.1792389853862213 0.7283378375 0.2202907807933194 0.843003990625 0.37459250313152403 0.8120598250000001 0.33354070981210854 0.6973936734375
4 0.44295637369519836 0.3750805546875 0.1945415407098121 0.424898465625 0.25748762630480165 0.6007198984375 0.505902459290188 0.5509019875 0.44295637369519836 0.3750805546875
4 0.4582328037578288 0.18459628125 0.23972989144050105 0.22841556093749998 0.30052564509394575 0.398230671875 0.5190285594989561 0.35441139375 0.4582328037578288 0.18459628125
4 0.6281517682672234 0.5489171671874999 0.5347682212943633 0.5676446046875 0.5636999624217119 0.648456940625 0.657083509394572 0.629729503125 0.6281517682672234 0.5489171671874999
4 0.5869166450939458 0.426094525 0.46690419206680583 0.450162209375 0.5141137578288101 0.582028284375 0.6341262087682673 0.5579606 0.5869166450939458 0.426094525
4 0.695463860125261 0.511423653125 0.5995268538622129 0.5306631703125 0.6307066701461378 0.6177548421875 0.7266436764091858 0.5985153265625 0.695463860125261 0.511423653125
4 0.8381609373695198 0.510312646875 0.6473812630480167 0.5485722171875 0.6972298705636744 0.6878096874999999 0.8880095448851775 0.649550115625 0.8381609373695198 0.510312646875
4 0.7856179853862213 0.9603593390625 0.7794602150313152 0.943159415625 0.7280263068893529 0.9534741375 0.7341840751565762 0.9706740609375 0.7856179853862213 0.9603593390625
4 0.848918993736952 0.681237684375 0.71285624217119 0.708524146875 0.7513667369519833 0.8160919171875 0.8874294864300627 0.7888054546875 0.848918993736952 0.681237684375
4 0.9455573027139874 0.7278424828125 0.8426894864300626 0.748471925 0.8745534989561587 0.8374747015624999 0.9774213152400836 0.8168452593750001 0.9455573027139874 0.7278424828125
4 1 0.6336750546875 0.8741584509394572 0.6589117234375 0.9090524759916492 0.7563779546875 1 0.7381390453125001 1 0.6336750546875
4 1 0.714729746875 0.8986796283924843 0.7350488609375 0.9625053966597077 0.9133274265625 1 0.9058081375 1 0.714729746875
4 1 0.45073316874999997 0.986530509394572 0.41311009531250004 0.8311344467640919 0.44427372187499997 0.8901708392484343 0.6091745703125 1 0.587149075 1 0.45073316874999997
4 0.9226497933194154 0.23850025156250002 0.6538073110647181 0.2924147890625 0.7233021356993737 0.4865282046875 0.992144617954071 0.4326136671875 0.9226497933194154 0.23850025156250002
4 1 0.45073316874999997 0.9700120480167014 0.36697061875000003 0.9311630334029227 0.3747615265625 0.9718238580375783 0.48833562031250005 1 0.4826850859375 1 0.45073316874999997