3 0.33424420416666667 0.40716431093749994 0.19166994583333336 0.42410046875 0.21201515416666666 0.5204414078124999 0.35458941250000003 0.50350525 0.33424420416666667 0.40716431093749994
4 0.4293003 0.1927972453125 0.34561541041666666 0.202738034375 0.35723345 0.2577531015625 0.44091834166666666 0.24781231250000002 0.4293003 0.1927972453125
4 0.3580693541666667 0.1614113703125 0.26646367083333333 0.17229305625 0.28108167500000003 0.24151389218750002 0.37268735833333333 0.2306322046875 0.3580693541666667 0.1614113703125
4 0.2881549458333333 0.1621705546875 0.23374255 0.1686341125 0.24863327916666667 0.2391463828125 0.303045675 0.232682825 0.2881549458333333 0.1621705546875
4 0.28080148541666666 0.214276278125 0.18850703958333334 0.22523978125 0.20334322291666668 0.2954937640625 0.29563766875 0.2845302609375 0.28080148541666666 0.214276278125
4 0.2327612166666667 0.2358688609375 0.13323474166666666 0.24769144375000002 0.14899818541666668 0.3223363 0.2485246625 0.3105137171875 0.2327612166666667 0.2358688609375
4 0.3044257541666667 0.37880209374999996 0.22969480208333334 0.387679259375 0.23918559583333332 0.43262114531250007 0.3139165479166667 0.4237439796875 0.3044257541666667 0.37880209374999996
4 0.2251654 0.4197244515625 0.16971985416666666 0.426310734375 0.18335605416666667 0.490882409375 0.2388015979166667 0.484296125 0.2251654 0.4197244515625
4 0.41477722291666663 0.4291050796875 0.31869457083333336 0.440518578125 0.3354398208333333 0.5198125953125 0.431522475 0.5083990968750001 0.41477722291666663 0.4291050796875
5 0.3754609145833333 0.4869933609375 0.2910872583333333 0.49701596718749996 0.29910534375 0.5349841125 0.3834789979166667 0.52496150625 0.3754609145833333 0.4869933609375
4 0.3093052916666667 0.49802906875 0.20116926041666666 0.5108743671875 0.21638725833333333 0.5829363562500001 0.3245232895833333 0.5700910578125 0.3093052916666667 0.49802906875
4 0.3668176395833333 0.5204539140625 0.27693386875 0.5311310578125 0.29067915625 0.5962193078125 0.38056292708333334 0.5855421640625 0.3668176395833333 0.5204539140625
4 0.399527475 0.5917619078125 0.29552403125000004 0.604116303125 0.31303290833333336 0.6870263328124999 0.41703635208333334 0.6746719375 0.399527475 0.5917619078125
4 0.49688228124999995 0.61395495625 0.37841478125 0.6280275125 0.39739636875 0.717911284375 0.5158638708333333 0.703838728125 0.49688228124999995 0.61395495625
4 0.4348308458333333 0.6937394390625 0.29294535208333333 0.71059378125 0.3166723354166667 0.8229484953125 0.45855783125 0.806094153125 0.4348308458333333 0.6937394390625
4 0.6619139916666666 0.7367952140625 0.5238167041666667 0.7531995609375 0.54541644375 0.8554810937499999 0.6835137291666666 0.8390767484375001 0.6619139916666666 0.7367952140625
4 0.5268154625 0.2959896359375 0.4579390104166666 0.3041713546875 0.46819343124999996 0.3527292546875 0.5370698833333333 0.3445475359375 0.5268154625 0.2959896359375
4 0.7276199645833333 0.6316886125 0.5984766166666666 0.647029334375 0.6216036083333333 0.7565428953125 0.75074695625 0.7412021734375001 0.7276199645833333 0.6316886125
4 0.9602292854166666 0.6566133875 0.82695335 0.6724450125 0.845553125 0.760520778125 0.9788290604166666 0.7446891515625 0.9602292854166666 0.6566133875
4 0.7754672541666667 0.53479303125 0.6690531333333334 0.5474337859375 0.6873256395833334 0.63395983125 0.7937397604166667 0.6213190749999999 0.7754672541666667 0.53479303125
3 1 0.47145107187499996 0.9409648895833332 0.4784637546875 0.9498011458333333 0.5203062 1 0.5143431625 1 0.47145107187499996
4 0.9890960791666666 0.44309254062500003 0.93709435625 0.4492697375 0.9436942770833333 0.480522428125 0.995696 0.47434523124999994 0.9890960791666666 0.44309254062500003
4 0.8881995395833333 0.4810249390625 0.80072644375 0.491415721875 0.8123444833333333 0.5464307875000001 0.89981758125 0.5360400046875 0.8881995395833333 0.4810249390625
4 0.7015347395833333 0.488106878125 0.66055325 0.49297500000000005 0.6691713270833334 0.5337842984375001 0.7101528166666667 0.528916175 0.7015347395833333 0.488106878125
4 0.7679796520833333 0.49014272031250006 0.7073683729166667 0.4973426328125 0.7170228020833334 0.5430593796875 0.77763408125 0.5358594671875 0.7679796520833333 0.49014272031250006
4 0.7582990083333333 0.460182665625 0.6959658166666667 0.46758712031250005 0.7036020895833333 0.503747259375 0.7659352791666667 0.4963428046875 0.7582990083333333 0.460182665625