1 0.32300311666666665 0.1733230875 0.53252025625 0.18707086875 0.55162880625 0.0232620671875 0.34211166875000004 0.0095142859375 0.32300311666666665 0.1733230875
1 0.23649927708333335 0 0.23278476666666667 0.031842784375 0.40935895833333336 0.0434289640625 0.4144250145833333 0 0.23649927708333335 0
1 0.7818636395833334 0.2222286328125 0.8286426250000001 0.22529810625 0.8324758645833333 0.1924375171875 0.7856968791666666 0.18936804375 0.7818636395833334 0.2222286328125
1 0.7854551104166667 0.26827353125000003 0.86550646875 0.2735262203125 0.8725965187500001 0.212746484375 0.7925451604166667 0.2074937953125 0.7854551104166667 0.26827353125000003
1 0.8643855708333333 0.21768490312500002 0.9141294208333334 0.2209489203125 0.9186831916666667 0.1819115296875 0.86893934375 0.1786475125 0.8643855708333333 0.21768490312500002
1 0.86165590625 0.2496220515625 0.93907183125 0.25470181406250003 0.9450378479166667 0.2035578890625 0.867621925 0.1984781265625 0.86165590625 0.2496220515625
1 0.7038073020833333 0.48586268125 0.7637634645833333 0.4897967953125 0.7682019520833333 0.4517476921875 0.7082457895833334 0.447813578125 0.7038073020833333 0.48586268125
1 0.6977280145833333 0.5351319484375 0.7728379333333333 0.5400603984375001 0.7811673 0.4686565625 0.7060573833333332 0.4637281125 0.6977280145833333 0.5351319484375
0 0.40847154999999996 0.86631876875 0.5514439375 0.875700115625 0.5690537791666667 0.7247390640625 0.4260813916666667 0.7153577171875 0.40847154999999996 0.86631876875
2 0.50258406875 0.91892575 0.67059309375 0.9299499140625 0.6884046854166667 0.7772593578125 0.5203956583333333 0.76623519375 0.50258406875 0.91892575
1 0.7075669770833334 1 0.7182488125000001 0.908429553125 0.5176262687500001 0.895265403125 0.5054088166666666 1 0.7075669770833334 1
0 0.08510099166666667 0.9464283703125 0.08182976875 0.974471053125 0.16155169791666665 0.9797021265625 0.16482292083333333 0.95165944375 0.08510099166666667 0.9464283703125
1 0 0.69810516875 0.023267556249999998 0.699631903125 0.031193425 0.6316870781249999 0 0.6296402750000001 0 0.69810516875
2 0.028299195833333336 0.6735719578125 0.11658629375 0.679365046875 0.12393573541666666 0.6163616625 0.035648637500000004 0.6105685734375 0.028299195833333336 0.6735719578125
2 0.046070241666666664 0.700505728125 0.12052130208333334 0.7053909468749999 0.12651614166666666 0.65399995 0.05206508125 0.6491147328125 0.046070241666666664 0.700505728125