3 0.48709677500000004 0.9297043015625001 0.7103942645833333 0.9297043015625001 0.7103942645833333 0.7162634406249999 0.48709677500000004 0.7162634406249999 0.48709677500000004 0.9297043015625001
3 0.5412186375 0.769489246875 0.72724014375 0.769489246875 0.72724014375 0.620564515625 0.5412186375 0.620564515625 0.5412186375 0.769489246875
4 0.6700716854166667 0.6791666671875001 0.8392473125 0.6791666671875001 0.8392473125 0.5345430109375 0.6700716854166667 0.5345430109375 0.6700716854166667 0.6791666671875001
4 0.4910394270833333 0.632661290625 0.6530465958333332 0.632661290625 0.6530465958333332 0.4866935484375 0.4910394270833333 0.4866935484375 0.4910394270833333 0.632661290625
4 0.29838709583333334 0.6337365593750001 0.48584229375 0.6337365593750001 0.48584229375 0.47889784999999996 0.29838709583333334 0.47889784999999996 0.29838709583333334 0.6337365593750001
4 0.6172043020833333 0.5732526874999999 0.7462365583333334 0.5732526874999999 0.7462365583333334 0.4573924734375 0.6172043020833333 0.4573924734375 0.6172043020833333 0.5732526874999999
4 0.7353046604166666 0.57997311875 0.8406810041666667 0.57997311875 0.8406810041666667 0.5087365593750001 0.7353046604166666 0.5087365593750001 0.7353046604166666 0.57997311875
4 0.6844086020833333 0.50967741875 0.79444444375 0.50967741875 0.79444444375 0.41639784999999996 0.6844086020833333 0.41639784999999996 0.6844086020833333 0.50967741875
4 0.5437275979166666 0.45846774218749997 0.6602150541666667 0.45846774218749997 0.6602150541666667 0.35927419375 0.5437275979166666 0.35927419375 0.5437275979166666 0.45846774218749997
4 0.7039426520833333 0.41639784999999996 0.78136200625 0.41639784999999996 0.78136200625 0.3427419359375 0.7039426520833333 0.3427419359375 0.7039426520833333 0.41639784999999996
4 0.60107526875 0.36357526875 0.6856630833333334 0.36357526875 0.6856630833333334 0.27432795625 0.60107526875 0.27432795625 0.60107526875 0.36357526875
4 0.35752688125 0.5067204296875001 0.4948028666666667 0.5067204296875001 0.4948028666666667 0.4013440859375 0.35752688125 0.4013440859375 0.35752688125 0.5067204296875001
4 0.21218637916666666 0.5056451609375 0.40179211458333336 0.5056451609375 0.40179211458333336 0.35241935468749996 0.21218637916666666 0.35241935468749996 0.21218637916666666 0.5056451609375
4 0.167562725 0.369086021875 0.32562723958333334 0.369086021875 0.32562723958333334 0.22930107500000002 0.167562725 0.22930107500000002 0.167562725 0.369086021875