4 0.84391534375 0.5963541671875 0.7367724875 0.5963541671875 0.7367724875 0.707465278125 0.84391534375 0.707465278125 0.84391534375 0.5963541671875
4 0.7886904770833334 0.7161458328125 0.6832010583333333 0.7161458328125 0.6832010583333333 0.8215525796875 0.7886904770833334 0.8215525796875 0.7886904770833334 0.7161458328125
4 0.6117724875 0.6515376984375 0.4976851854166667 0.6515376984375 0.4976851854166667 0.768105159375 0.6117724875 0.768105159375 0.6117724875 0.6515376984375
4 0.61259920625 0.713913690625 0.5262896833333334 0.713913690625 0.5262896833333334 0.7977430562500001 0.61259920625 0.7977430562500001 0.61259920625 0.713913690625
4 0.6529431208333333 0.3797123015625 0.4479166666666667 0.3797123015625 0.4479166666666667 0.580605159375 0.6529431208333333 0.580605159375 0.6529431208333333 0.3797123015625
4 0.4649470895833333 0.4898313484375 0.30357142916666663 0.4898313484375 0.30357142916666663 0.6510416671875 0.4649470895833333 0.6510416671875 0.4649470895833333 0.4898313484375
4 0.4718915354166667 0.3209325390625 0.261574075 0.3209325390625 0.261574075 0.49553571406249997 0.4718915354166667 0.49553571406249997 0.4718915354166667 0.3209325390625
4 0.29348545000000004 0.53174603125 0.14302248750000002 0.53174603125 0.14302248750000002 0.646329365625 0.29348545000000004 0.646329365625 0.29348545000000004 0.53174603125
4 0.29100529166666667 0.42100694375 0.0628306875 0.42100694375 0.0628306875 0.611483134375 0.29100529166666667 0.611483134375 0.29100529166666667 0.42100694375
4 0.1335978833333333 0.31684027812500004 0.0006613750000000001 0.31684027812500004 0.0006613750000000001 0.48102678593750003 0.1335978833333333 0.48102678593750003 0.1335978833333333 0.31684027812500004
4 0.10400132291666667 0.44605654687499996 0.00082671875 0.44605654687499996 0.00082671875 0.5626240078125 0.10400132291666667 0.5626240078125 0.10400132291666667 0.44605654687499996