4 1 0.051835317187499994 0.9232804229166667 0.051835317187499994 0.9232804229166667 0.1793154765625 1 0.1793154765625 1 0.051835317187499994
4 1 0.3727678578125 0.9470899479166667 0.3727678578125 0.9470899479166667 0.46006944375 1 0.46006944375 1 0.3727678578125
4 0.9113756604166666 0.20374503906250002 0.8237433854166666 0.20374503906250002 0.8237433854166666 0.26897321406249997 0.9113756604166666 0.26897321406249997 0.9113756604166666 0.20374503906250002
4 0.8554894187500001 0.3301091265625 0.7516534395833333 0.3301091265625 0.7516534395833333 0.406498015625 0.8554894187500001 0.406498015625 0.8554894187500001 0.3301091265625
4 0.7895171958333334 0.4908234125 0.5008267187500001 0.4908234125 0.5008267187500001 0.7080853171875 0.7895171958333334 0.7080853171875 0.7895171958333334 0.4908234125
5 0.5846560854166667 0.32899305624999997 0.39054232708333336 0.32899305624999997 0.39054232708333336 0.46465773749999995 0.5846560854166667 0.46465773749999995 0.5846560854166667 0.32899305624999997
4 0.35185185208333336 0.6929563484375 0.20271163958333333 0.6929563484375 0.20271163958333333 0.8134920640625 0.35185185208333336 0.8134920640625 0.35185185208333336 0.6929563484375
3 0.21263227499999998 0.3387896828125 0.0006613750000000001 0.3387896828125 0.0006613750000000001 0.5076884921875 0.21263227499999998 0.5076884921875 0.21263227499999998 0.3387896828125
4 0.2577711645833333 0.4711061515625 0.11028439166666668 0.4711061515625 0.11028439166666668 0.5752728171875 0.2577711645833333 0.5752728171875 0.2577711645833333 0.4711061515625
4 0.16699735416666667 0.500744046875 0.0006613750000000001 0.500744046875 0.0006613750000000001 0.6416170640625001 0.16699735416666667 0.6416170640625001 0.16699735416666667 0.500744046875
4 0.15839947083333333 0.9468005953124999 0.0006613750000000001 0.9468005953124999 0.0006613750000000001 0.9991319437499999 0.15839947083333333 0.9991319437499999 0.15839947083333333 0.9468005953124999
4 0.12202381041666667 0.8111359125 0.009259258333333333 0.8111359125 0.009259258333333333 0.914806546875 0.12202381041666667 0.914806546875 0.12202381041666667 0.8111359125
4 0.4861111104166667 0.48635912656249997 0.38822751250000004 0.48635912656249997 0.38822751250000004 0.5637400796875001 0.4861111104166667 0.5637400796875001 0.4861111104166667 0.48635912656249997