4 0.31365740833333333 0.7695932546875001 0.21279761875 0.7695932546875001 0.21279761875 0.8489583328125001 0.31365740833333333 0.8489583328125001 0.31365740833333333 0.7695932546875001
4 0.22668650833333331 0.74268353125 0.13442460416666666 0.74268353125 0.13442460416666666 0.8116319437499999 0.22668650833333331 0.8116319437499999 0.22668650833333331 0.74268353125
4 0.35714285625000003 0.6552579359374999 0.2380952375 0.6552579359374999 0.2380952375 0.7512400796875001 0.35714285625000003 0.7512400796875001 0.35714285625000003 0.6552579359374999
4 0.2577711645833333 0.6602182546875001 0.1552579375 0.6602182546875001 0.1552579375 0.7353670640625001 0.2577711645833333 0.7353670640625001 0.2577711645833333 0.6602182546875001
4 0.4214616395833334 0.568700396875 0.29679232708333336 0.568700396875 0.29679232708333336 0.6681547625 0.4214616395833334 0.6681547625 0.4214616395833334 0.568700396875
4 0.2986111104166667 0.5607638890625 0.18353174583333332 0.5607638890625 0.18353174583333332 0.639880953125 0.2986111104166667 0.639880953125 0.2986111104166667 0.5607638890625
4 0.34209656041666664 0.4697420640625 0.22007275208333335 0.4697420640625 0.22007275208333335 0.550347221875 0.34209656041666664 0.550347221875 0.34209656041666664 0.4697420640625
5 0.32523148125 0.369915675 0.19923941875 0.369915675 0.19923941875 0.4663938484375 0.32523148125 0.4663938484375 0.32523148125 0.369915675
5 0.46825396875 0.39012896874999997 0.35582010625000005 0.39012896874999997 0.35582010625000005 0.48239087343750003 0.46825396875 0.48239087343750003 0.46825396875 0.39012896874999997
5 0.5507605812499999 0.447792659375 0.43931878333333335 0.447792659375 0.43931878333333335 0.5350942453124999 0.5507605812499999 0.5350942453124999 0.5507605812499999 0.447792659375
5 0.5707671958333334 0.24404761874999997 0.44609788333333333 0.24404761874999997 0.44609788333333333 0.349454365625 0.5707671958333334 0.349454365625 0.5707671958333334 0.24404761874999997
5 0.6426917979166666 0.3229166671875 0.5219907416666667 0.3229166671875 0.5219907416666667 0.41493055625 0.6426917979166666 0.41493055625 0.6426917979166666 0.3229166671875
4 0.6213624333333333 0.5198412703125 0.5175264541666666 0.5198412703125 0.5175264541666666 0.6046626984375 0.6213624333333333 0.6046626984375 0.6213624333333333 0.5198412703125
4 0.719411375 0.40997023749999995 0.606646825 0.40997023749999995 0.606646825 0.491071428125 0.719411375 0.491071428125 0.719411375 0.40997023749999995
4 0.7051917979166666 0.565972221875 0.6053240750000001 0.565972221875 0.6053240750000001 0.6478174609375 0.7051917979166666 0.6478174609375 0.7051917979166666 0.565972221875
4 0.7652116395833333 0.4764384921875 0.6587301583333333 0.4764384921875 0.6587301583333333 0.5550595234375 0.7652116395833333 0.5550595234375 0.7652116395833333 0.4764384921875
4 0.8029100520833333 0.5520833328125 0.7070105812499999 0.5520833328125 0.7070105812499999 0.63095238125 0.8029100520833333 0.63095238125 0.8029100520833333 0.5520833328125