0 0.418108975 0.38569711562500003 0.17355769166666668 0.38569711562500003 0.17355769166666668 0.5621394234375 0.418108975 0.5621394234375 0.418108975 0.38569711562500003
2 0.2977564104166667 0.9149038468749999 0.18942307708333334 0.9149038468749999 0.18942307708333334 0.9995192312500001 0.2977564104166667 0.9995192312500001 0.2977564104166667 0.9149038468749999
1 0.6229166666666667 0.588341346875 0.42483974375 0.588341346875 0.42483974375 0.745072115625 0.6229166666666667 0.745072115625 0.6229166666666667 0.588341346875
2 0.443108975 0.5498798078125 0.2363782041666667 0.5498798078125 0.2363782041666667 0.71358173125 0.443108975 0.71358173125 0.443108975 0.5498798078125
2 0.14839743541666667 0.5251201921875001 0.08205128125 0.5251201921875001 0.08205128125 0.569591346875 0.14839743541666667 0.569591346875 0.14839743541666667 0.5251201921875001
0 0.7964743583333332 0.5027644234374999 0.6993589750000001 0.5027644234374999 0.6993589750000001 0.5640625 0.7964743583333332 0.5640625 0.7964743583333332 0.5027644234374999
2 0.5979166666666667 0.4599759609375 0.38733974375 0.4599759609375 0.38733974375 0.614783653125 0.5979166666666667 0.614783653125 0.5979166666666667 0.4599759609375
1 0 0.3931490390625 0.05512820416666667 0.3931490390625 0.05512820416666667 0.32055288437499996 0 0.32055288437499996 0 0.3931490390625
1 0.09871794791666666 0.339903846875 0.0365384625 0.339903846875 0.0365384625 0.3855769234375 0.09871794791666666 0.3855769234375 0.09871794791666666 0.339903846875
1 0 0.17295673125 0.05608974375 0.17295673125 0.05608974375 0.099158653125 0 0.099158653125 0 0.17295673125
1 0.6546474354166667 0.01983173125 0.58125 0.01983173125 0.58125 0.063822115625 0.6546474354166667 0.063822115625 0.6546474354166667 0.01983173125
1 0.7216346145833333 0.0197115390625 0.656891025 0.0197115390625 0.656891025 0.0483173078125 0.7216346145833333 0.0483173078125 0.7216346145833333 0.0197115390625
1 0.5899038458333333 0.020192307812499997 0.5549679479166667 0.020192307812499997 0.5549679479166667 0.060096153124999996 0.5899038458333333 0.060096153124999996 0.5899038458333333 0.020192307812499997
1 0.6719551291666667 0.2978365390625 0.58125 0.2978365390625 0.58125 0.3612980765625 0.6719551291666667 0.3612980765625 0.6719551291666667 0.2978365390625
1 0.4666666666666667 0.302403846875 0.41442307708333337 0.302403846875 0.41442307708333337 0.3427884609375 0.4666666666666667 0.3427884609375 0.4666666666666667 0.302403846875
1 0.7089743583333333 0.275721153125 0.6407051291666667 0.275721153125 0.6407051291666667 0.3233173078125 0.7089743583333333 0.3233173078125 0.7089743583333333 0.275721153125
2 0.5508012812499999 0.41514423125000005 0.49407051249999995 0.41514423125000005 0.49407051249999995 0.4550480765625 0.5508012812499999 0.4550480765625 0.5508012812499999 0.41514423125000005