5 0.42905341041666667 0.24683315781249998 0.2573981375 0.226442515625 0.22888309791666667 0.361470171875 0.4005383708333333 0.38186081562499996 0.42905341041666667 0.24683315781249998
5 0.42953298125 0.3666177359375 0.30112679166666667 0.351364578125 0.28004584166666663 0.45118949375 0.4084520291666667 0.46644265 0.42953298125 0.3666177359375
4 0.48294005625 0.5067371781250001 0.42393355833333335 0.4997278953125 0.40587934166666667 0.5852202671875 0.4648858416666667 0.59222955 0.48294005625 0.5067371781250001
4 0.45281416874999997 0.49723018906250005 0.3190437520833333 0.48133982499999994 0.29636978125 0.5887081843749999 0.4301401979166667 0.60459855 0.45281416874999997 0.49723018906250005
4 0.5102397020833334 0.603674321875 0.41502466666666665 0.5923638875 0.40052819375 0.6610092328125 0.4957432291666667 0.6723196687499999 0.5102397020833334 0.603674321875
4 0.5037348729166667 0.6344767203125 0.38337502500000004 0.620179375 0.36218787291666665 0.7205071875 0.48254772083333336 0.7348045328125 0.5037348729166667 0.6344767203125
4 0.5176468479166666 0.721575378125 0.41438547499999995 0.7093091312500001 0.3967029645833334 0.7930413656249999 0.49996433749999997 0.8053076125 0.5176468479166666 0.721575378125
4 0.49025468541666667 0.7975814437500001 0.4020802 0.78710734375 0.38726512291666665 0.857261378125 0.4754396083333334 0.867735478125 0.49025468541666667 0.7975814437500001
4 0.42381041041666667 0.7761564546875 0.37419130833333336 0.770262284375 0.36181886041666667 0.8288497046875 0.4114379625 0.834743875 0.42381041041666667 0.7761564546875
5 0.7510239145833334 0.586396128125 0.6833005458333333 0.5783513828125 0.6739548333333333 0.6226062578125 0.7416782020833333 0.6306510046875 0.7510239145833334 0.586396128125
3 0.7720138 0.532569821875 0.7130072999999999 0.5255605375 0.7041394937500001 0.5675523796874999 0.7631459937499999 0.5745616625000001 0.7720138 0.532569821875
5 0.6829631520833334 0.526244615625 0.620939275 0.518876903125 0.6114873625 0.5636346734375 0.6735112395833334 0.5710023859375 0.6829631520833334 0.526244615625
4 0.6420312875 0.567907325 0.5860421666666666 0.5612564703125 0.5774398625 0.6019910703125 0.6334289854166666 0.6086419249999999 0.6420312875 0.567907325
4 0.6058644375 0.6089761625000001 0.5532279583333334 0.6027235625 0.5449973604166666 0.641698025 0.5976338395833333 0.647950625 0.6058644375 0.6089761625000001
4 0.7130667458333334 0.6400112140625 0.650037075 0.6325240234375 0.6424436833333333 0.6684811093749999 0.7054733541666667 0.6759682984375 0.7130667458333334 0.6400112140625
4 0.6881692479166667 0.6781657453125 0.6362032979166667 0.671992796875 0.6288223104166666 0.706944090625 0.6807882604166667 0.7131170390625 0.6881692479166667 0.6781657453125
5 0.7021767916666667 0.504426796875 0.6431702916666667 0.49741751250000005 0.6352051979166667 0.5351347343749999 0.6942116979166666 0.54214401875 0.7021767916666667 0.504426796875