3 0.8766501083333333 0.111140809375 0.89991316875 0.107432271875 0.8827039979166666 0.0467101875 0.8594409395833333 0.050418725 0.8766501083333333 0.111140809375
3 0.8889573916666667 0.081610078125 0.80286575 0.09533458593750001 0.8210093541666666 0.1593537984375 0.9071009958333334 0.14562929062500002 0.8889573916666667 0.081610078125
3 0.8835695354166667 0.2058103703125 0.9258826625 0.1990649203125 0.9067267541666666 0.1314738203125 0.8644136270833334 0.1382192703125 0.8835695354166667 0.2058103703125
3 0.45125511458333334 0.03077423125 0.22485241041666668 0.066866765625 0.2765577895833333 0.2493077796875 0.5029604937500001 0.21321524374999998 0.45125511458333334 0.03077423125
3 0.5135418833333333 0.25460453437499997 0.2959315166666666 0.28929541875 0.34296472499999997 0.45525079843749994 0.5605750895833334 0.420559915625 0.5135418833333333 0.25460453437499997
3 0.31379886875 0.20575106562499998 0.10205006458333334 0.23950751406249998 0.14791522708333332 0.40134148593749996 0.3596640333333333 0.3675850375 0.31379886875 0.20575106562499998
3 0.31169732291666663 0.36991904062500003 0.10617642499999999 0.402682653125 0.14783663125000002 0.549679553125 0.35335753125 0.5169159421875 0.31169732291666663 0.36991904062500003
3 0.30998098333333335 0.478026615625 0.14732272916666667 0.5039571734375 0.16959341875 0.58253869375 0.3322516729166667 0.556608134375 0.30998098333333335 0.478026615625
3 0.4920638333333333 0.4037694796875 0.30889012499999996 0.432970559375 0.34930441875 0.5755712921875 0.5324781291666667 0.5463702125000001 0.4920638333333333 0.4037694796875
5 0.63827650625 0.3326461078125 0.45400375625 0.3620223953125 0.49169261666666664 0.49500650625000003 0.6759653666666666 0.46563022031249995 0.63827650625 0.3326461078125
4 0.7830884583333333 0.42816355625 0.59551858125 0.4580654625 0.6300926604166667 0.5800591515625 0.8176625375000001 0.5501572453125 0.7830884583333333 0.42816355625
4 0.8830860520833334 0.454723996875 0.6903873125000001 0.48544353281249997 0.7309573479166667 0.6285937859375 0.9236560875 0.59787425 0.8830860520833334 0.454723996875
4 0.8568236041666667 0.555257675 0.6872047520833333 0.582297875 0.7227132645833334 0.707588690625 0.89233211875 0.680548490625 0.8568236041666667 0.555257675
4 0.62043269375 0.48855463749999994 0.4482494083333333 0.5160036531250001 0.48204479166666664 0.6352497359375 0.6542280770833333 0.6078007203125 0.62043269375 0.48855463749999994
4 0.7046399270833333 0.5701852390625 0.5738539 0.5910348109375 0.605624675 0.70313711875 0.7364107020833334 0.6822875484375001 0.7046399270833333 0.5701852390625
4 0.7082569645833333 0.655904503125 0.5679459041666667 0.67827253125 0.5926305500000001 0.7653716312500001 0.7329416125 0.743003603125 0.7082569645833333 0.655904503125
4 0.67433240625 0.713865571875 0.5563685395833333 0.7326710671875001 0.5805080979166667 0.8178468406249999 0.6984719645833334 0.7990413453125 0.67433240625 0.713865571875
4 0.5714413104166667 0.6649360453125001 0.42783312500000004 0.6878296921875 0.4587473354166667 0.7969096359375001 0.6023555208333333 0.7740159890625 0.5714413104166667 0.6649360453125001
4 0.49821577708333337 0.55585266875 0.34691429375 0.5799727609375 0.38179985 0.7030654921874999 0.5331013333333333 0.6789454 0.49821577708333337 0.55585266875