5 0.67419871875 0.466466346875 0.5222756416666666 0.466466346875 0.5222756416666666 0.5938701921875 0.67419871875 0.5938701921875 0.67419871875 0.466466346875
4 0.69294871875 0.6188701921875001 0.5519230770833333 0.6188701921875001 0.5519230770833333 0.726802884375 0.69294871875 0.726802884375 0.69294871875 0.6188701921875001
4 0.5036858979166666 0.6411057687499999 0.33125 0.6411057687499999 0.33125 0.753846153125 0.5036858979166666 0.753846153125 0.5036858979166666 0.6411057687499999
4 0.6442307687500001 0.7115384609375 0.5375 0.7115384609375 0.5375 0.7865384609375 0.6442307687500001 0.7865384609375 0.6442307687500001 0.7115384609375
4 0.5065705125 0.7543269234375 0.36971153749999996 0.7543269234375 0.36971153749999996 0.8591346156249999 0.5065705125 0.8591346156249999 0.5065705125 0.7543269234375
3 0.3227564104166667 0.34867788437499997 0.26698717916666664 0.34867788437499997 0.26698717916666664 0.3900240390625 0.3227564104166667 0.3900240390625 0.3227564104166667 0.34867788437499997
3 0.21217948749999999 0.3615384609375 0.15128205208333334 0.3615384609375 0.15128205208333334 0.4048076921875 0.21217948749999999 0.4048076921875 0.21217948749999999 0.3615384609375
4 0.21233974375 0.4121394234375 0.15849358958333332 0.4121394234375 0.15849358958333332 0.45108173125000006 0.21233974375 0.45108173125000006 0.21233974375 0.4121394234375
4 0.33076923124999996 0.39927884687500004 0.2778846145833333 0.39927884687500004 0.2778846145833333 0.43822115312500004 0.33076923124999996 0.43822115312500004 0.33076923124999996 0.39927884687500004
4 0.34791666666666665 0.4155048078125 0.3088141020833334 0.4155048078125 0.3088141020833334 0.44459134687499996 0.34791666666666665 0.44459134687499996 0.34791666666666665 0.4155048078125
4 0.045032052083333336 0.4780048078125 0.00048076875 0.4780048078125 0.00048076875 0.5094951921875001 0.045032052083333336 0.5094951921875001 0.045032052083333336 0.4780048078125
4 0.08509615416666666 0.5027644234374999 0.04663461458333333 0.5027644234374999 0.04663461458333333 0.5292067312500001 0.08509615416666666 0.5292067312500001 0.08509615416666666 0.5027644234374999
4 0.07339743541666667 0.5239182687499999 0.0253205125 0.5239182687499999 0.0253205125 0.558533653125 0.07339743541666667 0.558533653125 0.07339743541666667 0.5239182687499999