4 0.7905092583333333 0.12115575468749999 0.5722552916666667 0.12115575468749999 0.5722552916666667 0.27666170625 0.7905092583333333 0.27666170625 0.7905092583333333 0.12115575468749999
5 0.58068783125 0.21825396874999997 0.41699735416666667 0.21825396874999997 0.41699735416666667 0.3266369046875 0.58068783125 0.3266369046875 0.58068783125 0.21825396874999997
4 0.4113756604166667 0.07862103125 0.2523148145833333 0.07862103125 0.2523148145833333 0.2306547625 0.4113756604166667 0.2306547625 0.4113756604166667 0.07862103125
5 0.4262566145833333 0.22581845312499998 0.30522486875 0.22581845312499998 0.30522486875 0.3121279765625 0.4262566145833333 0.3121279765625 0.4262566145833333 0.22581845312499998
4 0.3338293645833333 0.260292659375 0.167824075 0.260292659375 0.167824075 0.37611607187499996 0.3338293645833333 0.37611607187499996 0.3338293645833333 0.260292659375
4 0.44411375625 0.3121279765625 0.29563492083333337 0.3121279765625 0.29563492083333337 0.4939236109375 0.44411375625 0.4939236109375 0.44411375625 0.3121279765625
4 0.5671296291666666 0.3466021828125 0.39417989374999995 0.3466021828125 0.39417989374999995 0.49541170625 0.5671296291666666 0.49541170625 0.5671296291666666 0.3466021828125
4 0.35830026458333336 0.4195188484375 0.20122354583333332 0.4195188484375 0.20122354583333332 0.535590278125 0.35830026458333336 0.535590278125 0.35830026458333336 0.4195188484375
4 0.6349206354166667 0.44332837343750003 0.4864417979166667 0.44332837343750003 0.4864417979166667 0.554439484375 0.6349206354166667 0.554439484375 0.6349206354166667 0.44332837343750003
4 0.5231481479166666 0.49652777812500004 0.36177248749999996 0.49652777812500004 0.36177248749999996 0.6197916671875 0.5231481479166666 0.6197916671875 0.5231481479166666 0.49652777812500004
4 0.4307209 0.49280753906249997 0.33680555624999997 0.49280753906249997 0.33680555624999997 0.5828373015625 0.4307209 0.5828373015625 0.4307209 0.49280753906249997
4 0.5977182541666667 0.5731646828125 0.46544312083333333 0.5731646828125 0.46544312083333333 0.6758432546875001 0.5977182541666667 0.6758432546875001 0.5977182541666667 0.5731646828125
4 0.5431547625 0.666170634375 0.44196428541666666 0.666170634375 0.44196428541666666 0.75 0.5431547625 0.75 0.5431547625 0.666170634375
4 0.4517195770833334 0.6113591265625 0.3230820104166667 0.6113591265625 0.3230820104166667 0.712549603125 0.4517195770833334 0.712549603125 0.4517195770833334 0.6113591265625