4 1 0.5618799609375 0.9113756604166666 0.5618799609375 0.9113756604166666 0.679439484375 1 0.679439484375 1 0.5618799609375
4 0.9968584645833333 0.40699404687499996 0.8711970895833333 0.40699404687499996 0.8711970895833333 0.50595238125 0.9968584645833333 0.50595238125 0.9968584645833333 0.40699404687499996
4 0.9487433854166666 0.620163690625 0.8508597874999999 0.620163690625 0.8508597874999999 0.6906001984375 0.9487433854166666 0.6906001984375 0.9487433854166666 0.620163690625
4 0.9930555562500001 0.2172619046875 0.8680555562500001 0.2172619046875 0.8680555562500001 0.3045634921875 0.9930555562500001 0.3045634921875 0.9930555562500001 0.2172619046875
4 0.7475198416666667 0.0873015875 0.6645171958333334 0.0873015875 0.6645171958333334 0.1671626984375 0.7475198416666667 0.1671626984375 0.7475198416666667 0.0873015875
4 0.6412037041666667 0.083829365625 0.5155423270833334 0.083829365625 0.5155423270833334 0.21602182499999997 0.6412037041666667 0.21602182499999997 0.6412037041666667 0.083829365625
5 0.7850529104166667 0.4925595234375 0.5380290999999999 0.4925595234375 0.5380290999999999 0.684771825 0.7850529104166667 0.684771825 0.7850529104166667 0.4925595234375
4 0.6165674604166667 0.4704861109375 0.4961970895833333 0.4704861109375 0.4961970895833333 0.5642361109375 0.6165674604166667 0.5642361109375 0.6165674604166667 0.4704861109375
5 0.5357142854166667 0.3592509921875 0.30820105833333333 0.3592509921875 0.30820105833333333 0.5350942453124999 0.5357142854166667 0.5350942453124999 0.5357142854166667 0.3592509921875
4 0.511574075 0.5130208328125 0.3462301583333333 0.5130208328125 0.3462301583333333 0.63231646875 0.511574075 0.63231646875 0.511574075 0.5130208328125
4 0.5962301583333333 0.6708829359374999 0.4728835979166667 0.6708829359374999 0.4728835979166667 0.7728174609375 0.5962301583333333 0.7728174609375 0.5962301583333333 0.6708829359374999
5 0.3174603166666667 0.42919146875 0.12962962916666668 0.42919146875 0.12962962916666668 0.5665922625 0.3174603166666667 0.5665922625 0.3174603166666667 0.42919146875
4 0.2911706354166667 0.22705853125000003 0.12185846458333334 0.22705853125000003 0.12185846458333334 0.3622271828125 0.2911706354166667 0.3622271828125 0.2911706354166667 0.22705853125000003
4 0.3424272479166667 0.0233134921875 0.18402777708333332 0.0233134921875 0.18402777708333332 0.13219246093749998 0.3424272479166667 0.13219246093749998 0.3424272479166667 0.0233134921875
4 0.5014880958333333 0.11185515937499999 0.3781415354166667 0.11185515937499999 0.3781415354166667 0.212549603125 0.5014880958333333 0.212549603125 0.5014880958333333 0.11185515937499999