4 0.43269230833333333 0.3847355765625 0.3128205125 0.3847355765625 0.3128205125 0.4746394234375 0.43269230833333333 0.4746394234375 0.43269230833333333 0.3847355765625
5 0.24054487083333334 0.39086538437499996 0.093108975 0.39086538437499996 0.093108975 0.48701923125 0.24054487083333334 0.48701923125 0.24054487083333334 0.39086538437499996
4 0.3161858979166666 0.51141826875 0.194391025 0.51141826875 0.194391025 0.5957932687499999 0.3161858979166666 0.5957932687499999 0.3161858979166666 0.51141826875
3 0.588141025 0.6817307687499999 0.4996794875 0.6817307687499999 0.4996794875 0.7415865390625 0.588141025 0.7415865390625 0.588141025 0.6817307687499999
4 0.3737179479166667 0.56514423125 0.2766025645833333 0.56514423125 0.2766025645833333 0.6389423078124999 0.3737179479166667 0.6389423078124999 0.3737179479166667 0.56514423125
4 0.42628205208333336 0.5900240390625 0.3733974354166667 0.5900240390625 0.3733974354166667 0.6328125 0.42628205208333336 0.6328125 0.42628205208333336 0.5900240390625
4 0.47516025624999997 0.546875 0.40112179583333335 0.546875 0.40112179583333335 0.6009615390625 0.47516025624999997 0.6009615390625 0.47516025624999997 0.546875
5 0.46987179583333333 0.48954326875 0.43141025625 0.48954326875 0.43141025625 0.5169471156250001 0.46987179583333333 0.5169471156250001 0.46987179583333333 0.48954326875
4 0.999358975 0.59891826875 0.9282051291666666 0.59891826875 0.9282051291666666 0.6587740390625 0.999358975 0.6587740390625 0.999358975 0.59891826875
3 0.6669871791666666 0.68125 0.5865384625 0.68125 0.5865384625 0.7358173078125 0.6669871791666666 0.7358173078125 0.6669871791666666 0.68125
4 0.6088141020833333 0.7209134609375 0.5671474354166667 0.7209134609375 0.5671474354166667 0.7569711531250001 0.6088141020833333 0.7569711531250001 0.6088141020833333 0.7209134609375
4 0.5716346145833333 0.7324519234375 0.49182692291666663 0.7324519234375 0.49182692291666663 0.78485576875 0.5716346145833333 0.78485576875 0.5716346145833333 0.7324519234375
4 0.78076923125 0.645552884375 0.7326923083333334 0.645552884375 0.7326923083333334 0.682572115625 0.78076923125 0.682572115625 0.78076923125 0.645552884375
5 0.7961538458333333 0.676322115625 0.7 0.676322115625 0.7 0.75420673125 0.7961538458333333 0.75420673125 0.7961538458333333 0.676322115625
4 0.8594551291666667 0.6954326921875 0.7956730770833332 0.6954326921875 0.7956730770833332 0.7449519234374999 0.8594551291666667 0.7449519234374999 0.8594551291666667 0.6954326921875
4 0.811858975 0.7640625 0.7455128208333334 0.7640625 0.7455128208333334 0.8186298078125 0.811858975 0.8186298078125 0.811858975 0.7640625
4 0.9977564104166666 0.725841346875 0.88076923125 0.725841346875 0.88076923125 0.8150240390624999 0.9977564104166666 0.8150240390624999 0.9977564104166666 0.725841346875