3 0.5117777995824635 0.667778778125 0.3355257056367432 0.6585544750000001 0.32235951148225467 0.7994743046874999 0.49861160334029225 0.8086986078124999 0.5117777995824635 0.667778778125
4 0 0.6814541359375 0.04367316910229645 0.6837398078125 0.050899728601252615 0.606392834375 0 0.6037289546875 0 0.6814541359375
5 0.5975990668058455 0.5371828765625 0.44895272442588724 0.5294033453125 0.4382118810020877 0.6443642578125 0.586858223382046 0.652143790625 0.5975990668058455 0.5371828765625
5 0.4083519832985386 0.48242678124999994 0.21404997912317328 0.47225782031249997 0.2005125553235908 0.617150953125 0.39481455949895616 0.6273199140625 0.4083519832985386 0.48242678124999994
3 0.4946339373695198 0.4306449 0.39093541753653444 0.42521775 0.3836346137787056 0.503359384375 0.487333133611691 0.508786534375 0.4946339373695198 0.4306449
5 0.4334007035490606 0.393235803125 0.3594314509394572 0.38936455937500003 0.3538630417536534 0.44896411093750005 0.4278322922755741 0.45283535468749997 0.4334007035490606 0.393235803125
4 0.7349007118997912 0.382796121875 0.5798838121085594 0.37468318125 0.5683015198329854 0.49865024843750005 0.7233184196242171 0.506763190625 0.7349007118997912 0.382796121875
4 0.5823872108559499 0.3688251 0.424892872651357 0.3605825 0.4132363361169102 0.4853442296875 0.5707306722338205 0.4935868296875 0.5823872108559499 0.3688251
4 0.630330649269311 0.2953392640625 0.4756676701461378 0.2872448453125 0.46507531732776614 0.4006164375 0.6197382964509395 0.4087108546875 0.630330649269311 0.2953392640625
4 0.7209908246346555 0.246182159375 0.5964110334029228 0.2396621703125 0.5875263256784969 0.334756565625 0.7121061169102297 0.34127655468749996 0.7209908246346555 0.246182159375
4 0.47843351774530274 0.3052238015625 0.3910153152400835 0.3006486953125 0.3844569645093946 0.370843721875 0.4718751691022965 0.375418828125 0.47843351774530274 0.3052238015625
4 0.6159681795407098 0.23589443281250003 0.5264264530271399 0.231208190625 0.5199423486430063 0.30060855625 0.6094840751565762 0.30529479843749996 0.6159681795407098 0.23589443281250003
4 0.3948253674321503 0.265578965625 0.31483947807933194 0.2613928359375 0.30902358455114826 0.32364125625 0.3890094739039666 0.3278273859375 0.3948253674321503 0.265578965625
4 0.4319831503131524 0.24662835312500003 0.3689854154488518 0.2433313125 0.3650751544885178 0.2851834421875 0.42807288935281834 0.2884804828125 0.4319831503131524 0.24662835312500003
4 0.5076625532359081 0.23980872187500002 0.44643441753653446 0.2366042953125 0.44242516283924843 0.279515971875 0.5036532985386222 0.2827203984375 0.5076625532359081 0.23980872187500002
4 0.45045734237995827 0.20686935 0.37401065344467643 0.202868446875 0.368392745302714 0.262997771875 0.4448394363256785 0.266998675 0.45045734237995827 0.20686935
4 0.5622609937369519 0.12554604062500002 0.40830585177453027 0.11748866718749999 0.3970947870563674 0.23748243125 0.5510499269311065 0.2455398046875 0.5622609937369519 0.12554604062500002
4 0.6668170542797495 0.1236980625 0.5457764613778705 0.11736329999999999 0.5362482943632568 0.21934475468749998 0.6572888872651358 0.22567951718749998 0.6668170542797495 0.1236980625