4 0.99371693125 0.5699404765625 0.9014550270833334 0.5699404765625 0.9014550270833334 0.6515376984375 0.99371693125 0.6515376984375 0.99371693125 0.5699404765625
3 0.9472552916666667 0.273685515625 0.8159722229166667 0.273685515625 0.8159722229166667 0.364459325 0.9472552916666667 0.364459325 0.9472552916666667 0.273685515625
4 0.8128306875 0.46180555625 0.6924603166666666 0.46180555625 0.6924603166666666 0.5352182546875001 0.8128306875 0.5352182546875001 0.8128306875 0.46180555625
4 0.8189484125 0.55146329375 0.7514880958333333 0.55146329375 0.7514880958333333 0.6003224203124999 0.8189484125 0.6003224203124999 0.8189484125 0.55146329375
3 0.6102843916666667 0.2388392859375 0.47602513125 0.2388392859375 0.47602513125 0.327876984375 0.6102843916666667 0.327876984375 0.6102843916666667 0.2388392859375
3 0.5838293645833333 0.39955357187499996 0.5193452375000001 0.39955357187499996 0.5193452375000001 0.487351190625 0.5838293645833333 0.487351190625 0.5838293645833333 0.39955357187499996
4 0.58151455 0.5235615078125 0.47205687916666667 0.5235615078125 0.47205687916666667 0.6026785718750001 0.58151455 0.6026785718750001 0.58151455 0.5235615078125
4 0.4952050270833333 0.39248511875 0.3764880958333333 0.39248511875 0.3764880958333333 0.4844990078125 0.4952050270833333 0.4844990078125 0.4952050270833333 0.39248511875
4 0.43171296249999996 0.45882936562500004 0.31200396875 0.45882936562500004 0.31200396875 0.5426587296875 0.43171296249999996 0.5426587296875 0.43171296249999996 0.45882936562500004
4 0.40294312083333333 0.5368303578125 0.2911706354166667 0.5368303578125 0.2911706354166667 0.6283482140625 0.40294312083333333 0.6283482140625 0.40294312083333333 0.5368303578125
4 0.38591269791666666 0.6994047625 0.299603175 0.6994047625 0.299603175 0.781994046875 0.38591269791666666 0.781994046875 0.38591269791666666 0.6994047625
4 0.2670304229166666 0.903769840625 0.20320767291666667 0.903769840625 0.20320767291666667 0.96552579375 0.2670304229166666 0.96552579375 0.2670304229166666 0.903769840625
5 0.17857142916666666 0.8914930562500001 0.11011904791666667 0.8914930562500001 0.11011904791666667 0.9567212296875001 0.17857142916666666 0.9567212296875001 0.17857142916666666 0.8914930562500001