5 0.8399470895833333 0.2655009921875 0.6537698416666667 0.2655009921875 0.6537698416666667 0.40414186562500004 0.8399470895833333 0.40414186562500004 0.8399470895833333 0.2655009921875
5 0.5907738104166668 0.3231646828125 0.4161706354166667 0.3231646828125 0.4161706354166667 0.4583333328125 0.5907738104166668 0.4583333328125 0.5907738104166668 0.3231646828125
5 0.6165674604166667 0.1915922625 0.47139550208333336 0.1915922625 0.47139550208333336 0.31684027812500004 0.6165674604166667 0.31684027812500004 0.6165674604166667 0.1915922625
5 0.4130291 0.24280753906250002 0.24537037083333332 0.24280753906250002 0.24537037083333332 0.3702876984375 0.4130291 0.3702876984375 0.4130291 0.24280753906250002
4 0.33779761875 0.372023809375 0.18468915416666667 0.372023809375 0.18468915416666667 0.48859127031250005 0.33779761875 0.48859127031250005 0.33779761875 0.372023809375
4 0.26471560833333335 0.47978670625 0.13740079375 0.47978670625 0.13740079375 0.5636160718750001 0.26471560833333335 0.5636160718750001 0.26471560833333335 0.47978670625
4 0.5466269833333333 0.41803075468750006 0.38194444375000003 0.41803075468750006 0.38194444375000003 0.5311259921875 0.5466269833333333 0.5311259921875 0.5466269833333333 0.41803075468750006
4 0.43931878333333335 0.5276537703125 0.32457010625000005 0.5276537703125 0.32457010625000005 0.626612103125 0.43931878333333335 0.626612103125 0.43931878333333335 0.5276537703125
4 0.29100529166666667 0.5427827375 0.1878306875 0.5427827375 0.1878306875 0.61669146875 0.29100529166666667 0.61669146875 0.29100529166666667 0.5427827375
4 0.30505952291666666 0.6032986109375 0.23826058125 0.6032986109375 0.23826058125 0.661582340625 0.30505952291666666 0.661582340625 0.30505952291666666 0.6032986109375
4 0.38045635 0.6015625 0.27265211666666667 0.6015625 0.27265211666666667 0.6888640875 0.38045635 0.6888640875 0.38045635 0.6015625
4 0.57523148125 0.5350942453124999 0.41385582083333333 0.5350942453124999 0.41385582083333333 0.65438988125 0.57523148125 0.65438988125 0.57523148125 0.5350942453124999
4 0.5737433854166666 0.6474454359374999 0.41931216875000005 0.6474454359374999 0.41931216875000005 0.757068453125 0.5737433854166666 0.757068453125 0.5737433854166666 0.6474454359374999
5 0.8043981479166666 0.4309275796875 0.6397156083333333 0.4309275796875 0.6397156083333333 0.554935515625 0.8043981479166666 0.554935515625 0.8043981479166666 0.4309275796875
4 0.75 0.5543154765625 0.6111111104166667 0.5543154765625 0.6111111104166667 0.6550099203124999 0.75 0.6550099203124999 0.75 0.5543154765625
4 0.76785714375 0.666790675 0.6382275125 0.666790675 0.6382275125 0.757068453125 0.76785714375 0.757068453125 0.76785714375 0.666790675
4 0.66848545 0.711681546875 0.5676256604166666 0.711681546875 0.5676256604166666 0.7907986109375 0.66848545 0.7907986109375 0.66848545 0.711681546875
4 0.6031746041666667 0.7721974203124999 0.5132275125 0.7721974203124999 0.5132275125 0.835689484375 0.6031746041666667 0.835689484375 0.6031746041666667 0.7721974203124999
4 0.5791997354166667 0.7372271828125 0.4535383604166666 0.7372271828125 0.4535383604166666 0.8136160718750001 0.5791997354166667 0.8136160718750001 0.5791997354166667 0.7372271828125