1 0.43990384687499995 0.09583333333333334 0.303365384375 0.09583333333333334 0.303365384375 0.2961538458333333 0.43990384687499995 0.2961538458333333 0.43990384687499995 0.09583333333333334
1 0.2746394234375 0.0625 0.183533653125 0.0625 0.183533653125 0.19294871875 0.2746394234375 0.19294871875 0.2746394234375 0.0625
1 0.3566105765625 0.15144230833333333 0.24338942343749997 0.15144230833333333 0.24338942343749997 0.31298076875 0.3566105765625 0.31298076875 0.3566105765625 0.15144230833333333
1 0.4697115390625 0.23573717916666667 0.35625 0.23573717916666667 0.35625 0.3703525645833333 0.4697115390625 0.3703525645833333 0.4697115390625 0.23573717916666667
0 0.3425480765625 0.46217948750000004 0.1894230765625 0.46217948750000004 0.1894230765625 0.6352564104166666 0.3425480765625 0.6352564104166666 0.3425480765625 0.46217948750000004
0 0.2378605765625 0.5607371791666667 0.0842548078125 0.5607371791666667 0.0842548078125 0.7591346145833333 0.2378605765625 0.7591346145833333 0.2378605765625 0.5607371791666667
1 0.10120192343750001 0.5642628208333333 0.029326923437500003 0.5642628208333333 0.029326923437500003 0.6459935895833334 0.10120192343750001 0.6459935895833334 0.10120192343750001 0.5642628208333333
1 0.3203125 0.6299679479166667 0.2155048078125 0.6299679479166667 0.2155048078125 0.7684294875000001 0.3203125 0.7684294875000001 0.3203125 0.6299679479166667
1 0.2556490390625 0.7774038458333333 0.2092548078125 0.7774038458333333 0.2092548078125 0.8334935895833334 0.2556490390625 0.8334935895833334 0.2556490390625 0.7774038458333333
1 0.9181490390624999 0.6987179479166666 0.8030048078125 0.6987179479166666 0.8030048078125 0.838141025 0.9181490390624999 0.838141025 0.9181490390624999 0.6987179479166666
0 0.8490384609375001 0.625 0.7550480765625001 0.625 0.7550480765625001 0.8028846145833334 0.8490384609375001 0.8028846145833334 0.8490384609375001 0.625
2 0.7591346156250001 0.6017628208333333 0.671153846875 0.6017628208333333 0.671153846875 0.7350961541666667 0.7591346156250001 0.7350961541666667 0.7591346156250001 0.6017628208333333
2 0.8276442312500001 0.5104166666666666 0.713221153125 0.5104166666666666 0.713221153125 0.6450320520833334 0.8276442312500001 0.6450320520833334 0.8276442312500001 0.5104166666666666
0 0.67451923125 0.5121794875 0.6262019234375 0.5121794875 0.6262019234375 0.56955128125 0.67451923125 0.56955128125 0.67451923125 0.5121794875
2 0.066947115625 0.6410256416666668 0.0313701921875 0.6410256416666668 0.0313701921875 0.7035256416666668 0.066947115625 0.7035256416666668 0.066947115625 0.6410256416666668
1 0.5548076921875 0.9782051291666666 0.49927884687499996 0.9782051291666666 0.49927884687499996 0.9996794875 0.5548076921875 0.9996794875 0.5548076921875 0.9782051291666666