3 0.5601851854166667 0.17782738125 0.3852513229166667 0.17782738125 0.3852513229166667 0.325396825 0.5601851854166667 0.325396825 0.5601851854166667 0.17782738125
3 0.343088625 0.2921626984375 0.19659391458333333 0.2921626984375 0.19659391458333333 0.40674603125 0.343088625 0.40674603125 0.343088625 0.2921626984375
5 0.5610119041666667 0.40228174531249994 0.4214616395833334 0.40228174531249994 0.4214616395833334 0.512896825 0.5610119041666667 0.512896825 0.5610119041666667 0.40228174531249994
4 0.4075727520833333 0.4195188484375 0.27496693125 0.4195188484375 0.27496693125 0.5159970234375 0.4075727520833333 0.5159970234375 0.4075727520833333 0.4195188484375
4 0.38723545000000004 0.5400545640625001 0.27281746041666666 0.5400545640625001 0.27281746041666666 0.6258680562500001 0.38723545000000004 0.6258680562500001 0.38723545000000004 0.5400545640625001
4 0.5390211645833334 0.5295138890625 0.4176587291666667 0.5295138890625 0.4176587291666667 0.621527778125 0.5390211645833334 0.621527778125 0.5390211645833334 0.5295138890625
4 0.5097552916666667 0.6484375 0.39831349166666663 0.6484375 0.39831349166666663 0.729042659375 0.5097552916666667 0.729042659375 0.5097552916666667 0.6484375
4 0.46660052916666667 0.7064732140625 0.37235449791666664 0.7064732140625 0.37235449791666664 0.77666170625 0.46660052916666667 0.77666170625 0.46660052916666667 0.7064732140625
4 0.42261904791666666 0.756200396875 0.35119047708333334 0.756200396875 0.35119047708333334 0.806795634375 0.42261904791666666 0.806795634375 0.42261904791666666 0.756200396875
4 0.3814484125 0.6402529765625 0.28290343958333336 0.6402529765625 0.28290343958333336 0.71416170625 0.3814484125 0.71416170625 0.3814484125 0.6402529765625
4 0.3611111104166667 0.7080853171875 0.2999338625 0.7080853171875 0.2999338625 0.7487599203124999 0.3611111104166667 0.7487599203124999 0.3611111104166667 0.7080853171875