3 0.3850859791666667 0.1498015875 0.20023148124999998 0.1498015875 0.20023148124999998 0.2929067453125 0.3850859791666667 0.2929067453125 0.3850859791666667 0.1498015875
5 0.28323412708333334 0.23635912656250002 0.16683201041666665 0.23635912656250002 0.16683201041666665 0.34474206406249996 0.28323412708333334 0.34474206406249996 0.28323412708333334 0.23635912656250002
5 0.35863095208333334 0.3261408734375 0.19163359791666668 0.3261408734375 0.19163359791666668 0.4449404765625 0.35863095208333334 0.4449404765625 0.35863095208333334 0.3261408734375
5 0.6970899479166667 0.1979166671875 0.5380290999999999 0.1979166671875 0.5380290999999999 0.334325396875 0.6970899479166667 0.334325396875 0.6970899479166667 0.1979166671875
4 0.8407738104166668 0.3587549609375 0.6886574083333333 0.3587549609375 0.6886574083333333 0.482762896875 0.8407738104166668 0.482762896875 0.8407738104166668 0.3587549609375
4 0.61871693125 0.36805555624999997 0.4649470895833333 0.36805555624999997 0.4649470895833333 0.48387896875 0.61871693125 0.48387896875 0.61871693125 0.36805555624999997
4 0.47437169375 0.39942956406249996 0.32523148125 0.39942956406249996 0.32523148125 0.5001240078125 0.47437169375 0.5001240078125 0.47437169375 0.39942956406249996
4 0.18253968333333334 0.295262896875 0.040343914583333335 0.295262896875 0.040343914583333335 0.41059027812500004 0.18253968333333334 0.41059027812500004 0.18253968333333334 0.295262896875
4 0.11722883541666666 0.4465525796875 0.0014880958333333334 0.4465525796875 0.0014880958333333334 0.5531994046875 0.11722883541666666 0.5531994046875 0.11722883541666666 0.4465525796875
4 0.31597222291666666 0.4739583328125 0.17542989375 0.4739583328125 0.17542989375 0.580605159375 0.31597222291666666 0.580605159375 0.31597222291666666 0.4739583328125
4 0.45337301666666663 0.5881696421875 0.3230820104166667 0.5881696421875 0.3230820104166667 0.6871279765625 0.45337301666666663 0.6871279765625 0.45337301666666663 0.5881696421875
4 0.6583994708333333 0.504836309375 0.5449735458333334 0.504836309375 0.5449735458333334 0.598586309375 0.6583994708333333 0.598586309375 0.6583994708333333 0.504836309375
4 0.6273148145833333 0.525917659375 0.4791666666666667 0.525917659375 0.4791666666666667 0.645709325 0.6273148145833333 0.645709325 0.6273148145833333 0.525917659375
4 0.4510582020833333 0.7838541671875 0.3422619041666667 0.7838541671875 0.3422619041666667 0.8654513890625 0.4510582020833333 0.8654513890625 0.4510582020833333 0.7838541671875
4 0.6600529104166667 0.631200396875 0.5466269833333333 0.631200396875 0.5466269833333333 0.7232142859375 0.6600529104166667 0.7232142859375 0.6600529104166667 0.631200396875
4 0.6777447083333333 0.7098214281249999 0.57589285625 0.7098214281249999 0.57589285625 0.7948908734375 0.6777447083333333 0.7948908734375 0.6777447083333333 0.7098214281249999
4 0.6489748687500001 0.8193204359375 0.5567129625 0.8193204359375 0.5567129625 0.8984375 0.6489748687500001 0.8984375 0.6489748687500001 0.8193204359375
4 0.5332341270833333 0.7693452375 0.43865740833333333 0.7693452375 0.43865740833333333 0.8385416671874999 0.5332341270833333 0.8385416671874999 0.5332341270833333 0.7693452375
4 0.7981150791666667 0.635292659375 0.6916335979166667 0.635292659375 0.6916335979166667 0.7191220234375 0.7981150791666667 0.7191220234375 0.7981150791666667 0.635292659375
4 0.8260582020833334 0.7627728171875 0.7430555562500001 0.7627728171875 0.7430555562500001 0.83916170625 0.8260582020833334 0.83916170625 0.8260582020833334 0.7627728171875
4 0.9340277770833333 0.63231646875 0.8159722229166667 0.63231646875 0.8159722229166667 0.7225942453124999 0.9340277770833333 0.7225942453124999 0.9340277770833333 0.63231646875