1 0.7285256416666667 0.22776442343749997 0.5160256416666666 0.22776442343749997 0.5160256416666666 0.3931490390625 0.7285256416666667 0.3931490390625 0.7285256416666667 0.22776442343749997
2 0.9121794875 0.26826923125 0.7253205125 0.26826923125 0.7253205125 0.4050480765625 0.9121794875 0.4050480765625 0.9121794875 0.26826923125
1 0.7796474354166667 0.375721153125 0.61169871875 0.375721153125 0.61169871875 0.49375 0.7796474354166667 0.49375 0.7796474354166667 0.375721153125
0 0.41282051249999996 0.6949519234375 0.27948717916666665 0.6949519234375 0.27948717916666665 0.7949519234375 0.41282051249999996 0.7949519234375 0.41282051249999996 0.6949519234375
2 0.34647435833333334 0.503365384375 0.24711538541666667 0.503365384375 0.24711538541666667 0.5740384609375 0.34647435833333334 0.5740384609375 0.34647435833333334 0.503365384375
1 0.39631410208333334 0.5021634609375 0.33669871875 0.5021634609375 0.33669871875 0.5615384609375 0.39631410208333334 0.5615384609375 0.39631410208333334 0.5021634609375
0 0.3405448708333333 0.459375 0.231891025 0.459375 0.231891025 0.5146634609375 0.3405448708333333 0.5146634609375 0.3405448708333333 0.459375
1 0.2184294875 0.40276442343749996 0.13477564166666667 0.40276442343749996 0.13477564166666667 0.4597355765625 0.2184294875 0.4597355765625 0.2184294875 0.40276442343749996
1 0.16201923125 0.39266826875 0.12419871875 0.39266826875 0.12419871875 0.41983173125000006 0.16201923125 0.41983173125000006 0.16201923125 0.39266826875
1 0.24487179583333332 0.3615384609375 0.1634615375 0.3615384609375 0.1634615375 0.416346153125 0.24487179583333332 0.416346153125 0.24487179583333332 0.3615384609375
1 0.34807692291666664 0.3644230765625 0.21698717916666668 0.3644230765625 0.21698717916666668 0.4615384609375 0.34807692291666664 0.4615384609375 0.34807692291666664 0.3644230765625
1 0.3713141020833334 0.3587740390625 0.29823717916666664 0.3587740390625 0.29823717916666664 0.42487980781249995 0.3713141020833334 0.42487980781249995 0.3713141020833334 0.3587740390625
1 0.40608974375 0.3790865390625 0.35993589791666664 0.3790865390625 0.35993589791666664 0.409615384375 0.40608974375 0.409615384375 0.40608974375 0.3790865390625