3 0.6794871791666667 0.08954326875 0.47980769166666665 0.08954326875 0.47980769166666665 0.28040865312499996 0.6794871791666667 0.28040865312499996 0.6794871791666667 0.08954326875
3 0.69455128125 0.2328125 0.5282051291666667 0.2328125 0.5282051291666667 0.3659855765625 0.69455128125 0.3659855765625 0.69455128125 0.2328125
4 0.7947115375 0.31358173125 0.6434294875000001 0.31358173125 0.6434294875000001 0.44290865312500005 0.7947115375 0.44290865312500005 0.7947115375 0.31358173125
4 0.6282051291666666 0.35516826875 0.48333333333333334 0.35516826875 0.48333333333333334 0.485697115625 0.6282051291666666 0.485697115625 0.6282051291666666 0.35516826875
4 0.47868589791666666 0.35420673125 0.3110576916666667 0.35420673125 0.3110576916666667 0.49266826874999997 0.47868589791666666 0.49266826874999997 0.47868589791666666 0.35420673125
4 0.7115384625 0.40829326874999994 0.5961538458333333 0.40829326874999994 0.5961538458333333 0.5118990390625 0.7115384625 0.5118990390625 0.7115384625 0.40829326874999994
4 0.7959935895833333 0.40228365312500003 0.7017628208333334 0.40228365312500003 0.7017628208333334 0.4659855765625 0.7959935895833333 0.4659855765625 0.7959935895833333 0.40228365312500003
4 0.7546474354166667 0.46514423125000004 0.65625 0.46514423125000004 0.65625 0.5485576921875001 0.7546474354166667 0.5485576921875001 0.7546474354166667 0.46514423125000004
4 0.6346153854166666 0.5109375 0.53044871875 0.5109375 0.53044871875 0.5996394234375 0.6346153854166666 0.5996394234375 0.6346153854166666 0.5109375
4 0.74294871875 0.5485576921875001 0.6737179479166666 0.5485576921875001 0.6737179479166666 0.6144230765625001 0.74294871875 0.6144230765625001 0.74294871875 0.5485576921875001
4 0.6573717958333333 0.5957932687499999 0.5817307687500001 0.5957932687499999 0.5817307687500001 0.6756009609375 0.6573717958333333 0.6756009609375 0.6573717958333333 0.5957932687499999
4 0.48669871875 0.4677884609375 0.36394230833333335 0.4677884609375 0.36394230833333335 0.5620192312500001 0.48669871875 0.5620192312500001 0.48669871875 0.4677884609375
4 0.40352564166666666 0.46875 0.23397435833333333 0.46875 0.23397435833333333 0.60576923125 0.40352564166666666 0.60576923125 0.40352564166666666 0.46875
4 0.33541666666666664 0.590865384375 0.19407051250000001 0.590865384375 0.19407051250000001 0.715865384375 0.33541666666666664 0.715865384375 0.33541666666666664 0.590865384375