3 0.28469196450939455 0.2018205875 0.11282006263048017 0.19957524843750002 0.10976548225469729 0.3305494484375 0.28163738413361167 0.3327947875 0.28469196450939455 0.2018205875
3 0.40426854697286013 0.3437549953125 0.2495838350730689 0.34173418906249997 0.2469315323590814 0.45545955625 0.40161624217118996 0.45748036093750005 0.40426854697286013 0.3437549953125
3 0.5861285803757829 0.4035957109375 0.44589673277661795 0.40176371875 0.44333988517745304 0.5113961421875 0.583571732776618 0.513228134375 0.5861285803757829 0.4035957109375
5 0.7594081085594989 0.42925481718749997 0.6062858705636743 0.42725442343750003 0.6037290208768267 0.5368868453125 0.756851260960334 0.5388872390625 0.7594081085594989 0.42925481718749997
3 0.760284599164927 0.307902753125 0.5884126972860124 0.3056574140625 0.5854944822546974 0.43078455312499997 0.7573663820459291 0.43302989218750004 0.760284599164927 0.307902753125
5 0.3924547536534447 0.46496417343749996 0.302222006263048 0.4637853703125 0.29983561377870566 0.5661089640625 0.39006836325678496 0.5672877671875 0.3924547536534447 0.46496417343749996
4 0.25530916075156573 0.33917700625 0.10609310020876828 0.33722764375000003 0.10337943215031316 0.4535841890625 0.25259549269311066 0.45553355 0.25530916075156573 0.33917700625
4 0.17731773903966597 0.44139022031249997 0.04958566597077244 0.43972152500000006 0.0469810897703549 0.551400421875 0.17471316283924845 0.5530691171875 0.17731773903966597 0.44139022031249997
4 0 0.6374957718750001 0.09359141336116909 0.638718453125 0.09574598329853863 0.5463348640625 0 0.5450840359375 0 0.6374957718750001
4 0.3439660041753653 0.45818942968750004 0.2017810668058455 0.45633192187500005 0.19884921503131522 0.582043765625 0.3410341503131524 0.5839012734375 0.3439660041753653 0.45818942968750004
4 0.16027304592901878 0.60259564375 0.08878996033402924 0.6016617875 0.08683993736951984 0.68527478125 0.15832302296450937 0.6862086390625 0.16027304592901878 0.60259564375
4 0.2672097766179541 0.5744560062499999 0.14025894154488516 0.5727975171875 0.13725890605427976 0.7014328937500001 0.26420974112734863 0.7030913828124999 0.2672097766179541 0.5744560062499999
4 0.38010859498956157 0.57549225625 0.26487629645093946 0.5739868593749999 0.26250354070981213 0.675725746875 0.37773583924843424 0.6772311453125 0.38010859498956157 0.57549225625
4 0.3677220668058455 0.7212590953125 0.26733325260960333 0.7199476140625001 0.26537641127348643 0.8038529625 0.3657652275574113 0.8051644437500001 0.3677220668058455 0.7212590953125
4 0.4900967995824635 0.59242858125 0.35494298538622127 0.590662928125 0.3523997745302714 0.6997106453125 0.4875535866388309 0.7014762984375 0.4900967995824635 0.59242858125
4 0.5576778997912318 0.484230521875 0.41978976200417534 0.4824291484375 0.417389732776618 0.5853374484375 0.5552778705636743 0.587138821875 0.5576778997912318 0.484230521875
4 0.5567647974947808 0.5568904796874999 0.4341107599164927 0.555288125 0.4322561941544885 0.6348081734375 0.554910229645094 0.6364105296875 0.5567647974947808 0.5568904796874999
4 0.6885223695198329 0.553494025 0.5603996784968684 0.551820228125 0.5580132881002088 0.654143821875 0.6861359770354906 0.6558176203125 0.6885223695198329 0.553494025
4 0.6501285219206681 0.6667524625000001 0.5341149895615867 0.665236859375 0.5313535929018789 0.7836398765625 0.6473671252609603 0.7851554796875 0.6501285219206681 0.6667524625000001
4 0.5623329603340292 0.6448421046874999 0.4646784718162839 0.64356634375 0.46278981419624216 0.7245481593750001 0.5604443006263048 0.7258239203125 0.5623329603340292 0.6448421046874999
4 0.5307636096033403 0.6916590968749999 0.4155313131524008 0.6901536984375001 0.4128926471816284 0.8032943593749999 0.5281249436325678 0.8047997578125001 0.5307636096033403 0.6916590968749999
4 0.4457472379958246 0.7013688015625 0.38910763465553233 0.7006288609375 0.386734878914405 0.8023677499999999 0.4433744822546973 0.803107690625 0.4457472379958246 0.7013688015625
4 0.8659284801670146 0.44409874218749995 0.7862424175365345 0.443057721875 0.7850764947807933 0.49305010625 0.8647625574112735 0.494091128125 0.8659284801670146 0.44409874218749995
4 1 0.359287365625 0.8536891315240084 0.35737595624999996 0.8504913674321503 0.494489571875 1 0.4964427578125 1 0.359287365625
4 0.933360872651357 0.5265710546875 0.7704731858037578 0.5244430859375 0.7675890605427975 0.6481084593750001 0.9304767473903967 0.650236428125 0.933360872651357 0.5265710546875
4 0.906285707724426 0.6487506265625 0.996579490605428 0.6499302265625 0.9982840563674321 0.5768419453125 0.9079902734864301 0.5756623453125 0.906285707724426 0.6487506265625
4 0.8435488413361169 0.7502858015625 0.9941930981210857 0.752253821875 0.9972340438413362 0.6218643265625 0.8465897870563674 0.6198963046875 0.8435488413361169 0.7502858015625
4 0.8955863590814196 0.8059447531249999 0.9929112651356994 0.807216209375 0.9951476555323591 0.7113243828125 0.8978227494780794 0.710052928125 0.8955863590814196 0.8059447531249999