5 0.46676587291666666 0.5672123015625 0.22668650833333331 0.5672123015625 0.22668650833333331 0.7450396828125 0.46676587291666666 0.7450396828125 0.46676587291666666 0.5672123015625
5 0.44560185208333336 0.47234622968749995 0.2577711645833333 0.47234622968749995 0.2577711645833333 0.5807291671875 0.44560185208333336 0.5807291671875 0.44560185208333336 0.47234622968749995
5 0.28587962916666665 0.6056547625 0.15823412708333334 0.6056547625 0.15823412708333334 0.7428075390625 0.28587962916666665 0.7428075390625 0.28587962916666665 0.6056547625
5 0.5218253958333333 0.44146825468750006 0.42658730208333334 0.44146825468750006 0.42658730208333334 0.5069444437499999 0.5218253958333333 0.5069444437499999 0.5218253958333333 0.44146825468750006
4 0.2306547625 0.7253224203124999 0.07291666666666667 0.7253224203124999 0.07291666666666667 0.8322172625 0.2306547625 0.8322172625 0.2306547625 0.7253224203124999
4 0.3501984125 0.8225446421875 0.24272486875 0.8225446421875 0.24272486875 0.9001736109375 0.3501984125 0.9001736109375 0.3501984125 0.8225446421875
4 0.4406415354166667 0.71552579375 0.36921296249999996 0.71552579375 0.36921296249999996 0.7591765875 0.4406415354166667 0.7591765875 0.4406415354166667 0.71552579375
4 0.4948743395833333 0.7803819437499999 0.36226851875 0.7803819437499999 0.36226851875 0.8850446421875 0.4948743395833333 0.8850446421875 0.4948743395833333 0.7803819437499999
4 0.5449735458333334 0.8850446421875 0.45667989374999995 0.8850446421875 0.45667989374999995 0.9497767859374999 0.5449735458333334 0.9497767859374999 0.5449735458333334 0.8850446421875
3 0.09110449791666667 0.666542659375 0.00082671875 0.666542659375 0.00082671875 0.7962549609375 0.09110449791666667 0.7962549609375 0.09110449791666667 0.666542659375
4 0.6704695770833333 0.778769840625 0.5520833333333334 0.778769840625 0.5520833333333334 0.827876984375 0.6704695770833333 0.827876984375 0.6704695770833333 0.778769840625
4 0.7017195770833333 0.664310515625 0.5208333333333334 0.664310515625 0.5208333333333334 0.8007192453125 0.7017195770833333 0.8007192453125 0.7017195770833333 0.664310515625