4 0.5758656583333334 0.48878331093750005 0.6959841145833334 0.51292254375 0.7281697583333333 0.4228337015625 0.6080513020833334 0.39869446875 0.5758656583333334 0.48878331093750005
5 0.7639764979166667 0.5398823625 0.9117157770833334 0.569572328125 0.946138925 0.473220625 0.7983996458333333 0.443530659375 0.7639764979166667 0.5398823625
4 0.6492386395833333 0.633647984375 0.7712841312500001 0.6581744765625 0.80149044375 0.5736258578125 0.6794449520833333 0.5490993640624999 0.6492386395833333 0.633647984375
3 0.32452980625 0.7249761765625 0.413173375 0.74279015625 0.4346017833333333 0.682811221875 0.34595821458333337 0.6649972421875 0.32452980625 0.7249761765625
4 0.5761408166666667 0.665300271875 0.6734560354166667 0.684856921875 0.6998758020833333 0.6109069890625001 0.6025605833333334 0.5913503375 0.5761408166666667 0.665300271875
4 0.5256630270833333 0.64857273125 0.5786564645833334 0.6592223921875 0.5939747645833333 0.6163458859375 0.5409813270833334 0.6056962234375 0.5256630270833333 0.64857273125
4 0.4880869125 0.6068133609374999 0.5622777229166667 0.6217228859375 0.5816407437500001 0.5675250546874999 0.5074499333333333 0.552615528125 0.4880869125 0.6068133609374999
5 0.5234634833333334 0.5236910265625 0.5620041625 0.531436234375 0.5718147604166667 0.503976 0.5332740791666667 0.49623079218750005 0.5234634833333334 0.5236910265625
4 0 0.5708172453125 0.013412885416666666 0.5735127234374999 0.03484129583333333 0.5135337859375 0 0.5065320125 0 0.5708172453125
3 0.24758679791666666 0.7033173984375 0.32820105625 0.7195177921875 0.34773619375000003 0.6648381999999999 0.2671219354166666 0.64863780625 0.24758679791666666 0.7033173984375
4 0.2983064875 0.7362294 0.3400588916666667 0.7446200421875 0.35296757291666664 0.7084881546874999 0.3112151666666667 0.7000975125 0.2983064875 0.7362294
4 0.32557976666666666 0.7716584296875 0.4055516791666667 0.7877297359375001 0.42431229375 0.735218059375 0.34434038125 0.7191467515625 0.32557976666666666 0.7716584296875
4 0.15263243541666668 0.627049734375 0.20080828750000002 0.6367312453125 0.2140612 0.5996358390625 0.16588534583333334 0.5899543281249999 0.15263243541666668 0.627049734375
5 0.11157091666666667 0.6957336703125 0.20792261875 0.715096690625 0.23580536875 0.6370518109375001 0.13945366666666667 0.617688790625 0.11157091666666667 0.6957336703125
4 0.051452606250000005 0.6737124953125 0.11536590416666666 0.6865566328125 0.133093825 0.6369355062500001 0.06918052708333335 0.62409136875 0.051452606250000005 0.6737124953125
4 0.07276996250000001 0.757126684375 0.13925263958333334 0.77048716875 0.158787775 0.715807578125 0.09230509791666666 0.70244709375 0.07276996250000001 0.757126684375
4 0 0.738630090625 0.005008777083333333 0.7396366640625 0.03693624791666667 0.6502704593749999 0 0.6428476812499999 0 0.738630090625