4 0.2771164020833333 0.1550099203125 0.24338624374999998 0.1550099203125 0.24338624374999998 0.18501984062500001 0.2771164020833333 0.18501984062500001 0.2771164020833333 0.1550099203125
4 0.23330026458333333 0.090277778125 0.15625 0.090277778125 0.15625 0.150049603125 0.23330026458333333 0.150049603125 0.23330026458333333 0.090277778125
4 0.22817460416666666 0.047123015625 0.16633597916666665 0.047123015625 0.16633597916666665 0.09697420625 0.22817460416666666 0.09697420625 0.22817460416666666 0.047123015625
4 0.13062169375000002 0.024553571875 0.03869047708333333 0.024553571875 0.03869047708333333 0.093005953125 0.13062169375000002 0.093005953125 0.13062169375000002 0.024553571875
4 0.05291005208333333 0.079737103125 0.004960316666666667 0.079737103125 0.004960316666666667 0.1191716265625 0.05291005208333333 0.1191716265625 0.05291005208333333 0.079737103125
4 0.125 0.1324404765625 0.08101851875 0.1324404765625 0.08101851875 0.1626984125 0.125 0.1626984125 0.125 0.1324404765625
5 0.07490079375 0.14236111093749998 0.027943120833333335 0.14236111093749998 0.027943120833333335 0.177579365625 0.07490079375 0.177579365625 0.07490079375 0.14236111093749998
4 0.219411375 0.1837797625 0.17509920625 0.1837797625 0.17509920625 0.2232142859375 0.219411375 0.2232142859375 0.219411375 0.1837797625
4 0.16633597916666665 0.1861359125 0.11078042291666666 0.1861359125 0.11078042291666666 0.223586309375 0.16633597916666665 0.223586309375 0.16633597916666665 0.1861359125
4 0.19692460416666666 0.2457837296875 0.16054894166666667 0.2457837296875 0.16054894166666667 0.2795138890625 0.19692460416666666 0.2795138890625 0.19692460416666666 0.2457837296875
4 0.16798941875 0.2542162703125 0.11574074166666667 0.2542162703125 0.11574074166666667 0.29092261875 0.16798941875 0.29092261875 0.16798941875 0.2542162703125
4 0.15757275208333335 0.2710813484375 0.08878968333333333 0.2710813484375 0.08878968333333333 0.3189484125 0.15757275208333335 0.3189484125 0.15757275208333335 0.2710813484375
4 0.15310846458333333 0.318204365625 0.1005291 0.318204365625 0.1005291 0.34970238125 0.15310846458333333 0.34970238125 0.15310846458333333 0.318204365625
3 0.3387896833333333 0.49590773749999995 0.24553571458333331 0.49590773749999995 0.24553571458333331 0.552207340625 0.3387896833333333 0.552207340625 0.3387896833333333 0.49590773749999995
5 0.3434193125 0.5456349203124999 0.24685846458333333 0.5456349203124999 0.24685846458333333 0.60887896875 0.3434193125 0.60887896875 0.3434193125 0.5456349203124999
5 0.39550264583333333 0.593501984375 0.30720899375 0.593501984375 0.30720899375 0.6512896828125 0.39550264583333333 0.6512896828125 0.39550264583333333 0.593501984375
5 0.25727513125 0.5731646828125 0.15145502708333333 0.5731646828125 0.15145502708333333 0.6520337296875 0.25727513125 0.6520337296875 0.25727513125 0.5731646828125
3 0.2924933854166667 0.64893353125 0.1800595229166667 0.64893353125 0.1800595229166667 0.713665675 0.2924933854166667 0.713665675 0.2924933854166667 0.64893353125
5 0.2852182541666667 0.6912202375 0.17443783125 0.6912202375 0.17443783125 0.7738095234375 0.2852182541666667 0.7738095234375 0.2852182541666667 0.6912202375
3 0.6962632270833333 0.1949404765625 0.6006944437499999 0.1949404765625 0.6006944437499999 0.2673611109375 0.6962632270833333 0.2673611109375 0.6962632270833333 0.1949404765625
4 0.6152447083333333 0.221726190625 0.5319113750000001 0.221726190625 0.5319113750000001 0.27232142812500004 0.6152447083333333 0.27232142812500004 0.6152447083333333 0.221726190625
4 0.6712962958333333 0.2638888890625 0.58035714375 0.2638888890625 0.58035714375 0.3330853171875 0.6712962958333333 0.3330853171875 0.6712962958333333 0.2638888890625
4 0.6084656083333333 0.2538442453125 0.5370370375 0.2538442453125 0.5370370375 0.3151041671875 0.6084656083333333 0.3151041671875 0.6084656083333333 0.2538442453125
4 0.5957341270833333 0.307415675 0.5180224875 0.307415675 0.5180224875 0.361483134375 0.5957341270833333 0.361483134375 0.5957341270833333 0.307415675
4 0.62582671875 0.333209325 0.5646494708333333 0.333209325 0.5646494708333333 0.3840525796875 0.62582671875 0.3840525796875 0.62582671875 0.333209325
4 0.656911375 0.35106646874999997 0.5825066145833334 0.35106646874999997 0.5825066145833334 0.404637896875 0.656911375 0.404637896875 0.656911375 0.35106646874999997
4 0.6757605812499999 0.37413194375000003 0.6023478833333333 0.37413194375000003 0.6023478833333333 0.42894345312500004 0.6757605812499999 0.42894345312500004 0.6757605812499999 0.37413194375000003
4 0.7676917979166666 0.098834325 0.6681547625 0.098834325 0.6681547625 0.17993551562500001 0.7676917979166666 0.17993551562500001 0.7676917979166666 0.098834325
4 0.7514880958333333 0.249751984375 0.6784060854166667 0.249751984375 0.6784060854166667 0.3070436515625 0.7514880958333333 0.3070436515625 0.7514880958333333 0.249751984375
4 0.7842261895833332 0.2841021828125 0.71312830625 0.2841021828125 0.71312830625 0.32353670625 0.7842261895833332 0.32353670625 0.7842261895833332 0.2841021828125
4 0.7847222229166667 0.302207340625 0.7116402125000001 0.302207340625 0.7116402125000001 0.3396577375 0.7847222229166667 0.3396577375 0.7847222229166667 0.302207340625
4 0.8029100520833333 0.2641369046875 0.749338625 0.2641369046875 0.749338625 0.30282738125 0.8029100520833333 0.30282738125 0.8029100520833333 0.2641369046875
5 0.905588625 0.0375744046875 0.8483796291666666 0.0375744046875 0.8483796291666666 0.08420138906249999 0.905588625 0.08420138906249999 0.905588625 0.0375744046875
4 0.9894179895833334 0.000744046875 0.8994709000000001 0.000744046875 0.8994709000000001 0.0386904765625 0.9894179895833334 0.0386904765625 0.9894179895833334 0.000744046875
4 0.8268849208333333 0.17509920625 0.7425595229166666 0.17509920625 0.7425595229166666 0.2457837296875 0.8268849208333333 0.2457837296875 0.8268849208333333 0.17509920625
4 0.8427579375 0.11259920625 0.7987764541666666 0.11259920625 0.7987764541666666 0.1520337296875 0.8427579375 0.1520337296875 0.8427579375 0.11259920625
4 0.9065806875 0.0896577375 0.8371362437500001 0.0896577375 0.8371362437500001 0.1536458328125 0.9065806875 0.1536458328125 0.9065806875 0.0896577375
4 0.9708994708333333 0.086185515625 0.8819444437499999 0.086185515625 0.8819444437499999 0.155133928125 0.9708994708333333 0.155133928125 0.9708994708333333 0.086185515625
4 0.9330357145833333 0.181795634375 0.88045635 0.181795634375 0.88045635 0.2197420640625 0.9330357145833333 0.2197420640625 0.9330357145833333 0.181795634375
4 0.88773148125 0.2331349203125 0.81200396875 0.2331349203125 0.81200396875 0.2948908734375 0.88773148125 0.2948908734375 0.88773148125 0.2331349203125
4 0.9188161375 0.265625 0.8391203708333334 0.265625 0.8391203708333334 0.32465277812500004 0.9188161375 0.32465277812500004 0.9188161375 0.265625
4 0.8918650791666667 0.2974950390625 0.83101851875 0.2974950390625 0.83101851875 0.33692956406249996 0.8918650791666667 0.33692956406249996 0.8918650791666667 0.2974950390625
3 1 0.38715277812500004 0.9778439145833333 0.38715277812500004 0.9778439145833333 0.42534722187499996 1 0.42534722187499996 1 0.38715277812500004
5 0.8968253958333333 0.3805803578125 0.86276455 0.3805803578125 0.86276455 0.411582340625 0.8968253958333333 0.411582340625 0.8968253958333333 0.3805803578125
4 0.9474206354166667 0.35255456406249996 0.90608465625 0.35255456406249996 0.90608465625 0.3805803578125 0.9474206354166667 0.3805803578125 0.9474206354166667 0.35255456406249996
4 0.9922288354166666 0.0680803578125 0.9284060854166667 0.0680803578125 0.9284060854166667 0.11024305625 0.9922288354166666 0.11024305625 0.9922288354166666 0.0680803578125
4 0.8983134916666666 0.3468501984375 0.8371362437500001 0.3468501984375 0.8371362437500001 0.3882688484375 0.8983134916666666 0.3882688484375 0.8983134916666666 0.3468501984375
4 0.8702050270833334 0.38095238125 0.8232473541666666 0.38095238125 0.8232473541666666 0.41319444375 0.8702050270833334 0.41319444375 0.8702050270833334 0.38095238125
4 0.78753306875 0.16431051562500001 0.7432209000000001 0.16431051562500001 0.7432209000000001 0.19580853125 0.78753306875 0.19580853125 0.78753306875 0.16431051562500001
4 0.3923611104166667 0.729042659375 0.35267857083333337 0.729042659375 0.35267857083333337 0.7627728171875 0.3923611104166667 0.7627728171875 0.3923611104166667 0.729042659375