3 0.70576923125 0.00048076875000000005 0.45544871875 0.00048076875000000005 0.45544871875 0.1454326921875 0.70576923125 0.1454326921875 0.70576923125 0.00048076875000000005
3 0.3644230770833333 0.144591346875 0.11923076875000001 0.144591346875 0.11923076875000001 0.3409855765625 0.3644230770833333 0.3409855765625 0.3644230770833333 0.144591346875
3 0.43333333333333335 0.4048076921875 0.12179487083333333 0.4048076921875 0.12179487083333333 0.6319711531250001 0.43333333333333335 0.6319711531250001 0.43333333333333335 0.4048076921875
4 0.6166666666666667 0.534615384375 0.42403846250000005 0.534615384375 0.42403846250000005 0.6932692312500001 0.6166666666666667 0.6932692312500001 0.6166666666666667 0.534615384375
4 0.3852564104166667 0.63798076875 0.20160256458333334 0.63798076875 0.20160256458333334 0.77235576875 0.3852564104166667 0.77235576875 0.3852564104166667 0.63798076875
4 0.5407051291666666 0.6806490390625 0.3852564104166667 0.6806490390625 0.3852564104166667 0.8001201921875 0.5407051291666666 0.8001201921875 0.5407051291666666 0.6806490390625
4 0.5666666666666667 0.77079326875 0.43333333333333335 0.77079326875 0.43333333333333335 0.8787259609375001 0.5666666666666667 0.8787259609375001 0.5666666666666667 0.77079326875
4 0.4344551291666667 0.77079326875 0.2725961541666667 0.77079326875 0.2725961541666667 0.9006009609375001 0.4344551291666667 0.9006009609375001 0.4344551291666667 0.77079326875
4 0.44294871875 0.8793269234375 0.3272435895833333 0.8793269234375 0.3272435895833333 0.9762019234375 0.44294871875 0.9762019234375 0.44294871875 0.8793269234375
4 0.5508012812499999 0.8611778843750001 0.4399038458333333 0.8611778843750001 0.4399038458333333 0.9395432687499999 0.5508012812499999 0.9395432687499999 0.5508012812499999 0.8611778843750001
4 0.1602564104166667 0.918028846875 0.04038461458333333 0.918028846875 0.04038461458333333 0.9995192312500001 0.1602564104166667 0.9995192312500001 0.1602564104166667 0.918028846875
3 0.09647435833333334 0.8513221156249999 0.0009615375 0.8513221156249999 0.0009615375 0.975841346875 0.09647435833333334 0.975841346875 0.09647435833333334 0.8513221156249999
3 0.14919871875000001 0.7311298078124999 0.00048076875 0.7311298078124999 0.00048076875 0.8431490390624999 0.14919871875000001 0.8431490390624999 0.14919871875000001 0.7311298078124999
5 0.1871794875 0.7855769234375 0.05416666666666667 0.7855769234375 0.05416666666666667 0.885096153125 0.1871794875 0.885096153125 0.1871794875 0.7855769234375
4 0.21650641041666668 0.843028846875 0.10913461458333333 0.843028846875 0.10913461458333333 0.9259615390624999 0.21650641041666668 0.9259615390624999 0.21650641041666668 0.843028846875
3 0.03830128125 0.628846153125 0.00048076875 0.628846153125 0.00048076875 0.7103365390625 0.03830128125 0.7103365390625 0.03830128125 0.628846153125
5 0.8092948708333334 0.6581730765625 0.7307692312499999 0.6581730765625 0.7307692312499999 0.7139423078125 0.8092948708333334 0.7139423078125 0.8092948708333334 0.6581730765625
5 0.7621794875 0.6888221156250001 0.6714743583333332 0.6888221156250001 0.6714743583333332 0.754927884375 0.7621794875 0.754927884375 0.7621794875 0.6888221156250001