3 0.5644870835073069 0.3660258625 0.39596645720250523 0.3998215328125 0.4389546784968685 0.5198965234374999 0.6074753048016701 0.48610085468750003 0.5644870835073069 0.3660258625
3 0.6085091774530271 0.5863075234374999 0.49918101670146137 0.6082325453124999 0.5276953799582463 0.6878790593749999 0.6370235427974947 0.6659540374999999 0.6085091774530271 0.5863075234374999
5 0.46997051148225466 0.376547821875 0.3635534551148225 0.397889040625 0.3970946680584551 0.491576584375 0.5035117244258873 0.4702353640625 0.46997051148225466 0.376547821875
4 0.4791617974947808 0.6409184453125001 0.35754230480167015 0.6653084109375 0.39273024425887265 0.7635956 0.5143497369519833 0.739205634375 0.4791617974947808 0.6409184453125001
4 0.5759694467640919 0.5118792187500001 0.46373018162839247 0.53438804375 0.49094449895615866 0.6104032593750001 0.603183764091858 0.587894434375 0.5759694467640919 0.5118792187500001
4 0.41699244258872653 0.558291171875 0.31219266805845514 0.57930805625 0.3386269561586639 0.6531444921875 0.4434267306889353 0.6321276078125 0.41699244258872653 0.558291171875
4 0.45215665135699373 0.5001240874999999 0.3625593131524008 0.5180922265625 0.3870001962421712 0.58636066875 0.4765975344467641 0.5683925296875 0.45215665135699373 0.5001240874999999
4 0.4084282400835073 0.42300971093750006 0.31721362004175363 0.44130218593750004 0.3432145594989562 0.5139281859375 0.4344291795407098 0.49563571250000005 0.4084282400835073 0.42300971093750006
4 0.44195172233820457 0.3370194171875 0.3478259958246347 0.3558956921875 0.3700134655532359 0.41786988125 0.4641391899791232 0.3989936046875 0.44195172233820457 0.3370194171875
4 0.4932233987473904 0.23475592500000003 0.340552121085595 0.265373115625 0.3849270584551148 0.3893214921875 0.5375983361169103 0.3587043015625 0.4932233987473904 0.23475592500000003
4 0.4692374196242171 0.154201271875 0.3447068225469728 0.179175040625 0.37625462839248436 0.2672945890625 0.5007852275574113 0.242320821875 0.4692374196242171 0.154201271875
4 0.6299609958246346 0.302947978125 0.5228970271398747 0.3244189328125 0.5509780417536534 0.40285501406249996 0.6580420104384133 0.3813840609375 0.6299609958246346 0.302947978125
4 0.6104130104384133 0.239147121875 0.5185514801670146 0.2575693296875 0.5434257118997912 0.327048203125 0.63528724217119 0.308625996875 0.6104130104384133 0.239147121875
4 0.7025167160751566 0.21704379999999998 0.6022453277661795 0.23715254687499998 0.6291129645093946 0.312199415625 0.7293843549060544 0.2920906671875 0.7025167160751566 0.21704379999999998
4 0.7616945803757829 0.405095953125 0.6568948037578287 0.4261128390625 0.6849758204592902 0.504548921875 0.7897755949895615 0.48353203593750005 0.7616945803757829 0.405095953125
4 0.9035543590814197 0.4120642796875 0.7295349791231732 0.4469626875 0.7742565970772444 0.5718794093749999 0.9482759770354906 0.536981003125 0.9035543590814197 0.4120642796875