2 0.2673076916666667 0.14206730781250002 0.15320512916666665 0.14206730781250002 0.15320512916666665 0.23509615312499998 0.2673076916666667 0.23509615312499998 0.2673076916666667 0.14206730781250002
1 0.41875 0.1340144234375 0.27836538541666667 0.1340144234375 0.27836538541666667 0.26670673125 0.41875 0.26670673125 0.41875 0.1340144234375
1 0.33782051249999995 0.1862980765625 0.24391025624999998 0.1862980765625 0.24391025624999998 0.27836538437499997 0.33782051249999995 0.27836538437499997 0.33782051249999995 0.1862980765625
2 0.23894230833333333 0.36358173125 0.1684294875 0.36358173125 0.1684294875 0.4155048078125 0.23894230833333333 0.4155048078125 0.23894230833333333 0.36358173125
0 0.19070512916666665 0.3597355765625 0.13205128124999999 0.3597355765625 0.13205128124999999 0.40324519218750005 0.19070512916666665 0.40324519218750005 0.19070512916666665 0.3597355765625
1 0.13557692291666665 0.26358173125 0.09262820416666666 0.26358173125 0.09262820416666666 0.3015625 0.13557692291666665 0.3015625 0.13557692291666665 0.26358173125
1 0.10849358958333334 0.2796875 0.07195512916666667 0.2796875 0.07195512916666667 0.30901442343749996 0.10849358958333334 0.30901442343749996 0.10849358958333334 0.2796875
1 0.06442307708333334 0.20733173124999998 0.023717947916666666 0.20733173124999998 0.023717947916666666 0.23834134687500003 0.06442307708333334 0.23834134687500003 0.06442307708333334 0.20733173124999998
1 0.09150641041666667 0.22944711562500003 0.05817307708333333 0.22944711562500003 0.05817307708333333 0.251802884375 0.09150641041666667 0.251802884375 0.09150641041666667 0.22944711562500003
2 0 0.21538461562500003 0.020512820833333334 0.21538461562500003 0.020512820833333334 0.193509615625 0 0.193509615625 0 0.21538461562500003
0 0.7472756416666667 0.5484375 0.5200320520833334 0.5484375 0.5200320520833334 0.713341346875 0.7472756416666667 0.713341346875 0.7472756416666667 0.5484375
2 0.4040064104166667 0.7572115390625 0.3610576916666667 0.7572115390625 0.3610576916666667 0.791346153125 0.4040064104166667 0.791346153125 0.4040064104166667 0.7572115390625
1 0.06426282083333333 0.1623798078125 0.035416666666666666 0.1623798078125 0.035416666666666666 0.1828125 0.06426282083333333 0.1828125 0.06426282083333333 0.1623798078125
1 0.1125 0.21887019218749998 0.08685897499999999 0.21887019218749998 0.08685897499999999 0.239783653125 0.1125 0.239783653125 0.1125 0.21887019218749998