4 0.7017628208333334 0.0563701921875 0.5985576916666666 0.0563701921875 0.5985576916666666 0.136177884375 0.7017628208333334 0.136177884375 0.7017628208333334 0.0563701921875
4 0.6732371791666666 0.152403846875 0.5940705125 0.152403846875 0.5940705125 0.211778846875 0.6732371791666666 0.211778846875 0.6732371791666666 0.152403846875
3 0.8833333333333333 0.159375 0.7121794875 0.159375 0.7121794875 0.2983173078125 0.8833333333333333 0.2983173078125 0.8833333333333333 0.159375
3 0.8886217958333333 0.282572115625 0.8466346145833333 0.282572115625 0.8466346145833333 0.317908653125 0.8886217958333333 0.317908653125 0.8886217958333333 0.282572115625
5 0.7104166666666667 0.3162259609375 0.5434294875 0.3162259609375 0.5434294875 0.44459134687499996 0.7104166666666667 0.44459134687499996 0.7104166666666667 0.3162259609375
4 0.8786858979166666 0.401802884375 0.6975961541666666 0.401802884375 0.6975961541666666 0.5280048078124999 0.8786858979166666 0.5280048078124999 0.8786858979166666 0.401802884375
3 0.6330128208333333 0.4581730765625 0.5532051291666666 0.4581730765625 0.5532051291666666 0.49230769218750003 0.6330128208333333 0.49230769218750003 0.6330128208333333 0.4581730765625
4 0.7616987187500001 0.4449519234375 0.6790064104166667 0.4449519234375 0.6790064104166667 0.5262019234374999 0.7616987187500001 0.5262019234374999 0.7616987187500001 0.4449519234375
4 0.6918269229166667 0.4756009609375 0.6177884625 0.4756009609375 0.6177884625 0.5376201921875 0.6918269229166667 0.5376201921875 0.6918269229166667 0.4756009609375
4 0.68076923125 0.477403846875 0.5333333333333333 0.477403846875 0.5333333333333333 0.58485576875 0.68076923125 0.58485576875 0.68076923125 0.477403846875
4 0.5001602562499999 0.531490384375 0.4395833333333333 0.531490384375 0.4395833333333333 0.5764423078124999 0.5001602562499999 0.5764423078124999 0.5001602562499999 0.531490384375
4 0.8169871791666666 0.5668269234375 0.6673076916666666 0.5668269234375 0.6673076916666666 0.672115384375 0.8169871791666666 0.672115384375 0.8169871791666666 0.5668269234375
4 0.6714743583333332 0.5709134609375 0.5596153854166667 0.5709134609375 0.5596153854166667 0.6512019234374999 0.6714743583333332 0.6512019234374999 0.6714743583333332 0.5709134609375
4 0.7769230770833333 0.6512019234374999 0.6544871791666667 0.6512019234374999 0.6544871791666667 0.7415865390625 0.7769230770833333 0.7415865390625 0.7769230770833333 0.6512019234374999
4 0.6918269229166667 0.67079326875 0.6011217958333333 0.67079326875 0.6011217958333333 0.7582932687499999 0.6918269229166667 0.7582932687499999 0.6918269229166667 0.67079326875
4 0.7524038458333333 0.739302884375 0.7197115375 0.739302884375 0.7197115375 0.763822115625 0.7524038458333333 0.763822115625 0.7524038458333333 0.739302884375
4 0.6211538458333333 0.5920673078124999 0.5205128208333334 0.5920673078124999 0.5205128208333334 0.67548076875 0.6211538458333333 0.67548076875 0.6211538458333333 0.5920673078124999
4 0.5310897437500001 0.6251201921875 0.44262820416666665 0.6251201921875 0.44262820416666665 0.6900240390625 0.5310897437500001 0.6900240390625 0.5310897437500001 0.6251201921875
4 0.5038461541666667 0.6387019234375 0.40192307708333336 0.6387019234375 0.40192307708333336 0.722596153125 0.5038461541666667 0.722596153125 0.5038461541666667 0.6387019234375
4 0.4283653854166667 0.6061298078124999 0.3725961541666667 0.6061298078124999 0.3725961541666667 0.6748798078125 0.4283653854166667 0.6748798078125 0.4283653854166667 0.6061298078124999
3 0.39951923125 0.5996394234375 0.25176282083333335 0.5996394234375 0.25176282083333335 0.7051682687499999 0.39951923125 0.7051682687499999 0.39951923125 0.5996394234375
4 0.24951923125 0.602283653125 0.2065705125 0.602283653125 0.2065705125 0.6318509609375 0.24951923125 0.6318509609375 0.24951923125 0.602283653125
5 0.19743589791666669 0.63798076875 0.05608974375 0.63798076875 0.05608974375 0.7389423078124999 0.19743589791666669 0.7389423078124999 0.19743589791666669 0.63798076875
5 0.2897435895833333 0.6965144234375 0.15 0.6965144234375 0.15 0.798677884375 0.2897435895833333 0.798677884375 0.2897435895833333 0.6965144234375
4 0.40352564166666666 0.747716346875 0.29358974375 0.747716346875 0.29358974375 0.832091346875 0.40352564166666666 0.832091346875 0.40352564166666666 0.747716346875
4 0.31634615416666667 0.752283653125 0.2323717958333333 0.752283653125 0.2323717958333333 0.8340144234375 0.31634615416666667 0.8340144234375 0.31634615416666667 0.752283653125
4 0.31137820416666667 0.6956730765625 0.24054487083333334 0.6956730765625 0.24054487083333334 0.7800480765625 0.31137820416666667 0.7800480765625 0.31137820416666667 0.6956730765625