4 0.22620887473903967 0.0535414921875 0.14304526722338204 0.051367928125 0.1394457745302714 0.1285138859375 0.22260937995824634 0.1306874515625 0.22620887473903967 0.0535414921875
4 0.2915256701461378 0.1030847703125 0.1982106388308977 0.1006458875 0.19418847599164926 0.1868506515625 0.28750350939457203 0.189289534375 0.2915256701461378 0.1030847703125
4 0.2853932818371608 0.171679828125 0.19871571816283923 0.1694144234375 0.19688870146137785 0.20857184218749997 0.2835662651356994 0.21083724843749999 0.2853932818371608 0.171679828125
4 0.3457862463465553 0 0.3450202317327766 0.0164175625 0.4547337223382046 0.0192850359375 0.45563352818371605 0 0.3457862463465553 0
4 0.4219337056367432 0.0352508890625 0.3375987807933194 0.033046709375 0.3332630250521921 0.1259725234375 0.4175979519832985 0.128176703125 0.4219337056367432 0.0352508890625
4 0.5460921962421712 0.155818828125 0.4660521064718163 0.1537268984375 0.46376151774530266 0.20281978281250002 0.5438016096033403 0.2049117109375 0.5460921962421712 0.155818828125
4 0.5482154467640918 0.13963635937500002 0.47637458455114823 0.137758725 0.4742476096033403 0.1833449734375 0.5460884739039665 0.1852226078125 0.5482154467640918 0.13963635937500002
3 0.6666171649269311 0.031698359375 0.4795966597077244 0.026810387499999998 0.47320210438413357 0.16386135156249998 0.6602226096033402 0.168749321875 0.6666171649269311 0.031698359375
3 0.7400476597077243 0.112613028125 0.5905093423799582 0.10870469218750001 0.5847692400835073 0.23172911875 0.7343075574112735 0.23563745468750003 0.7400476597077243 0.112613028125
3 0.7226309394572025 0.230358484375 0.5664551503131524 0.226276671875 0.562446624217119 0.312189215625 0.7186224133611692 0.31627102812499996 0.7226309394572025 0.230358484375
4 0.7268011962421711 0.2708429515625 0.5639879394572025 0.2665876625 0.5584796242171189 0.38464435625000004 0.7212928810020877 0.3888996453125 0.7268011962421711 0.2708429515625
4 0.7131122463465552 0.379908559375 0.5674783256784969 0.3761022703125 0.5628562463465553 0.4751646921875 0.7084901691022965 0.4789709828125 0.7131122463465552 0.379908559375
5 0.5785097933194155 0.34493867968749997 0.4313141127348643 0.341091571875 0.4261330229645094 0.45213499687500003 0.5733287035490606 0.4559821046875 0.5785097933194155 0.34493867968749997
3 1 0.4870287515625 0.9700641607515658 0.4862463484375 0.9627424634655533 0.6431682421875 0.9935871816283925 0.6439744000000001 1 0.5065320062499999 1 0.4870287515625
4 0.7596160521920668 0.4598268984375 0.5948505970772442 0.45552058593750006 0.5899012922755742 0.5615962796875 0.7546667473903966 0.5659025921875 0.7596160521920668 0.4598268984375
4 0.5561741565762004 0.4591909515625 0.3945322171189979 0.45496627656250005 0.3893783966597077 0.5654252625 0.5510203361169103 0.5696499375 0.5561741565762004 0.4591909515625
4 0.5435121252609604 0.550436271875 0.3596151356993737 0.5456299375 0.35323421503131525 0.68238868125 0.5371312045929019 0.687195015625 0.5435121252609604 0.550436271875
4 0.7596526012526097 0.54701546875 0.6132378016701461 0.54318876875 0.6073204509394572 0.67001205 0.7537352505219206 0.6738387484375 0.7596526012526097 0.54701546875
4 0.611265739039666 0.7153181390625 0.429711388308977 0.71057303125 0.4235622526096033 0.8423640453125 0.6051166033402923 0.8471091515625 0.611265739039666 0.7153181390625
4 0.7345510375782881 0.6828460671875 0.5580723966597078 0.67823361875 0.5520732400835073 0.8068102156249999 0.7285518810020877 0.8114226640625001 0.7345510375782881 0.6828460671875
4 0.8404407035490605 0.66293896875 0.6862171127348643 0.6589081796875 0.6807360647181627 0.776380434375 0.8349596555323591 0.7804112234375 0.8404407035490605 0.66293896875
4 0.7698207139874739 0.80664975 0.6077883340292275 0.80241486875 0.6019118872651357 0.928361490625 0.763944267223382 0.932596371875 0.7698207139874739 0.80664975
4 0.9279288622129437 0.84472086875 0.7604303298538622 0.8403431250000001 0.7548947432150314 0.958984259375 0.9223932755741127 0.9633620031250001 0.9279288622129437 0.84472086875
4 0.9896672776617954 0.7279875171875 0.8809298851774531 0.72514555625 0.8754624718162839 0.8423255921875 0.9841998643006263 0.8451675546875 0.9896672776617954 0.7279875171875
3 0.3945067411273486 0.832534796875 0.32149455949895617 0.8306265484375001 0.31850861586638834 0.894622628125 0.3915207974947808 0.8965308750000001 0.3945067411273486 0.832534796875
3 0.4356088496868476 0.8941722499999999 0.34580777035490606 0.8918252078125001 0.34305361169102294 0.95085355625 0.43285469102296453 0.9532005984374999 0.4356088496868476 0.8941722499999999
3 0.4454503987473904 0.9178355421875001 0.3654103068893528 0.9157436125 0.3625470730688935 0.977109715625 0.4425871649269311 0.97920164375 0.4454503987473904 0.9178355421875001
5 0.3922830647181629 0.99748948125 0.39443730688935286 0.95131879375 0.303855350730689 0.9489513437499999 0.30170110647181625 0.9951220296875001 0.3922830647181629 0.99748948125
4 0.4953676450939457 1 0.4964021189979123 0.9778286828124999 0.4101149958246347 0.97557348125 0.40907196033402926 0.9979282749999999 0.4883390167014614 1 0.4953676450939457 1
5 0.5261034175365344 0.9193583390625 0.45035816283924845 0.917378659375 0.4474676597077244 0.9793292015624999 0.5232129144050105 0.9813088796875 0.5261034175365344 0.9193583390625
3 0.26093558037578285 0.5995179937499999 0.21291152400835076 0.5982628359375 0.21025280793319415 0.655245646875 0.25827686221294366 0.6565008031249999 0.26093558037578285 0.5995179937499999
3 0.3578903778705637 0.5825957078124999 0.2903443507306889 0.5808303234375 0.28787651565762007 0.6337220609374999 0.3554225427974948 0.6354874453125 0.3578903778705637 0.5825957078124999
5 0.30967976200417535 0.68168920625 0.25072340292275574 0.680148321875 0.24858279331941543 0.7260267890625001 0.3075391544885177 0.7275676734375 0.30967976200417535 0.68168920625
4 0.5465775866388308 1 0.548647260960334 0.955641803125 0.4783681586638831 0.9538049875000001 0.47622755114822546 0.9996834546875 0.488339012526096 1 0.5465775866388308 1