3 0.4506704008350731 0.42899904843750003 0.34715903131524006 0.4139400578125 0.3229524363256785 0.5071445812500001 0.42646380584551147 0.522203571875 0.4506704008350731 0.42899904843750003
3 0.35467355114822546 0.40155099375000003 0.2145350814196242 0.38116343750000004 0.18729492275574114 0.4860483234375 0.3274333924843424 0.5064358796875 0.35467355114822546 0.40155099375000003
3 0.5320182505219206 0.47658027187499996 0.3883763173277662 0.4556830265625 0.362869624217119 0.5538934203125 0.5065115553235908 0.5747906656249999 0.5320182505219206 0.47658027187499996
3 0.4314578183716075 0.306347675 0.3215765177453027 0.29036197656249996 0.29854620250521924 0.3790373796875 0.40842750104384135 0.39502307812500004 0.4314578183716075 0.306347675
5 0.34469773486430066 0.28469626406250004 0.19181940501043843 0.26245529375 0.16204095824634657 0.37711354375 0.31491929018789144 0.3993545140625 0.34469773486430066 0.28469626406250004
5 0.8167155260960334 0.3717960421875 0.6663851670146137 0.349925753125 0.6381544572025053 0.4586246359375 0.7884848162839249 0.4804949234375 0.8167155260960334 0.3717960421875
5 0.7014858016701462 0.3509504546875 0.5979744321503132 0.33589146406250003 0.5770490375782882 0.41646212499999996 0.680560407098121 0.431521115625 0.7014858016701462 0.3509504546875
4 0.4452490375782881 0.2907899609375 0.39492658455114826 0.2834689734375 0.38074932150313157 0.33805678906250003 0.43107177244258876 0.345377775 0.4452490375782881 0.2907899609375
4 0.4245423507306889 0.2343431328125 0.31211307724425885 0.21798675312500002 0.2918686868475992 0.29593529375 0.40429795824634657 0.3122916734375 0.4245423507306889 0.2343431328125
4 0.3448607849686847 0.2236167734375 0.2846649415448852 0.21485939062499998 0.26856848434237995 0.2768368234375 0.32876432776617953 0.28559420625 0.3448607849686847 0.2236167734375
4 0.6977097557411274 0.31712830937500003 0.6021607995824635 0.3032277015625 0.5885407202505218 0.3556701453125 0.6840896764091857 0.3695707515625 0.6977097557411274 0.31712830937500003
4 0.832191419624217 0.29439068125 0.7133922171189979 0.27710759375 0.6916619979123174 0.36077712812499996 0.8104612004175366 0.37806021562500003 0.832191419624217 0.29439068125
4 0.4263114258872651 0.39106925000000003 0.31706711691022965 0.3751762234375 0.30121829853862214 0.4362001578125 0.41046260542797497 0.45209318437499996 0.4263114258872651 0.39106925000000003
4 0 0.7802725328125 0.031041417536534447 0.784788484375 0.040823110647181624 0.7471252749999999 0 0.7411862671875 0 0.7802725328125
4 0 0.7410625765625001 0.01314486847599165 0.7429749125 0.022802741127348643 0.705788453125 0 0.702471075 0 0.7410625765625001
3 0 0.615640196875 0.012524058455114824 0.617462215625 0.019705555323590817 0.5898107453125 0 0.5869439515625 0 0.615640196875