4 0.09542147499999999 0.147287284375 0.15994148333333333 0.158458996875 0.17876518958333334 0.0973081796875 0.11424517916666667 0.086136465625 0.09542147499999999 0.147287284375
4 0.06617472708333333 0.2422984734375 0.10020355625 0.248190603125 0.12058293958333333 0.18198599843750002 0.08655411041666666 0.17609386875 0.06617472708333333 0.2422984734375
3 0.87206715 0.2158903390625 0.7723390916666666 0.1986223125 0.7448035895833333 0.28807433437499996 0.8445316479166666 0.3053423609375 0.87206715 0.2158903390625
5 0.7521567708333333 0.24343534218750001 0.6362565979166667 0.22336709531249999 0.60685428125 0.3188836625 0.72275445625 0.338951909375 0.7521567708333333 0.24343534218750001
4 0.8614424958333333 0.307472021875 0.7505961083333333 0.28827884375 0.72414958125 0.37419321562499996 0.83499596875 0.39338639375 0.8614424958333333 0.307472021875
4 0.7891758354166666 0.3785324859375 0.6998922708333333 0.3630729359375 0.67873505 0.43180443281249997 0.7680186125 0.447263984375 0.7891758354166666 0.3785324859375
4 0.7742778333333333 0.44595235625 0.6812881604166667 0.4298510875 0.66106434375 0.4955503140625 0.7540540166666666 0.5116515828125 0.7742778333333333 0.44595235625
4 0.6845075229166666 0.4885639828125 0.6097114812500001 0.47561296249999996 0.5918989666666667 0.5334788203125 0.6666950083333333 0.546429840625 0.6845075229166666 0.4885639828125
4 0.7463295770833334 0.5200288421875 0.6711966166666666 0.507019484375 0.65548426875 0.5580627296875 0.7306172291666667 0.5710720874999999 0.7463295770833334 0.5200288421875
4 0.6684187125 0.544865196875 0.6054148375 0.5339560046875 0.5910248166666666 0.5807035296875 0.6540286895833333 0.5916127234374999 0.6684187125 0.544865196875
4 0.6783936854166667 0.5706796468750001 0.63493111875 0.5631540546875 0.6250525625000001 0.5952455984375 0.6685151291666667 0.6027711921875001 0.6783936854166667 0.5706796468750001
3 0.8598101041666666 0.7180037890625 0.78029719375 0.7042360375000001 0.76310695 0.7600803796875 0.8426198604166667 0.7738481312500001 0.8598101041666666 0.7180037890625
5 0.8854754312500001 0.7648999234375 0.7978764625 0.7497320609375 0.7778860000000001 0.81467321875 0.86548496875 0.8298410796875 0.8854754312500001 0.7648999234375
3 0.51268689375 0.7043435265625 0.42340333125 0.688883975 0.40364621874999995 0.7530670671874999 0.49292978125 0.7685266171875 0.51268689375 0.7043435265625
3 0.43662908333333333 0.7295007390625 0.3321841583333333 0.7114159812499999 0.30597098333333334 0.7965722859375 0.41041590833333336 0.8146570437499999 0.43662908333333333 0.7295007390625
4 0.3042837875 0.817040446875 0.23588920833333335 0.8051978468750001 0.21807669375 0.8630637046875 0.2864712729166667 0.8749063046875 0.3042837875 0.817040446875
4 0.23616101874999998 0.8077734109374999 0.16203881250000002 0.794939065625 0.145548625 0.8485092046875 0.21967082916666666 0.8613435484374999 0.23616101874999998 0.8077734109374999
5 0.24603112291666665 0.8431513781250001 0.17190891875 0.830317034375 0.154718675 0.8861613765625 0.22884087916666665 0.898995721875 0.24603112291666665 0.8431513781250001
3 0.3366499041666666 0.854849759375 0.24770325833333334 0.839448546875 0.22429030208333334 0.9155080343750001 0.31323695 0.9309092484375 0.3366499041666666 0.854849759375