4 0.11875 0.13329326875 0.031891024999999996 0.13329326875 0.031891024999999996 0.23449519218749998 0.11875 0.23449519218749998 0.11875 0.13329326875
4 0.22708333333333333 0.1540865390625 0.10432692291666666 0.1540865390625 0.10432692291666666 0.2550480765625 0.22708333333333333 0.2550480765625 0.22708333333333333 0.1540865390625
4 0.5852564104166667 0.2634615390625 0.3772435895833333 0.2634615390625 0.3772435895833333 0.4394230765625 0.5852564104166667 0.4394230765625 0.5852564104166667 0.2634615390625
4 0.230608975 0.420552884375 0.17996794791666665 0.420552884375 0.17996794791666665 0.46165865312500004 0.230608975 0.46165865312500004 0.230608975 0.420552884375
4 0.7137820520833333 0.4131009609375 0.5496794875000001 0.4131009609375 0.5496794875000001 0.53545673125 0.7137820520833333 0.53545673125 0.7137820520833333 0.4131009609375
4 0.5269230770833333 0.490865384375 0.35993589791666664 0.490865384375 0.35993589791666664 0.6192307687499999 0.5269230770833333 0.6192307687499999 0.5269230770833333 0.490865384375
4 0.5403846145833333 0.604927884375 0.3897435895833333 0.604927884375 0.3897435895833333 0.7114182687499999 0.5403846145833333 0.7114182687499999 0.5403846145833333 0.604927884375
4 0.6737179479166666 0.6576923078125 0.4903846145833333 0.6576923078125 0.4903846145833333 0.7896634609375 0.6737179479166666 0.7896634609375 0.6737179479166666 0.6576923078125
4 0 0.7442307687499999 0.11955128124999999 0.7442307687499999 0.11955128124999999 0.6834134609375 0 0.6834134609375 0 0.7442307687499999
4 0.47996794791666664 0.6873798078125 0.28413461458333333 0.6873798078125 0.28413461458333333 0.8337740390624999 0.47996794791666664 0.8337740390624999 0.47996794791666664 0.6873798078125
4 0.561858975 0.79266826875 0.3766025645833333 0.79266826875 0.3766025645833333 0.9450721156249999 0.561858975 0.9450721156249999 0.561858975 0.79266826875
4 0.7 0.8109375 0.6266025645833333 0.8109375 0.6266025645833333 0.8659855765625 0.7 0.8659855765625 0.7 0.8109375
4 0.5846153854166667 0.8110576921874999 0.5326923083333334 0.8110576921874999 0.5326923083333334 0.8836538468749999 0.5846153854166667 0.8836538468749999 0.5846153854166667 0.8110576921874999
4 0.26522435833333335 0.347596153125 0.19278846249999998 0.347596153125 0.19278846249999998 0.402884615625 0.26522435833333335 0.402884615625 0.26522435833333335 0.347596153125