3 0.696736592901879 0.2050027625 0.5038746513569937 0.1663256078125 0.4514895448851775 0.31264804687500003 0.64435148434238 0.3513252015625 0.696736592901879 0.2050027625
3 0.6646515073068893 0.31340767812500003 0.47938515657620046 0.2762537671875 0.4367337682672234 0.39538791562500003 0.6220001189979123 0.4325418265625 0.6646515073068893 0.31340767812500003
5 0.518365981210856 0.1525422890625 0.37504049895615865 0.12379933437499999 0.33415887682672235 0.23799015625000003 0.4774843590814197 0.2667331109375 0.518365981210856 0.1525422890625
5 0.5014481377870563 0.29273184531249996 0.3472246367432151 0.2618033671875 0.30669696868475993 0.3750055234375 0.46092046972860123 0.4059340015625 0.5014481377870563 0.29273184531249996
5 0.7018298246346556 0.428550275 0.5254800375782881 0.3931845203125 0.4808819039665971 0.5177563265625 0.6572316931106472 0.55312208125 0.7018298246346556 0.428550275
4 0.7608776388308978 0.5503304015625 0.6274594488517745 0.5235742890624999 0.5902058496868475 0.62763129375 0.7236240396659707 0.6543874078125 0.7608776388308978 0.5503304015625
4 0.4733283402922756 0.689626428125 0.3917583048016702 0.6732681109375 0.3696362171189979 0.7350596796875 0.45120625052192065 0.7514179984375 0.4733283402922756 0.689626428125
4 0.4193894279749478 0.4235666109375 0.24700255741127347 0.3889955921875 0.2016080292275574 0.5157918953125 0.3739948997912317 0.5503629140624999 0.4193894279749478 0.4235666109375
5 0.34899224217118996 0.32706129375000004 0.20038287265135699 0.297258690625 0.16242136743215033 0.4032930265625 0.3110307369519833 0.43309562812499997 0.34899224217118996 0.32706129375000004
4 0.29970399999999997 0.4924161734375 0.14515025260960335 0.4614214671875 0.10488805010438414 0.573882125 0.2594417974947808 0.60487683125 0.29970399999999997 0.4924161734375
4 0.3333129478079332 0.594789459375 0.18404308977035488 0.5648544015625 0.1444887954070981 0.6753377296874999 0.29375865135699375 0.7052727875 0.3333129478079332 0.594789459375
4 0.39287774112734863 0.6824996125 0.25450590396659706 0.6547500796875 0.2161904446764092 0.761773078125 0.3545622818371607 0.7895226125 0.39287774112734863 0.6824996125