4 0.12940905427974947 0.752157234375 0.06832781002087683 0.7610434265625 0.07922225887265136 0.8029911593750001 0.14030350104384134 0.7941049671875 0.12940905427974947 0.752157234375
4 0.16102878496868478 0.7190132703125001 0.10900904592901879 0.7265811796875 0.1195120751565762 0.767021809375 0.17153181628392486 0.7594538984375 0.16102878496868478 0.7190132703125001
4 0.20791773068893526 0.753378396875 0.14482282045929018 0.7625575390625 0.15591297703549062 0.8052588234375 0.21900788726513568 0.7960796796875 0.20791773068893526 0.753378396875
4 0.33968240501043845 0.678033675 0.282628496868476 0.6863339640625 0.2925444008350731 0.7245139375 0.34959831106471817 0.7162136484375 0.33968240501043845 0.678033675
4 0.3153212045929019 0.7552183796875 0.25222629227557414 0.7643975234375 0.26370786638830895 0.8086059125 0.32680277870563673 0.79942676875 0.3153212045929019 0.7552183796875
3 0.26172210229645093 0.809676828125 0.18117540709812108 0.8213948828125 0.1958535553235908 0.8779112906250001 0.2764002505219207 0.8661932359375 0.26172210229645093 0.809676828125
3 0.3085026033402923 0.8590465265624999 0.2249354050104384 0.871204009375 0.2405920960334029 0.9314881749999999 0.3241592943632568 0.9193306921875 0.3085026033402923 0.8590465265624999
3 0.4017989707724426 0.8320488828125001 0.33568355741127354 0.8416674531250001 0.35075312317327767 0.8996909640625 0.4168685365344467 0.89007239375 0.4017989707724426 0.8320488828125001
4 0.6507643569937369 0.1451849921875 0.5601493235908143 0.158367803125 0.5787416450939457 0.22995525312499998 0.6693566784968684 0.216772440625 0.6507643569937369 0.1451849921875
4 0.5888386597077244 0.219884059375 0.516346636743215 0.23043030781249998 0.5301767139874739 0.283681321875 0.6026687369519832 0.2731350734375 0.5888386597077244 0.219884059375
4 0.27991465970772444 0.13409843125 0.19634746137787054 0.1462559125 0.21415694780793318 0.214829153125 0.2977241461377871 0.202671671875 0.27991465970772444 0.13409843125
4 0.260430866388309 0.2461556578125 0.205390624217119 0.25416299531250003 0.2158936555323591 0.29460362500000004 0.27093389770354903 0.2865962875 0.260430866388309 0.2461556578125
4 0.38018826931106475 0.2271691234375 0.30668940918580373 0.2378618484375 0.3239117682672234 0.3041744328125 0.3974106283924843 0.29348170625000003 0.38018826931106475 0.2271691234375
5 0.4768164008350731 0.2123294921875 0.36874958455114826 0.228051215625 0.39053848016701465 0.31194668124999997 0.4986052964509395 0.29622495781249997 0.4768164008350731 0.2123294921875
3 0.783817745302714 0.494552534375 0.6727304300626306 0.5107136859375 0.6935407828810021 0.590841390625 0.8046280981210856 0.574680240625 0.783817745302714 0.494552534375
3 0.8318917912317327 0.40205735000000004 0.7033526910229645 0.4207574125 0.7275553277661796 0.5139466890625 0.8560944279749478 0.49524662499999994 0.8318917912317327 0.40205735000000004
3 0.558675764091858 0.27875321249999996 0.4680607327766179 0.291936025 0.4865225803757829 0.3630211046875 0.5771376137787056 0.3498382921875 0.558675764091858 0.27875321249999996
3 0.5640590459290188 0.3967073671875 0.46606056576200416 0.410964334375 0.48230438413361165 0.47350915625 0.5803028622129437 0.4592521890625 0.5640590459290188 0.3967073671875
3 0.5296041858037579 0.330425384375 0.40643486638830895 0.3483442421875 0.4320074613778706 0.44680838281249996 0.5551767828810021 0.42888952343750003 0.5296041858037579 0.330425384375
3 0.687877496868476 0.3075298796875 0.5593383987473903 0.3262299421875 0.5839324509394572 0.420926321875 0.7124715511482255 0.402226259375 0.687877496868476 0.3075298796875