4 0.6756112645833333 0.20932012968749997 0.8000148916666666 0.19286834218749999 0.7806058020833333 0.11031253593749998 0.6562021770833333 0.126764321875 0.6756112645833333 0.20932012968749997
4 0.5285705208333333 0.1959001984375 0.6474378604166666 0.180180559375 0.62332005625 0.0775964171875 0.50445271875 0.09331605625 0.5285705208333333 0.1959001984375
4 0.13168821458333332 0.163137503125 0.2534865291666667 0.14703025625 0.22982811458333333 0.0464001 0.1080298 0.06250734687500001 0.13168821458333332 0.163137503125
4 0.22254755625 0.207534378125 0.3739812895833333 0.1875079890625 0.3515287625 0.0920070375 0.20009503125 0.1120334265625 0.22254755625 0.207534378125
4 0.04439546875 0.3060171125 0.22774426875 0.2817701078125 0.19351995833333333 0.1361983265625 0.010171158333333334 0.16044533125 0.04439546875 0.3060171125
3 0.20323422083333334 0.43460554374999993 0.49568043958333335 0.395930925 0.441759925 0.16658209531249998 0.14931370625 0.20525671406249998 0.20323422083333334 0.43460554374999993
5 0.44431842916666664 0.3667099109375 0.5768636520833332 0.3491814359375 0.5425244958333334 0.20312115937500003 0.40997927083333335 0.22064963437500001 0.44431842916666664 0.3667099109375
4 0.5467606020833333 0.34397019375000004 0.6604173166666667 0.328939634375 0.6476693354166667 0.2747165859375 0.5340126208333333 0.2897471453125 0.5467606020833333 0.34397019375000004
4 0.64607678125 0.2886525796875 0.7053476166666666 0.28081429375 0.6843880979166667 0.191663790625 0.6251172625 0.19950207656250002 0.64607678125 0.2886525796875
4 0.5442857291666667 0.41556874375 0.6856238791666667 0.396877446875 0.6637455875 0.3038189765625 0.5224074375 0.3225102734375 0.5442857291666667 0.41556874375
3 0.5990049145833333 0.5219130984375 0.7712811375 0.49913038906249996 0.7395834541666667 0.3643055171875 0.56730723125 0.3870882265625 0.5990049145833333 0.5219130984375
3 0.5070734958333333 0.62863723125 0.7041001791666667 0.6025813906249999 0.6682105916666666 0.44992641874999995 0.4711839083333333 0.47598225781250003 0.5070734958333333 0.62863723125
4 0.46095875833333333 0.7624195375 0.6534261479166666 0.7369666421875001 0.6167326333333333 0.5808922 0.42426524374999997 0.60634509375 0.46095875833333333 0.7624195375
4 0.52602895625 0.7813910046875 0.6826733104166667 0.760675534375 0.6555120708333334 0.64514625 0.4988677166666667 0.6658617203125 0.52602895625 0.7813910046875
4 0.4763849666666667 0.9394390984375001 0.6568027895833333 0.9155797 0.6215448583333333 0.7656114578125 0.44112703541666665 0.7894708546875 0.4763849666666667 0.9394390984375001
5 0.21266215208333333 0.93389455625 0.27421263541666663 0.9257547984375 0.2616943479166667 0.8725087437499999 0.2001438625 0.8806485015625001 0.21266215208333333 0.93389455625
5 0.16171928958333334 0.9685859593749999 0.23076004375 0.9594556484375 0.21835660416666666 0.9066980906250001 0.14931584791666666 0.9158284015625 0.16171928958333334 0.9685859593749999
3 0.25573843125 1 0.2433575166666667 0.9473382546875 0.16943180208333333 0.9571145781249999 0.17951427916666668 1 0.25573843125 1
5 0.11294371458333334 0.9375118499999999 0.17677384791666664 0.92907061875 0.16580598958333334 0.8824192609375 0.10197585625 0.8908604921875 0.11294371458333334 0.9375118499999999
5 0.12190841250000001 0.991353771875 0.17466596874999998 0.9843768359375 0.16398522708333332 0.9389467171874999 0.11122767083333333 0.9459236531249999 0.12190841250000001 0.991353771875
4 0.23648972083333333 1 0.27225536875 0.9952701640624999 0.25847376666666666 0.9366506546875 0.21939409375 0.94181875625 0.23307265833333332 1 0.23648972083333333 1
4 0.28511998958333334 1 0.27739446458333333 0.967139775 0.21519265208333332 0.9753656671875 0.22098424791666668 1 0.28511998958333334 1