4 0.21128405833333333 0.8093259953124999 0.3281830625 0.7954397578125 0.3025820979166667 0.6742111609375 0.18568309375 0.6880973984375001 0.21128405833333333 0.8093259953124999
4 0.29782426041666665 0.9266443734375001 0.41291926874999996 0.9129724296875 0.3886326375 0.7979676234374999 0.27353763125 0.8116395671875001 0.29782426041666665 0.9266443734375001
4 0.47853718749999996 0.8454007359375 0.6030129770833333 0.830614465625 0.5761548229166666 0.703432678125 0.4516790333333333 0.71821895 0.47853718749999996 0.8454007359375
4 0.48446401666666666 0.877844528125 0.5786326583333333 0.8666583921875001 0.5593176458333333 0.7751957468749999 0.4651490020833334 0.7863818828125 0.48446401666666666 0.877844528125
4 0.3904160354166667 0.6461633953125 0.6141116583333334 0.6195909656249999 0.5678242 0.4004053328125 0.34412857708333333 0.42697776249999997 0.3904160354166667 0.6461633953125
4 0.6117596729166667 0.6986484625 0.7878297791666667 0.6777333890625 0.7506855208333333 0.501843684375 0.5746154166666667 0.5227587578125 0.6117596729166667 0.6986484625
4 0.5683529645833333 0.52988258125 0.7978213791666667 0.5026244109375 0.7575912916666667 0.31212233125 0.5281228791666667 0.3393805015625 0.5683529645833333 0.52988258125
4 0.7977484041666667 0.6712848046875 0.9619121291666667 0.6517840703125 0.9355111333333334 0.5267670812499999 0.7713474104166667 0.546267815625 0.7977484041666667 0.6712848046875
4 1 0.47048686249999994 0.9845009604166666 0.39709405000000003 0.74853815625 0.425123678125 0.7924255250000001 0.6329441296875 1 0.608286703125 1 0.47048686249999994
4 0.9341077604166668 0.47020799999999996 0.9983300541666666 0.46257914062500005 0.96050005625 0.283442240625 0.8962777645833333 0.2910711 0.9341077604166668 0.47020799999999996
4 1 0.47048686249999994 0.99027260625 0.42442460468750004 0.9583418604166667 0.4282176046875 0.9852000166666667 0.555399390625 1 0.553641325 1 0.47048686249999994