3 0.10864878705636744 0.980163196875 0.2928629916492693 0.980163196875 0.2928629916492693 0.821750140625 0.10864878705636744 0.821750140625 0.10864878705636744 0.980163196875
3 0.6644869561586638 0.8605796281250001 0.7272701649269311 0.8605796281250001 0.7272701649269311 0.798677546875 0.6644869561586638 0.798677546875 0.6644869561586638 0.8605796281250001
3 0.6603515344467641 0.8238604390625 0.711480375782881 0.8238604390625 0.711480375782881 0.7613956109375 0.6603515344467641 0.7613956109375 0.6603515344467641 0.8238604390625
5 0.2056432045929019 0.8248452453124999 0.3913612004175365 0.8248452453124999 0.3913612004175365 0.6965391109375 0.2056432045929019 0.6965391109375 0.2056432045929019 0.8248452453124999
5 0.10789689144050105 0.79712999375 0.252636624217119 0.79712999375 0.252636624217119 0.6648846374999999 0.10789689144050105 0.6648846374999999 0.10789689144050105 0.79712999375
5 0.18496610020876825 0.6980866625 0.3688043590814196 0.6980866625 0.3688043590814196 0.559369725 0.18496610020876825 0.559369725 0.18496610020876825 0.6980866625
4 0.09229507724425887 0.698508721875 0.21034254697286012 0.698508721875 0.21034254697286012 0.59158694375 0.09229507724425887 0.59158694375 0.09229507724425887 0.698508721875
4 0.28402822964509394 0.6641812046875 0.40169975156576204 0.6641812046875 0.40169975156576204 0.5409397859375 0.28402822964509394 0.5409397859375 0.28402822964509394 0.6641812046875
4 0.05864778705636743 0.6095948234375 0.18722178496868477 0.6095948234375 0.18722178496868477 0.5007034328125 0.05864778705636743 0.5007034328125 0.05864778705636743 0.6095948234375
4 0.23628291440501045 0.56204276875 0.34267601670146136 0.56204276875 0.34267601670146136 0.45512099062500005 0.23628291440501045 0.45512099062500005 0.23628291440501045 0.56204276875
4 0.12970183924843423 0.46384355624999996 0.2627872025052192 0.46384355624999996 0.2627872025052192 0.3473550921875 0.12970183924843423 0.3473550921875 0.12970183924843423 0.46384355624999996
5 0.26823844050104384 0.487478896875 0.4336552776617954 0.487478896875 0.4336552776617954 0.34116488437500003 0.26823844050104384 0.34116488437500003 0.26823844050104384 0.487478896875
4 0.3877896993736952 0.43669105156250004 0.4923030647181628 0.43669105156250004 0.4923030647181628 0.3151378734375 0.3877896993736952 0.3151378734375 0.3877896993736952 0.43669105156250004
5 0.44173814613778706 0.7424029265625001 0.6255764029227557 0.7424029265625001 0.6255764029227557 0.56851435 0.44173814613778706 0.56851435 0.44173814613778706 0.7424029265625001
5 0.39737635699373697 0.5835678109375 0.557905878914405 0.5835678109375 0.557905878914405 0.4302194703125 0.39737635699373697 0.4302194703125 0.39737635699373697 0.5835678109375
5 0.5703121419624216 0.5884918406249999 0.7518947160751567 0.5884918406249999 0.7518947160751567 0.42754642656249997 0.5703121419624216 0.42754642656249997 0.5703121419624216 0.5884918406249999
4 0.4808366701461378 0.4593415875 0.6146739311064718 0.4593415875 0.6146739311064718 0.33047270625 0.4808366701461378 0.33047270625 0.4808366701461378 0.4593415875
4 0.5729437745302713 0.3968767578125 0.6973823486430063 0.3968767578125 0.6973823486430063 0.2753235796875 0.5729437745302713 0.2753235796875 0.5729437745302713 0.3968767578125
4 0.7033975073068894 0.46848621250000005 0.8620472922755742 0.46848621250000005 0.8620472922755742 0.3289251546875 0.7033975073068894 0.3289251546875 0.7033975073068894 0.46848621250000005
4 0.7327214008350731 0.3442599890625 0.8838522379958247 0.3442599890625 0.8838522379958247 0.2266460328125 0.7327214008350731 0.2266460328125 0.7327214008350731 0.3442599890625
4 0.7137360584551148 0.257878446875 0.814865897703549 0.257878446875 0.814865897703549 0.1889420375 0.7137360584551148 0.1889420375 0.7137360584551148 0.257878446875
4 0.7532105323590814 0.1944288125 0.8284000041753654 0.1944288125 0.8284000041753654 0.1223972984375 0.7532105323590814 0.1223972984375 0.7532105323590814 0.1944288125
4 0.22274881002087682 0.39293753593749997 0.2813965970772443 0.39293753593749997 0.2813965970772443 0.2711029828125 0.22274881002087682 0.2711029828125 0.22274881002087682 0.39293753593749997
4 0.03759473486430063 0.7826392796875 0.07518947181628392 0.7826392796875 0.07518947181628392 0.74634215 0.03759473486430063 0.74634215 0.03759473486430063 0.7826392796875
4 0.009774630480167015 0.7775745640625 0.04173015657620042 0.7775745640625 0.04173015657620042 0.74634215 0.009774630480167015 0.74634215 0.009774630480167015 0.7775745640625
5 0.05357249895615866 0.8792909390625001 0.10582918162839249 0.8792909390625001 0.10582918162839249 0.8308947671875 0.05357249895615866 0.8308947671875 0.05357249895615866 0.8792909390625001
5 0.09436278705636744 0.833708496875 0.14098025887265137 0.833708496875 0.14098025887265137 0.7968486218749999 0.09436278705636744 0.7968486218749999 0.09436278705636744 0.833708496875
4 0.07387365553235908 0.79895891875 0.11146839248434239 0.79895891875 0.11146839248434239 0.7547833421875 0.07387365553235908 0.7547833421875 0.07387365553235908 0.79895891875
4 0 0.789251546875 0.027820104384133612 0.789251546875 0.027820104384133612 0.7594259984375 0 0.7594259984375 0 0.789251546875