3 0.63766025625 0.0983173078125 0.4389423083333333 0.0983173078125 0.4389423083333333 0.259375 0.63766025625 0.259375 0.63766025625 0.0983173078125
3 0.7027243583333332 0.2389423078125 0.46233974375000003 0.2389423078125 0.46233974375000003 0.42235576874999997 0.7027243583333332 0.42235576874999997 0.7027243583333332 0.2389423078125
4 0.4663461541666667 0.55204326875 0.29647435833333335 0.55204326875 0.29647435833333335 0.6847355765625001 0.4663461541666667 0.6847355765625001 0.4663461541666667 0.55204326875
4 0.30576923125 0.579927884375 0.19262820416666668 0.579927884375 0.19262820416666668 0.67079326875 0.30576923125 0.67079326875 0.30576923125 0.579927884375
4 0.46233974375000003 0.668990384375 0.33990384583333333 0.668990384375 0.33990384583333333 0.7581730765625 0.46233974375000003 0.7581730765625 0.46233974375000003 0.668990384375
4 0.4030448708333333 0.71454326875 0.30977564166666666 0.71454326875 0.30977564166666666 0.7808894234375 0.4030448708333333 0.7808894234375 0.4030448708333333 0.71454326875
4 0.38493589791666666 0.7865384609375 0.3028846145833333 0.7865384609375 0.3028846145833333 0.850240384375 0.38493589791666666 0.850240384375 0.38493589791666666 0.7865384609375
3 0.5729166666666666 0.658533653125 0.4915064104166667 0.658533653125 0.4915064104166667 0.720552884375 0.5729166666666666 0.720552884375 0.5729166666666666 0.658533653125
5 0.5125 0.7118990390625 0.45064102500000003 0.7118990390625 0.45064102500000003 0.7599759609375 0.5125 0.7599759609375 0.5125 0.7118990390625
4 0.5615384625 0.7443509609375 0.4977564104166667 0.7443509609375 0.4977564104166667 0.7962740390625 0.5615384625 0.7962740390625 0.5615384625 0.7443509609375
4 0.5115384625 0.809615384375 0.45256410208333336 0.809615384375 0.45256410208333336 0.858653846875 0.5115384625 0.858653846875 0.5115384625 0.809615384375
4 0.5564102562500001 0.818990384375 0.5041666666666667 0.818990384375 0.5041666666666667 0.864903846875 0.5564102562500001 0.864903846875 0.5564102562500001 0.818990384375
4 0.5552884625 0.79170673125 0.5145833333333333 0.79170673125 0.5145833333333333 0.8186298078125 0.5552884625 0.8186298078125 0.5552884625 0.79170673125
4 0.9517628208333334 0.735096153125 0.8770833333333333 0.735096153125 0.8770833333333333 0.793990384375 0.9517628208333334 0.793990384375 0.9517628208333334 0.735096153125
4 0.9153846145833333 0.71983173125 0.8596153854166667 0.71983173125 0.8596153854166667 0.767908653125 0.9153846145833333 0.767908653125 0.9153846145833333 0.71983173125
4 0.78108974375 0.70576923125 0.7217948708333334 0.70576923125 0.7217948708333334 0.753125 0.78108974375 0.753125 0.78108974375 0.70576923125
5 0.8940705125 0.6185096156250001 0.78766025625 0.6185096156250001 0.78766025625 0.6947115390625 0.8940705125 0.6947115390625 0.8940705125 0.6185096156250001
3 0.8197115375 0.5121394234375 0.7232371791666666 0.5121394234375 0.7232371791666666 0.588341346875 0.8197115375 0.588341346875 0.8197115375 0.5121394234375
4 0.7775641020833334 0.6215144234375 0.7009615375 0.6215144234375 0.7009615375 0.676802884375 0.7775641020833334 0.676802884375 0.7775641020833334 0.6215144234375
5 0.7652243583333332 0.564302884375 0.6780448708333334 0.564302884375 0.6780448708333334 0.6243990390625 0.7652243583333332 0.6243990390625 0.7652243583333332 0.564302884375
4 0.8826923083333333 0.5985576921875 0.8006410249999999 0.5985576921875 0.8006410249999999 0.6326923078125 0.8826923083333333 0.6326923078125 0.8826923083333333 0.5985576921875