0 0.23793599791666667 0.082913240625 0.22785025833333333 0.021306926562500002 0.12327163958333333 0.03093740625 0.13335737916666668 0.0925437203125 0.23793599791666667 0.082913240625
0 0.33183676666666667 0.06818626562499999 0.32273158541666663 0.01256945625 0.22689954375000002 0.0213944765625 0.236004725 0.0770112875 0.33183676666666667 0.06818626562499999
1 0.49922995416666666 0.029610145312500002 0.34369302916666666 0.043933295312499995 0.366152475 0.18112142656250002 0.5216894 0.1667982765625 0.49922995416666666 0.029610145312500002
1 0.3888570333333333 0.038037128125 0.28922213125 0.0472123484375 0.30691886875 0.155308609375 0.40655376875000004 0.1461333890625 0.3888570333333333 0.038037128125
2 0.58486740625 0.14360945625 0.4525279208333333 0.155796390625 0.46999118958333336 0.26246658125 0.6023306770833333 0.25027964687500004 0.58486740625 0.14360945625
1 0.45424570416666665 0.16157324687500002 0.34244165416666666 0.1718691046875 0.35766365 0.26484900312500004 0.46946769791666665 0.2545531453125 0.45424570416666665 0.16157324687500002
0 0.4066738729166667 0.1456880578125 0.33137726666666667 0.15262200312500002 0.3394551979166666 0.201964096875 0.4147518020833333 0.1950301515625 0.4066738729166667 0.1456880578125
1 0 0.2718191046875 0.007853341666666668 0.3197893546875 0.12155882083333333 0.309318396875 0.10638351875 0.21662371249999998 0 0.22642040312499997 0 0.2718191046875
1 0 0.3498982609375 0.021909708333333333 0.3478806296875 0.0113570375 0.28342217187499996 0 0.2844680234375 0 0.3498982609375
1 0 0.30343121093750003 0.01859858958333333 0.301718496875 0.008279385416666667 0.2386861125 0 0.23944854843750002 0 0.30343121093750003
1 0.38959264791666665 0.5447641984375 0.32646518958333337 0.55057750625 0.33650423541666663 0.6118986046875 0.39963169375 0.606085296875 0.38959264791666665 0.5447641984375
1 0.5599215354166667 0.3873616234375 0.43975119791666667 0.39842791875 0.4541327145833333 0.4862739578125 0.5743030520833333 0.4752076609375 0.5599215354166667 0.3873616234375
1 0.5885512687500001 0.44552316249999996 0.4851135083333334 0.4550485828125 0.5002888083333333 0.5477432671875 0.6037265708333333 0.5382178468750001 0.5885512687500001 0.44552316249999996
1 0.68620986875 0.48676067187500005 0.5759269625000001 0.49691644999999995 0.58778704375 0.5693609093750001 0.69806995 0.5592051312499999 0.68620986875 0.48676067187500005
1 0.77964363125 0.6978978703125 0.6537690041666667 0.7094894671875001 0.6702517166666666 0.8101701531250001 0.7961263416666667 0.7985785578125 0.77964363125 0.6978978703125
1 0.75349173125 0.776303665625 0.6002365208333333 0.790416696875 0.6223224208333333 0.9253231124999999 0.77557763125 0.9112100812499999 0.75349173125 0.776303665625
1 0.8088197125 0.7806178140625 0.720973675 0.7887074171874999 0.7359622041666667 0.88026124375 0.8238082416666667 0.872171640625 0.8088197125 0.7806178140625
1 0.5744506958333333 0.8981744828125 0.5903730895833333 0.995432596875 0.6820219875000001 0.9869927953125 0.6660995937499999 0.88973468125 0.5744506958333333 0.8981744828125