4 0.039815166666666665 0.5088877578125001 0.16473958333333333 0.532248125 0.19292914583333334 0.44745150625 0.06800472916666668 0.42409114062500003 0.039815166666666665 0.5088877578125001
5 0.26675810625 0.42316291250000004 0.4628560770833333 0.45983245000000006 0.5083290770833334 0.32304577343749996 0.31223110416666666 0.28637623749999996 0.26675810625 0.42316291250000004
4 0.06951950416666668 0.7369544890624999 0.1736849666666667 0.756433015625 0.19734571458333333 0.6852594609375 0.09318025208333333 0.6657809359375 0.06951950416666668 0.7369544890624999
4 0.16318379166666666 0.77499301875 0.2888496020833333 0.7984920234375 0.31482096875000004 0.720367925 0.18915516041666666 0.6968689218749999 0.16318379166666666 0.77499301875
4 0.19412828333333335 0.7156648140625 0.35130321875 0.7450558984375 0.3861473645833333 0.64024171875 0.22897243125 0.610850634375 0.19412828333333335 0.7156648140625
4 0.3207325458333333 0.64336525625 0.4386137458333333 0.6654085703125 0.46550936041666663 0.5845042546875 0.34762816041666667 0.5624609421875 0.3207325458333333 0.64336525625
3 0.46192485624999996 0.454342828125 0.6120565729166666 0.48241685937499995 0.65309318125 0.358975225 0.5029614645833334 0.33090119375 0.46192485624999996 0.454342828125
4 0.4566687208333333 0.539441290625 0.5474891416666666 0.556424346875 0.5698559416666666 0.489143096875 0.47903552083333334 0.47216004062500005 0.4566687208333333 0.539441290625
4 0.52474953125 0.56619910625 0.5814659604166666 0.5768048515624999 0.5965311999999999 0.531487315625 0.5398147729166667 0.5208815703125 0.52474953125 0.56619910625
4 0.417688375 0.6839387718750001 0.5263021875 0.7042491203125001 0.5559705458333333 0.6150041546875 0.44735673333333337 0.59469380625 0.417688375 0.6839387718750001
4 0.35094920625000003 0.8746284921875 0.44436449791666666 0.8920967781250001 0.46950404166666665 0.8164748765625 0.37608875 0.799006590625 0.35094920625000003 0.8746284921875