3 0.6561401419624218 0.7621221968749999 0.4400920229645094 0.7451269984375 0.4139676367432151 0.9311563234375001 0.6300157557411274 0.948151521875 0.6561401419624218 0.7621221968749999
4 0.5748922484342379 0.9554744703125 0.5163086680584551 0.9508660531249999 0.5102224697286012 0.9942053109375 0.5688060501043841 0.9988137265624999 0.5748922484342379 0.9554744703125
4 0.6321498872651358 1 0.6348080167014614 0.9810717078125 0.5762244342379959 0.9764632921875 0.5729191398747391 1 0.6321498872651358 1
4 0 0.729213559375 0.05974824634655532 0.7339135921875 0.06622595407098121 0.6877864296875 0 0.682576834375 0 0.729213559375
4 0 0.6593865937500001 0.02220765135699374 0.6611335359375 0.02797352400835073 0.62007529375 0 0.6178747859375 0 0.6593865937500001
4 0.07704688517745303 0.6156076125000001 0.02726777244258873 0.611691790625 0.0222137369519833 0.6476811140625001 0.07199284759916492 0.6515969359375 0.07704688517745303 0.6156076125000001
3 0.6252988872651357 0.595314459375 0.4647866513569937 0.5826879328125 0.44182993528183717 0.7461605687499999 0.6023421732776618 0.7587870953125 0.6252988872651357 0.595314459375
3 0.7712493319415449 0.561696246875 0.526417369519833 0.5424367984375 0.4995099645093946 0.734041934375 0.7443419248434238 0.753301384375 0.7712493319415449 0.561696246875
3 0.7982844237995825 0.42647521875 0.5927339415448851 0.4103058046875 0.5719127348643006 0.558571684375 0.7774632171189979 0.574741096875 0.7982844237995825 0.42647521875
3 0.43071693528183713 0.19141121249999998 0.2651251962421712 0.1783851109375 0.246973375782881 0.30764254375 0.41256511482254693 0.3206686453125 0.43071693528183713 0.19141121249999998
3 0.5670951273486431 0.15037761875 0.40218065553235904 0.1374047953125 0.3847762630480167 0.2613398640625 0.5496907348643006 0.27431268750000004 0.5670951273486431 0.15037761875
4 0.6336590897703549 0.262724521875 0.5110737933194155 0.25308147812500004 0.4962676033402923 0.35851499375 0.6188528997912317 0.3681580375 0.6336590897703549 0.262724521875
5 0.7862113987473904 0.2649875515625 0.6152015240083507 0.25153523906249997 0.5975479874739039 0.3772444296875 0.7685578622129435 0.3906967421875 0.7862113987473904 0.2649875515625
4 0.6736553716075157 0.19002204843749998 0.5571654759916493 0.18085849375000002 0.5443524258872652 0.2720990359375 0.6608423215031315 0.28126259062500003 0.6736553716075157 0.19002204843749998
4 0.7631831064718163 0.087647725 0.6375501106471816 0.0777649359375 0.6226727348643006 0.1837053421875 0.7483057327766179 0.1935881296875 0.7631831064718163 0.087647725