4 0.72548076875 0.0634615390625 0.5527243583333333 0.0634615390625 0.5527243583333333 0.2074519234375 0.72548076875 0.2074519234375 0.72548076875 0.0634615390625
4 0.6533653854166667 0.19387019218749998 0.5661858979166666 0.19387019218749998 0.5661858979166666 0.3253605765625 0.6533653854166667 0.3253605765625 0.6533653854166667 0.19387019218749998
4 0.5642628208333333 0.187740384375 0.36394230833333335 0.187740384375 0.36394230833333335 0.3459134609375 0.5642628208333333 0.3459134609375 0.5642628208333333 0.187740384375
4 0.6865384625 0.4084134609375 0.5105769229166667 0.4084134609375 0.5105769229166667 0.5454326921875 0.6865384625 0.5454326921875 0.6865384625 0.4084134609375
4 0 0.5516826921875 0.058333333333333334 0.5516826921875 0.058333333333333334 0.477403846875 0 0.477403846875 0 0.5516826921875
4 0.1322115375 0.505408653125 0.05176282083333333 0.505408653125 0.05176282083333333 0.5594951921875 0.1322115375 0.5594951921875 0.1322115375 0.505408653125
4 0.09262820416666666 0.5691105765625 0.019230768750000002 0.5691105765625 0.019230768750000002 0.6027644234375 0.09262820416666666 0.6027644234375 0.09262820416666666 0.5691105765625
4 0.08894230833333333 0.58125 0.0011217958333333334 0.58125 0.0011217958333333334 0.6459134609375 0.08894230833333333 0.6459134609375 0.08894230833333333 0.58125
4 0.48926282083333333 0.526322115625 0.3040064104166667 0.526322115625 0.3040064104166667 0.6717548078125 0.48926282083333333 0.6717548078125 0.48926282083333333 0.526322115625
4 0.6456730770833333 0.6066105765625001 0.4780448708333333 0.6066105765625001 0.4780448708333333 0.73545673125 0.6456730770833333 0.73545673125 0.6456730770833333 0.6066105765625001
4 0.09375 0.663822115625 0.027403845833333332 0.663822115625 0.027403845833333332 0.7109375 0.09375 0.7109375 0.09375 0.663822115625
4 0.6161858979166667 0.726802884375 0.46586538541666667 0.726802884375 0.46586538541666667 0.85420673125 0.6161858979166667 0.85420673125 0.6161858979166667 0.726802884375
3 0.46298076875 0.7734375 0.30048076875 0.7734375 0.30048076875 0.9070913468749999 0.46298076875 0.9070913468749999 0.46298076875 0.7734375