4 0.99919871875 0.025841346874999997 0.8636217958333333 0.025841346874999997 0.8636217958333333 0.2157451921875 0.99919871875 0.2157451921875 0.99919871875 0.025841346874999997
4 0.8506410249999999 0.1546875 0.775641025 0.1546875 0.775641025 0.2376201921875 0.8506410249999999 0.2376201921875 0.8506410249999999 0.1546875
3 0.8729166666666667 0.152884615625 0.63766025625 0.152884615625 0.63766025625 0.33942307656250004 0.8729166666666667 0.33942307656250004 0.8729166666666667 0.152884615625
3 0.80705128125 0.3021634609375 0.6009615375 0.3021634609375 0.6009615375 0.45384615312500004 0.80705128125 0.45384615312500004 0.80705128125 0.3021634609375
3 0.6336538458333333 0.3427884609375 0.44487179583333336 0.3427884609375 0.44487179583333336 0.50889423125 0.6336538458333333 0.50889423125 0.6336538458333333 0.3427884609375
3 0.2684294875 0.41574519218750006 0.1915064104166667 0.41574519218750006 0.1915064104166667 0.5193509609375 0.2684294875 0.5193509609375 0.2684294875 0.41574519218750006
5 0.5020833333333333 0.48834134687499997 0.39246794791666667 0.48834134687499997 0.39246794791666667 0.582572115625 0.5020833333333333 0.582572115625 0.5020833333333333 0.48834134687499997
5 0.3953525645833333 0.538822115625 0.18509615416666667 0.538822115625 0.18509615416666667 0.6938701921875 0.3953525645833333 0.6938701921875 0.3953525645833333 0.538822115625
4 0.6778846145833334 0.48040865312500003 0.5217948708333333 0.48040865312500003 0.5217948708333333 0.5969951921875001 0.6778846145833334 0.5969951921875001 0.6778846145833334 0.48040865312500003
4 0.6044871791666666 0.56514423125 0.48397435833333335 0.56514423125 0.48397435833333335 0.6512019234374999 0.6044871791666666 0.6512019234374999 0.6044871791666666 0.56514423125
4 0.5951923083333334 0.6302884609375 0.41923076875000004 0.6302884609375 0.41923076875000004 0.7644230765625 0.5951923083333334 0.7644230765625 0.5951923083333334 0.6302884609375
4 0.4227564104166667 0.6704326921875 0.261858975 0.6704326921875 0.261858975 0.7990384609375 0.4227564104166667 0.7990384609375 0.4227564104166667 0.6704326921875
4 0.49823717916666665 0.7056490390625 0.39951923125 0.7056490390625 0.39951923125 0.788822115625 0.49823717916666665 0.788822115625 0.49823717916666665 0.7056490390625
4 0.624358975 0.700721153125 0.5195512812499999 0.700721153125 0.5195512812499999 0.7834134609375 0.624358975 0.7834134609375 0.624358975 0.700721153125
4 0.5717948708333334 0.7807692312500001 0.43493589791666665 0.7807692312500001 0.43493589791666665 0.8737980765625 0.5717948708333334 0.8737980765625 0.5717948708333334 0.7807692312500001
4 0.5676282041666667 0.8237980765625 0.3923076916666667 0.8237980765625 0.3923076916666667 0.971875 0.5676282041666667 0.971875 0.5676282041666667 0.8237980765625
4 0.55 0.943990384375 0.4147435895833333 0.943990384375 0.4147435895833333 0.9995192312500001 0.55 0.9995192312500001 0.55 0.943990384375
4 0.3990384625 0.8943509609375001 0.2875 0.8943509609375001 0.2875 0.9912259609375 0.3990384625 0.9912259609375 0.3990384625 0.8943509609375001
3 0.21891025625 0.77860576875 0.14775641041666668 0.77860576875 0.14775641041666668 0.8322115390624999 0.21891025625 0.8322115390624999 0.21891025625 0.77860576875
3 0.17243589791666666 0.8185096156249999 0.08429487083333333 0.8185096156249999 0.08429487083333333 0.8766826921875 0.17243589791666666 0.8766826921875 0.17243589791666666 0.8185096156249999
4 0.18429487083333335 0.8474759609375001 0.12980769166666667 0.8474759609375001 0.12980769166666667 0.8890625 0.18429487083333335 0.8890625 0.18429487083333335 0.8474759609375001