4 0.6288029104166667 0.4296875 0.5388558208333334 0.4296875 0.5388558208333334 0.504836309375 0.6288029104166667 0.504836309375 0.6288029104166667 0.4296875
4 0.4222883604166666 0.49565972187499996 0.31977513125 0.49565972187499996 0.31977513125 0.5665922625 0.4222883604166666 0.5665922625 0.4222883604166666 0.49565972187499996
4 0.4176587291666667 0.56299603125 0.34457671875 0.56299603125 0.34457671875 0.61259920625 0.4176587291666667 0.61259920625 0.4176587291666667 0.56299603125
4 0.41451719583333335 0.270709325 0.36954365 0.270709325 0.36954365 0.3203125 0.41451719583333335 0.3203125 0.41451719583333335 0.270709325
4 0.5543981479166666 0.593998015625 0.493882275 0.593998015625 0.493882275 0.644097221875 0.5543981479166666 0.644097221875 0.5543981479166666 0.593998015625
4 0.40443121666666665 0.3970734125 0.33531746041666666 0.3970734125 0.33531746041666666 0.45882936562500004 0.40443121666666665 0.45882936562500004 0.40443121666666665 0.3970734125
4 0.7857142854166667 0.6708829359374999 0.7050264541666666 0.6708829359374999 0.7050264541666666 0.721478175 0.7857142854166667 0.721478175 0.7857142854166667 0.6708829359374999
4 0.3725198416666667 0.3883928578125 0.31134259166666667 0.3883928578125 0.31134259166666667 0.43377976250000005 0.3725198416666667 0.43377976250000005 0.3725198416666667 0.3883928578125
4 0.7547949729166666 0.72333829375 0.7197420625 0.72333829375 0.7197420625 0.7511160718750001 0.7547949729166666 0.7511160718750001 0.7547949729166666 0.72333829375
4 0.10400132291666667 0.1444692453125 0.06266534375 0.1444692453125 0.06266534375 0.17943948437499999 0.10400132291666667 0.17943948437499999 0.10400132291666667 0.1444692453125
4 0.23677248750000002 0.3162202375 0.19808201041666665 0.3162202375 0.19808201041666665 0.34821428593750003 0.23677248750000002 0.34821428593750003 0.23677248750000002 0.3162202375