3 0.3372530416666667 0.3099149171875 0.5738969937499999 0.2943871703125 0.55152368125 0.1025910640625 0.3148797291666667 0.1181188125 0.3372530416666667 0.3099149171875
3 0.28241168958333335 0.5090852109374999 0.5686745333333333 0.4903016453125 0.5431956708333333 0.2718830953125 0.25693282708333337 0.29066666093750004 0.28241168958333335 0.5090852109374999
4 0.6003519520833334 0.8030706000000001 0.8026443604166666 0.7897968796875 0.7842114229166667 0.631779790625 0.5819190125 0.6450535093750001 0.6003519520833334 0.8030706000000001
4 0.7896387375 0.7739199343750001 0.9243731166666667 0.7650791359375 0.9117505604166667 0.6568717796875 0.7770161812499999 0.6657125781250001 0.7896387375 0.7739199343750001
4 0.6153245604166667 0.8902108390624999 0.7611277708333334 0.8806437421875 0.7487389666666666 0.774440228125 0.60293575625 0.7840073234375 0.6153245604166667 0.8902108390624999
4 0.6890917020833334 0.9126293984375 0.8001616854166667 0.9053413765625 0.7909452166666667 0.8263328296875001 0.6798752333333333 0.833620853125 0.6890917020833334 0.9126293984375
4 0.7114415708333334 0.917941546875 0.7195560708333333 0.98750341875 0.8172671229166667 0.9810919609375001 0.8091526229166667 0.9115300906250001 0.7114415708333334 0.917941546875
3 0.47841764791666663 0.8540511437499999 0.57536533125 0.8476897765625001 0.5667499354166666 0.7738339625 0.4698022520833333 0.7801953296875 0.47841764791666663 0.8540511437499999
5 0.5558414958333333 0.896277315625 0.6295064687499999 0.891443678125 0.6228278666666667 0.834191109375 0.5491628958333333 0.839024746875 0.5558414958333333 0.896277315625
4 0.50248621875 0.9433348515625 0.57844129375 0.9383509453125001 0.5712284041666666 0.876518171875 0.49527333125 0.881502078125 0.50248621875 0.9433348515625
4 0.5638822020833333 0.9553154578124999 0.5687909750000001 0.9973960953125 0.63902079375 0.9927878609375 0.6341120208333333 0.9507072234375 0.5638822020833333 0.9553154578124999
4 0.5291072916666667 1 0.5775697020833334 0.9968200671874999 0.57396325625 0.9659036796875 0.5117488 0.9699859734375 0.51524998125 1 0.5291072916666667 1
4 0.5130346020833333 0.9694689234375 0.5615084458333333 0.9662882390625 0.5577684291666666 0.9342268015625 0.5092945854166666 0.937407484375 0.5130346020833333 0.9694689234375
4 0.11822000625000001 0.8951375171875 0.04474587708333333 0.8999586328125 0.0529271625 0.9700930296875001 0.12640129375 0.9652719140625001 0.11822000625000001 0.8951375171875
4 0.07716693749999999 0.93720524375 0.14357991666666667 0.93284745625 0.13690131666666666 0.8755948874999999 0.0704883375 0.879952675 0.07716693749999999 0.93720524375
4 0.23503877916666666 0.9091063265624999 0.30565027916666665 0.904473046875 0.29907185625000005 0.8480792671874999 0.22846035625 0.8527125468750001 0.23503877916666666 0.9091063265624999
5 0.09238073958333333 0.8483727312499999 0.21909976041666665 0.8400578734374999 0.20851417708333334 0.749312553125 0.08179515624999999 0.7576274109375001 0.09238073958333333 0.8483727312499999
3 0.166154975 0.7158910406250001 0.28104179791666667 0.7083525703125 0.27045621458333335 0.617607246875 0.15556939375 0.62514571875 0.166154975 0.7158910406250001
4 0.22863502083333334 0.8179423828125 0.31985744583333336 0.8119566859375 0.3121770541666667 0.74611623125 0.22095462916666667 0.7521019265625 0.22863502083333334 0.8179423828125
5 0.23605017083333332 0.754572859375 0.3398681625 0.7477606859375 0.3315199104166667 0.676194975 0.22770192083333332 0.683007146875 0.23605017083333332 0.754572859375
4 0.09731511875000001 0.773627828125 0.19502617083333332 0.767216371875 0.19028436458333334 0.7265670484375 0.09257331249999999 0.73297850625 0.09731511875000001 0.773627828125