1 0.881668025 0.099393140625 0.9609862562499999 0.10251080937499998 0.9656883145833334 0.03522034375 0.8863700833333333 0.0321026734375 0.881668025 0.099393140625
1 0.8162937083333334 0.1253049640625 0.8887853708333334 0.128154309375 0.8931978104166666 0.0650085453125 0.8207061479166666 0.062159200000000005 0.8162937083333334 0.1253049640625
0 1 0.2392393234375 0.9704194354166666 0.23807663437499998 0.9689031916666667 0.259775371875 1 0.2609976578125 1 0.2392393234375
0 0.85556331875 0.2840463453125 0.9108260208333333 0.2862184921875 0.9144547833333333 0.23428780468750002 0.85919208125 0.232115659375 0.85556331875 0.2840463453125
2 0.8856974208333334 0.27264029375 0.9325081791666666 0.2744802296875 0.9356088124999999 0.23010753125 0.8887980541666667 0.22826759531250002 0.8856974208333334 0.27264029375
1 0.7376132208333334 0.2530068453125 0.8075042854166666 0.25575397187500004 0.8113715583333333 0.20041000156250002 0.74148049375 0.197662875 0.7376132208333334 0.2530068453125
1 0.7806349791666667 0.2857462625 0.8404487270833333 0.288097290625 0.84382194375 0.2398236953125 0.78400819375 0.237472665625 0.7806349791666667 0.2857462625
2 0.9278132583333334 0.3370037015625 0.97137326875 0.3387158640625 0.9733154249999999 0.31092197499999996 0.9297554125 0.3092098125 0.9278132583333334 0.3370037015625
2 0.9275980041666667 0.36107609375 0.9724583145833333 0.362839365625 0.9745708333333333 0.33260741718750003 0.9297105229166667 0.3308441453125 0.9275980041666667 0.36107609375
1 0.95957458125 0.36062163125 0.9904566791666666 0.3618354765625 0.99244994375 0.3333101703125 0.9615678458333333 0.3320963234375 0.95957458125 0.36062163125
1 0.87197385625 0.3804036 0.9018807291666667 0.3815791140625 0.90326068125 0.361830825 0.8733538083333333 0.36065531093750003 0.87197385625 0.3804036
2 0.7111838895833333 0.3816623625 0.7690471895833333 0.3839367265625 0.77202856875 0.3412706703125 0.71416526875 0.3389963046875 0.7111838895833333 0.3816623625
1 0.7148658520833333 0.4222678078125 0.7808560208333333 0.42486160625 0.784433675 0.3736623390625 0.7184435062500001 0.37106853906250004 0.7148658520833333 0.4222678078125
2 0.6692596187500001 0.41485227656249996 0.72614769375 0.41708830937499997 0.7290098166666666 0.3761288953125 0.6721217416666666 0.3738928625 0.6692596187500001 0.41485227656249996
1 0.5120180895833334 0.4679571171875 0.642047975 0.47306805 0.6483344229166667 0.383103621875 0.5183045375 0.3779926890625 0.5120180895833334 0.4679571171875
1 0.5410045458333334 0.53828306875 0.6632326395833333 0.5430873453125 0.6688887395833334 0.462143740625 0.5466606458333333 0.4573394640625 0.5410045458333334 0.53828306875
1 0.6413517979166666 0.5483391921874999 0.7483013791666667 0.5525429359375 0.7535486041666667 0.47745067499999994 0.6465990229166666 0.4732469328125 0.6413517979166666 0.5483391921874999
1 0.21348556458333334 0.5908069031250001 0.36822112916666666 0.5968889140625 0.3758193833333333 0.4881514203125 0.22108381875 0.48206940937500004 0.21348556458333334 0.5908069031250001
1 0.3381038395833333 0.6360436140625 0.4944647791666667 0.6421895109375 0.5025911645833333 0.52589403125 0.346230225 0.519748134375 0.3381038395833333 0.6360436140625
2 0.5955524249999999 0.6393175265625 0.6456139333333333 0.6412852359375 0.6479990354166667 0.607152390625 0.5979375270833334 0.60518468125 0.5955524249999999 0.6393175265625
2 0.40106428541666667 0.6913250718749999 0.49241028124999997 0.6949155031250001 0.4971804854166667 0.6266498125 0.40583448958333335 0.62305938125 0.40106428541666667 0.6913250718749999