1 0.32483974375 0.8816105765625 0.24503205208333334 0.8816105765625 0.24503205208333334 0.9438701921874999 0.32483974375 0.9438701921874999 0.32483974375 0.8816105765625
0 0.2875 0.8177884609375001 0.199358975 0.8177884609375001 0.199358975 0.8956730765625001 0.2875 0.8956730765625001 0.2875 0.8177884609375001
0 0.36746794791666665 0.8228365390624999 0.28669871875 0.8228365390624999 0.28669871875 0.89326923125 0.36746794791666665 0.89326923125 0.36746794791666665 0.8228365390624999
1 0.5116987187500001 0.7264423078125 0.380608975 0.7264423078125 0.380608975 0.8420673078125 0.5116987187500001 0.8420673078125 0.5116987187500001 0.7264423078125
1 0.41891025625 0.752403846875 0.33493589791666667 0.752403846875 0.33493589791666667 0.8435096156249999 0.41891025625 0.8435096156249999 0.41891025625 0.752403846875
2 0.5673076916666666 0.6509615390625 0.45576923124999996 0.6509615390625 0.45576923124999996 0.7408653843749999 0.5673076916666666 0.7408653843749999 0.5673076916666666 0.6509615390625
1 0.45641025625 0.6575721156250001 0.3621794875 0.6575721156250001 0.3621794875 0.7359375 0.45641025625 0.7359375 0.45641025625 0.6575721156250001
0 0.4190705125 0.711177884375 0.355608975 0.711177884375 0.355608975 0.7527644234374999 0.4190705125 0.7527644234374999 0.4190705125 0.711177884375
1 0.0559294875 0.8048076921874999 0.0036858979166666667 0.8048076921874999 0.0036858979166666667 0.8442307687499999 0.0559294875 0.8442307687499999 0.0559294875 0.8048076921874999
1 0.16009615416666667 0.6387019234375 0.06426282083333333 0.6387019234375 0.06426282083333333 0.7168269234375 0.16009615416666667 0.7168269234375 0.16009615416666667 0.6387019234375
1 0 0.6686298078124999 0.07211538541666668 0.6686298078124999 0.07211538541666668 0.614302884375 0 0.614302884375 0 0.6686298078124999
1 0.075641025 0.652884615625 0.03525641041666667 0.652884615625 0.03525641041666667 0.706009615625 0.075641025 0.706009615625 0.075641025 0.652884615625
1 0.350641025 0.371033653125 0.29743589791666664 0.371033653125 0.29743589791666664 0.422716346875 0.350641025 0.422716346875 0.350641025 0.371033653125
1 0.5134615375 0.46634615312500005 0.41217948750000005 0.46634615312500005 0.41217948750000005 0.5403846156250001 0.5134615375 0.5403846156250001 0.5134615375 0.46634615312500005
1 0.5293269229166666 0.411778846875 0.4421474354166667 0.411778846875 0.4421474354166667 0.489903846875 0.5293269229166666 0.489903846875 0.5293269229166666 0.411778846875
1 0.6048076916666666 0.38713942343749996 0.511858975 0.38713942343749996 0.511858975 0.44819711562500003 0.6048076916666666 0.44819711562500003 0.6048076916666666 0.38713942343749996
1 0.6536858979166666 0.1808894234375 0.5475961541666667 0.1808894234375 0.5475961541666667 0.2657451921875 0.6536858979166666 0.2657451921875 0.6536858979166666 0.1808894234375
1 0.6213141020833334 0.0889423078125 0.49214743541666667 0.0889423078125 0.49214743541666667 0.20264423125 0.6213141020833334 0.20264423125 0.6213141020833334 0.0889423078125
1 0.6666666666666666 0.11766826875 0.5926282041666667 0.11766826875 0.5926282041666667 0.19483173125 0.6666666666666666 0.19483173125 0.6666666666666666 0.11766826875
1 0.5333333333333333 0.03076923125 0.45608974375 0.03076923125 0.45608974375 0.11514423124999999 0.5333333333333333 0.11514423124999999 0.5333333333333333 0.03076923125