4 0.9987179479166667 0.25889423125 0.9403846145833333 0.25889423125 0.9403846145833333 0.3358173078125 0.9987179479166667 0.3358173078125 0.9987179479166667 0.25889423125
4 0.99919871875 0.3612980765625 0.88798076875 0.3612980765625 0.88798076875 0.43677884687499996 0.99919871875 0.43677884687499996 0.99919871875 0.3612980765625
4 0.99919871875 0.44543269218750003 0.8857371791666666 0.44543269218750003 0.8857371791666666 0.52235576875 0.99919871875 0.52235576875 0.99919871875 0.44543269218750003
4 0.9777243583333333 0.521875 0.8799679479166667 0.521875 0.8799679479166667 0.5795673078125 0.9777243583333333 0.5795673078125 0.9777243583333333 0.521875
4 0.04487179583333333 0.48834134687499997 0.0035256416666666667 0.48834134687499997 0.0035256416666666667 0.5193509609375 0.04487179583333333 0.5193509609375 0.04487179583333333 0.48834134687499997
4 0 0.583052884375 0.029807691666666667 0.583052884375 0.029807691666666667 0.55733173125 0 0.55733173125 0 0.583052884375
4 0.16474358958333332 0.885697115625 0.11570512916666667 0.885697115625 0.11570512916666667 0.9188701921875 0.16474358958333332 0.9188701921875 0.16474358958333332 0.885697115625
5 0.5514423083333334 0.757091346875 0.519391025 0.757091346875 0.519391025 0.7825721156250001 0.5514423083333334 0.7825721156250001 0.5514423083333334 0.757091346875
3 0.5208333333333334 0.7586538468749999 0.4875 0.7586538468749999 0.4875 0.783653846875 0.5208333333333334 0.783653846875 0.5208333333333334 0.7586538468749999
4 0.5666666666666667 0.7118990390625 0.53205128125 0.7118990390625 0.53205128125 0.7352163468749999 0.5666666666666667 0.7352163468749999 0.5666666666666667 0.7118990390625
4 0.21426282083333334 0.7508413468749999 0.181891025 0.7508413468749999 0.181891025 0.7751201921875001 0.21426282083333334 0.7751201921875001 0.21426282083333334 0.7508413468749999
4 0.24615384583333333 0.7534855765625 0.20961538541666666 0.7534855765625 0.20961538541666666 0.7796875 0.24615384583333333 0.7796875 0.24615384583333333 0.7534855765625
4 0.2365384625 0.729927884375 0.20416666666666666 0.729927884375 0.20416666666666666 0.7527644234374999 0.2365384625 0.7527644234374999 0.2365384625 0.729927884375