5 0.4362890292275574 0.603596321875 0.27574500626304804 0.573637775 0.2303148580375783 0.7100108453125 0.39085888308977035 0.7399693921875 0.4362890292275574 0.603596321875
5 0.32844105636743215 0.577965178125 0.21797824425887266 0.5573521078125 0.1830864739039666 0.6620908796875 0.29354928810020875 0.68270395 0.32844105636743215 0.577965178125
5 0.4701017473903967 0.6402596828125 0.38379157411273485 0.6241536484375 0.34987394154488516 0.725968240625 0.4361841127348643 0.7420742734375 0.4701017473903967 0.6402596828125
4 0.5266741774530271 0.5565082546875 0.4162113611691023 0.5358951828125 0.3848619039665971 0.6300005765625001 0.49532471816283924 0.6506136484375 0.5266741774530271 0.5565082546875
4 0.6847600668058454 0.619326565625 0.6215369770354906 0.6075287296874999 0.6006373382045929 0.6702656593749999 0.6638604279749478 0.6820634953125 0.6847600668058454 0.619326565625
4 0.5966033131524008 0.51929741875 0.5063860960334029 0.50246230625 0.4803501043841336 0.5806176328125 0.5705673215031315 0.5974527453125 0.5966033131524008 0.51929741875
4 0.7568068350730689 0.51403861875 0.6619722025052192 0.496341865625 0.6352277494780794 0.5766238687499999 0.730062382045929 0.594320621875 0.7568068350730689 0.51403861875
4 0.6937717244258873 0.4620395765625 0.6344556805845512 0.4509708203125 0.6093938246346555 0.5262019687499999 0.6687098705636744 0.5372707250000001 0.6937717244258873 0.4620395765625
4 0.6070082588726513 0.43483692031250004 0.5018732359081419 0.4152180484375 0.4672471398747391 0.5191593171875 0.5723821628392485 0.5387781875 0.6070082588726513 0.43483692031250004
4 0.8031889144050104 0.45351563749999996 0.7179443006263049 0.43760844375 0.694122254697286 0.509117909375 0.7793668684759917 0.5250251031250001 0.8031889144050104 0.45351563749999996
4 0.34256054279749476 0.42403140156249997 0.20652434237995826 0.398646171875 0.16419371816283926 0.5257150375 0.3002299185803758 0.5511002671874999 0.34256054279749476 0.42403140156249997
4 0.6762541189979123 0.37702748750000004 0.5878128288100208 0.360523775 0.5554892359081419 0.457553346875 0.6439305240083507 0.47405705937500003 0.6762541189979123 0.37702748750000004
4 0.7478398308977036 0.4090215953125 0.7137419832985387 0.40265871718749996 0.6999269686847599 0.44412889062499994 0.7340248162839249 0.4504917671875 0.7478398308977036 0.4090215953125
4 0.507017108559499 0.35617645000000003 0.39477836534446764 0.33523197968749996 0.35616716910229645 0.45113579687499994 0.46840591231732776 0.47208026875 0.507017108559499 0.35617645000000003
4 0.520829375782881 0.363977565625 0.4732344655532359 0.35509605 0.4487925156576201 0.42846635624999996 0.49638742588726514 0.43734787343750003 0.520829375782881 0.363977565625
4 0.3453113277661795 0.3172479546875 0.22312737995824636 0.2944476453125 0.18433906889352816 0.41088313125000003 0.30652301670146137 0.43368344218750005 0.3453113277661795 0.3172479546875
5 0.7441455866388309 0.39746136875000004 0.6667150605427975 0.3830123359375 0.6448412881002088 0.44867344375 0.7222718121085594 0.46312247656250005 0.7441455866388309 0.39746136875000004
3 0.8940448997912317 0.385761978125 0.8379255281837161 0.3752897421875 0.8218080083507306 0.4236716125 0.877927382045929 0.43414384687499996 0.8940448997912317 0.385761978125
4 0.8260468496868476 0.3967913359375 0.7802278684759917 0.38824122031249997 0.7591511148225469 0.45150981718749994 0.8049700939457202 0.460059934375 0.8260468496868476 0.3967913359375
4 0.5630439874739039 0.30973590624999997 0.479220114822547 0.2940938328125 0.4502617181628393 0.381021696875 0.5340855908141963 0.39666376875 0.5630439874739039 0.30973590624999997
4 0.39942514613778707 0.265791484375 0.30388013778705636 0.24796217187499997 0.27359337369519837 0.3388775515625 0.369138382045929 0.3567068640625 0.39942514613778707 0.265791484375
4 0.36571864718162844 0.24976021875 0.2936159102296451 0.23630538437499998 0.27218492693110646 0.30063731875 0.3442876617954071 0.314092153125 0.36571864718162844 0.24976021875
4 0.3314016764091858 0.194225828125 0.2553918956158664 0.180041915625 0.22979869519832988 0.25686806875 0.3058084759916493 0.2710519828125 0.3314016764091858 0.194225828125
5 0.8721913027139875 0.317729440625 0.790853732776618 0.3025513265625 0.7610983152400835 0.3918717 0.842435885177453 0.40704981250000005 0.8721913027139875 0.317729440625
5 0.7778060229645093 0.253950696875 0.6957580793319416 0.2386400234375 0.6652056430062631 0.33035290625 0.7472535866388309 0.3456635796875 0.7778060229645093 0.253950696875
4 0.6975398559498956 0.2984092734375 0.6396445532359082 0.2876056375 0.6175936638830898 0.3537984140625 0.6754889645093946 0.36460205 0.6975398559498956 0.2984092734375
4 0.692852860125261 0.2677456796875 0.6463235073068894 0.2590630046875 0.6260437724425888 0.31993909062500003 0.6725731252609604 0.32862176718749997 0.692852860125261 0.2677456796875
4 0.6836541899791231 0.25628773125 0.6229174008350731 0.24495385625 0.599272471816284 0.3159316546875 0.660009260960334 0.3272655296875 0.6836541899791231 0.25628773125
4 0.5709740876826722 0.23836686093749998 0.5013576534446764 0.22537598593750002 0.47735849269311065 0.2974171203125 0.5469749269311065 0.31040799531249996 0.5709740876826722 0.23836686093749998
4 0.5322477306889353 0.1654915953125 0.4786146597077244 0.1554833203125 0.45771502087682675 0.21822024999999998 0.5113480918580375 0.22822852500000002 0.5322477306889353 0.1654915953125
4 0.5139765448851774 0.134269625 0.4706438643006263 0.12618346875 0.45567759707724426 0.171109490625 0.4990102776617954 0.179195646875 0.5139765448851774 0.134269625
4 0.5415272045929018 0.11498662343749999 0.49499785177453026 0.10630394843749999 0.4810057202505219 0.148305790625 0.5275350730688936 0.15698846718749998 0.5415272045929018 0.11498662343749999
4 0.8856506555323591 0.2756281765625 0.8050234551148227 0.2605826234375 0.7849208371607516 0.32092704375 0.8655480354906054 0.335972596875 0.8856506555323591 0.2756281765625
4 0.7765294572025052 0.2141820953125 0.7253826889352818 0.204637778125 0.7082024759916493 0.2562096625 0.7593492463465553 0.265753978125 0.7765294572025052 0.2141820953125
4 0.8965818141962422 0.23601991562500002 0.8244790772442588 0.22256508125000002 0.8051734780793319 0.28051699218750004 0.8772762150313153 0.2939718265625 0.8965818141962422 0.23601991562500002
4 0.8167634530271398 0.1800419328125 0.7457262713987474 0.1667859390625 0.728634617954071 0.21809198593749998 0.7996717995824635 0.23134798124999997 0.8167634530271398 0.1800419328125
4 0.8311660271398748 0.15096405625 0.7654566367432151 0.1387022609375 0.750313254697286 0.184159953125 0.8160226450939457 0.196421746875 0.8311660271398748 0.15096405625