5 1 0.4925922171875 0.7833071670146138 0.50678121875 0.8048469144050104 0.69104685 1 0.6782682656250001 1 0.4925922171875
4 0.733149713987474 0.4563391671875 0.9852559979123173 0.4398312984375 0.9654600981210856 0.2704837234375 0.7133538162839249 0.28699159218750003 0.733149713987474 0.4563391671875
4 0.6528578475991649 0.3008351640625 0.8425835135699374 0.28841196562500004 0.8240793528183716 0.13011480625 0.6343536889352818 0.142538003125 0.6528578475991649 0.3008351640625
3 0.6198237995824635 0.7946082750000001 0.8217302943632568 0.781387478125 0.8045824592901879 0.6346932515625 0.6026759645093945 0.6479140484375 0.6198237995824635 0.7946082750000001
3 0.5429388935281837 0.6682497359374999 0.7286042818371607 0.6560924046875 0.7137492839248434 0.529012659375 0.5280838956158664 0.5411699921875 0.5429388935281837 0.6682497359374999
4 0.5246415448851774 0.5642221375 0.7187966033402922 0.551508903125 0.7018102379958246 0.40619597656249995 0.5076551774530271 0.4189092109375 0.5246415448851774 0.5642221375
4 0.4622540688935282 0.4107470703125 0.644966528183716 0.3987830953125 0.6297885970772443 0.26894074687499997 0.4470761356993737 0.280904721875 0.4622540688935282 0.4107470703125
4 0.47636840918580375 0.5458089984375001 0.5915326263048017 0.53826806875 0.5771943235908142 0.41560848906250003 0.4620301064718163 0.42314941875 0.47636840918580375 0.5458089984375001
4 0.4341800814196242 0.4394485265625 0.556357503131524 0.4314483734375 0.5437630480167014 0.3237068515625 0.4215856263048017 0.331707003125 0.4341800814196242 0.4394485265625
4 0.3419619665970772 0.3839661015625 0.45306590605427977 0.3766910375 0.4439591482254697 0.298785628125 0.33285520668058455 0.3060606921875 0.3419619665970772 0.3839661015625
4 0.2814905114822547 0.4552924796875 0.41658699791231735 0.44644639062499997 0.4060593256784969 0.356385528125 0.27096283924843423 0.36523161875 0.2814905114822547 0.4552924796875
3 0.3388161127348643 0.6338743625000001 0.4801875720250522 0.6246173890625 0.4691109102296451 0.5298600984374999 0.3277394530271399 0.5391170734374999 0.3388161127348643 0.6338743625000001
4 0.3893282922755741 0.720760296875 0.5295924008350731 0.7115758328124999 0.5163197849686847 0.59803284375 0.3760556743215031 0.6072173078125 0.3893282922755741 0.720760296875
4 0.30050718371607515 0.5893374671875 0.44520068684759917 0.5798629671875 0.43321981002087684 0.47737038906249996 0.2885263068893528 0.4868448890625 0.30050718371607515 0.5893374671875
4 0.18753474112734866 0.586991759375 0.3141415574112735 0.5787015703125 0.30245131941544884 0.4786953359375 0.17584450521920666 0.486985525 0.18753474112734866 0.586991759375
4 0.09642155114822548 0.5393706671875 0.22044455114822548 0.531249665625 0.21043357620041755 0.44560896874999995 0.08641057411273487 0.4537299703125 0.09642155114822548 0.5393706671875
5 0.11601816492693111 0.767468390625 0.25738962212943634 0.758211415625 0.24440764718162838 0.64715476875 0.10303618997912317 0.65641174375 0.11601816492693111 0.767468390625
4 0.047894496868475994 0.6842410250000001 0.16822634029227557 0.6763617203125001 0.15753720041753652 0.58491955625 0.037205356993736956 0.5927988609375 0.047894496868475994 0.6842410250000001
4 0.022542446764091856 0.5787267421875 0.1402904759916493 0.571016625 0.13208793528183715 0.5008465046875 0.014339906054279749 0.5085566203125 0.022542446764091856 0.5787267421875