3 0.6544312166666667 0.070560515625 0.46428571458333334 0.070560515625 0.46428571458333334 0.255084325 0.6544312166666667 0.255084325 0.6544312166666667 0.070560515625
4 0.6514550270833334 0.26909722187499996 0.48445767291666664 0.26909722187499996 0.48445767291666664 0.41815476250000005 0.6514550270833334 0.41815476250000005 0.6514550270833334 0.26909722187499996
4 0.43799603125 0.20498511874999997 0.27331349166666663 0.20498511874999997 0.27331349166666663 0.352306546875 0.43799603125 0.352306546875 0.43799603125 0.20498511874999997
4 0.4494047625 0.3685515875 0.31911375625 0.3685515875 0.31911375625 0.497271825 0.4494047625 0.497271825 0.4494047625 0.3685515875
4 0.65062830625 0.428571428125 0.5044642854166667 0.428571428125 0.5044642854166667 0.559027778125 0.65062830625 0.559027778125 0.65062830625 0.428571428125
4 0.48363095208333334 0.47581845312500004 0.36160714374999997 0.47581845312500004 0.36160714374999997 0.591641865625 0.48363095208333334 0.591641865625 0.48363095208333334 0.47581845312500004
4 0.5109126979166666 0.533358134375 0.424603175 0.533358134375 0.424603175 0.6159474203124999 0.5109126979166666 0.6159474203124999 0.5109126979166666 0.533358134375
4 0.5869709000000001 0.5407986109375 0.4550264541666667 0.5407986109375 0.4550264541666667 0.6538938484375 0.5869709000000001 0.6538938484375 0.5869709000000001 0.5407986109375
4 0.6630290999999999 0.5933779765625 0.5519179895833334 0.5933779765625 0.5519179895833334 0.698288690625 0.6630290999999999 0.698288690625 0.6630290999999999 0.5933779765625
3 0.44957010625000005 0.942832340625 0.38574735416666667 0.942832340625 0.38574735416666667 0.9986359125 0.44957010625000005 0.9986359125 0.44957010625000005 0.942832340625
3 0.4021164020833333 0.9444444437499999 0.31911375625 0.9444444437499999 0.31911375625 0.999255953125 0.4021164020833333 0.999255953125 0.4021164020833333 0.9444444437499999