3 0.61563956875 0.7714085828125 0.90033250625 0.7863393359375 0.9203728937500001 0.5713961671875001 0.63567995625 0.556465415625 0.61563956875 0.7714085828125
3 0.4827165958333334 0.7856077140625 0.7074342208333333 0.797393053125 0.7192726479166667 0.6704200046875 0.4945550229166667 0.6586346640625 0.4827165958333334 0.7856077140625
3 0.74366305625 1 0.7658153520833333 0.7624055515625 0.47163265 0.7469771078125 0.44848666666666664 0.9952293484375 0.5394513291666667 1 0.74366305625 1
4 0.4177767791666666 0.9441260578125 0.5016662979166667 0.948525653125 0.5160263625 0.7945067734375 0.43213684375 0.790107178125 0.4177767791666666 0.9441260578125
4 0.33543361666666666 0.6613037984375 0.4067966479166667 0.6650464406250001 0.41205227083333335 0.6086772375 0.34068924166666664 0.604934596875 0.33543361666666666 0.6613037984375
4 0.40695711875 0.6367324390625 0.5140016645833333 0.6423464015625 0.5210091645833334 0.5671874671875 0.41396461874999996 0.5615735046875 0.40695711875 0.6367324390625
4 0.41243168541666664 0.5677869796875 0.5407333020833334 0.574515771875 0.5493334145833334 0.482275259375 0.4210317979166666 0.4755464671875 0.41243168541666664 0.5677869796875
4 0.31858919166666666 0.561721059375 0.4165235625 0.5668572375 0.42353106041666666 0.491698303125 0.3255966895833333 0.48656212343750005 0.31858919166666666 0.561721059375
5 0.30150465833333334 0.49130640000000003 0.4203165125 0.49753749999999997 0.4290758875 0.4035888328125 0.31026403333333336 0.39735773124999996 0.30150465833333334 0.49130640000000003
3 0.41335506666666666 0.48015035 0.5644321166666667 0.48807360156249996 0.5734303833333333 0.3915626953125 0.42235333333333336 0.3836394421875 0.41335506666666666 0.48015035
3 0.40691095416666667 0.395846434375 0.6217592229166667 0.40711417499999997 0.6368625083333334 0.24512389375 0.42201423958333334 0.233856153125 0.40691095416666667 0.395846434375
3 0.23845106458333334 0.39230410937500004 0.3948423833333334 0.40050606875000005 0.40620302708333333 0.2786574921875 0.24981170833333335 0.2704555328125 0.23845106458333334 0.39230410937500004
3 0.40634059375000003 0.17081065625 0.5794339 0.1798885546875 0.5922013520833332 0.04295125 0.41910804583333333 0.033873353125 0.40634059375000003 0.17081065625
3 0.5388111166666667 0.188057146875 0.65003115625 0.1938900953125 0.6583392916666667 0.1047812046875 0.54711925 0.0989482578125 0.5388111166666667 0.188057146875
3 0.14537623749999998 0.20003710468749997 0.32795930625 0.20961269374999997 0.34093910624999996 0.070397846875 0.1583560375 0.0608222578125 0.14537623749999998 0.20003710468749997