4 0.06219070416666667 0.025495610937500003 0.010982777083333334 0.0248252328125 0.00788895625 0.157758940625 0.05909688333333333 0.1584293203125 0.06219070416666667 0.025495610937500003
4 0.029573891666666668 0.3598324828125 0.00319405 0.3594871359375 0.0010753249999999998 0.45052345000000005 0.027455164583333334 0.45086879687500003 0.029573891666666668 0.3598324828125
4 0.06933501666666667 0.2520850953125 0.16071616666666666 0.25328139375 0.16229919166666665 0.1852627828125 0.07091804166666667 0.184066484375 0.06933501666666667 0.2520850953125
4 0.12427445625 0.39625607343749997 0.23255249583333332 0.397673575 0.23440638125 0.3180167984375 0.12612834166666667 0.3165992984375 0.12427445625 0.39625607343749997
4 0.18574970416666667 0.7116457671875 0.48679024374999996 0.7155867781249999 0.49206298333333337 0.489030496875 0.19102244375 0.4850894859375 0.18574970416666667 0.7116457671875
5 0.40528244583333334 0.4606010828125 0.6077003125 0.4632509953125 0.6109927645833333 0.3217826328125 0.40857489999999996 0.3191327203125 0.40528244583333334 0.4606010828125
4 0.6395800729166666 0.8275364890624999 0.79510044375 0.8295724515625 0.79802573125 0.70388026875 0.6425053604166667 0.7018443046875 0.6395800729166666 0.8275364890624999
3 1 0.337094078125 0.79627598125 0.3344270671875 0.79217696875 0.510551296875 0.99976735 0.513268925 1 0.503272546875 1 0.337094078125
4 0.74346685 0.580410646875 0.8972630458333334 0.5824240374999999 0.8997910708333333 0.47380116406250006 0.745994875 0.471787771875 0.74346685 0.580410646875
4 0.8365138125 0.6508322578125 0.99651703125 0.6529269078125 0.9999358854166667 0.5060274 0.8399326666666667 0.5039327499999999 0.8365138125 0.6508322578125
4 0.9884394541666667 1 0.98911051875 0.9711660671875 0.8380729979166667 0.9691887890625001 0.8373559166666666 1 0.9884394541666667 1
4 0.8767812604166667 0.9363226250000001 0.9898869833333334 0.937803325 0.9924029708333334 0.829697703125 0.8792972479166666 0.828217003125 0.8767812604166667 0.9363226250000001
4 0.5056385 0.5652673984375001 0.6077095187499999 0.566603640625 0.60958748125 0.48591236093749995 0.5075164625 0.48457611875 0.5056385 0.5652673984375001