4 0.46428571458333334 0.147321428125 0.25529100625 0.147321428125 0.25529100625 0.34474206406249996 0.46428571458333334 0.34474206406249996 0.46428571458333334 0.147321428125
4 0.45188492083333337 0.3121279765625 0.30274470833333333 0.3121279765625 0.30274470833333333 0.44308035781250005 0.45188492083333337 0.44308035781250005 0.45188492083333337 0.3121279765625
4 0.59937169375 0.40401785781250005 0.42245370416666667 0.40401785781250005 0.42245370416666667 0.5572916671875 0.59937169375 0.5572916671875 0.59937169375 0.40401785781250005
4 0.46114417916666667 0.430803571875 0.36656746041666666 0.430803571875 0.36656746041666666 0.553075396875 0.46114417916666667 0.553075396875 0.46114417916666667 0.430803571875
4 0.5970568791666667 0.5491071421875 0.45651454999999996 0.5491071421875 0.45651454999999996 0.68700396875 0.5970568791666667 0.68700396875 0.5970568791666667 0.5491071421875
4 0.6893187833333333 0.5911458328125 0.5861441791666666 0.5911458328125 0.5861441791666666 0.683159721875 0.6893187833333333 0.683159721875 0.6893187833333333 0.5911458328125
4 0.6731150791666667 0.6860119046875 0.5613425916666667 0.6860119046875 0.5613425916666667 0.7802579359374999 0.6731150791666667 0.7802579359374999 0.6731150791666667 0.6860119046875
4 0.6164021166666667 0.6679067453124999 0.55026455 0.6679067453124999 0.55026455 0.734375 0.6164021166666667 0.734375 0.6164021166666667 0.6679067453124999
3 0.950396825 0.87177579375 0.8640873020833334 0.87177579375 0.8640873020833334 0.9322916671874999 0.950396825 0.9322916671874999 0.950396825 0.87177579375
4 0.9953703708333334 0.07118055625 0.9292328041666666 0.07118055625 0.9292328041666666 0.1356646828125 0.9953703708333334 0.1356646828125 0.9953703708333334 0.07118055625
4 0.9222883604166667 0 0.9222883604166667 0.068204365625 0.9884259249999999 0.068204365625 0.9884259249999999 0 0.9222883604166667 0
3 0.9651124333333333 0.8280009921874999 0.8959986770833334 0.8280009921874999 0.8959986770833334 0.8711557546875 0.9651124333333333 0.8711557546875 0.9651124333333333 0.8280009921874999