4 0.26255966597077246 0.1925585453125 0.3788993152400835 0.20791185625000003 0.40113748434237995 0.113519725 0.2847978350730689 0.0981664140625 0.26255966597077246 0.1925585453125
5 0.28013443423799583 0.4072274765625 0.4180559311064718 0.4254289390625 0.442910356993737 0.31993185 0.3049888580375783 0.30173038750000003 0.28013443423799583 0.4072274765625
3 0.16150566805845512 0.4554591125 0.30111324843423803 0.47388308593749995 0.3275731022964509 0.3615715921875 0.18796552192066804 0.34314761875 0.16150566805845512 0.4554591125
5 0.14334731732776618 0.462431125 0.23540738830897703 0.4745802671875 0.2533644112734864 0.39835988125 0.16130434237995825 0.3862107390625 0.14334731732776618 0.462431125
5 0.6255093319415449 0.53738201875 0.7792799979123174 0.5576750921875 0.8037776597077244 0.453692315625 0.6500069937369519 0.43339924375 0.6255093319415449 0.53738201875
5 0.5005996764091858 0.57021175625 0.6128927306889353 0.585031040625 0.6348335970772442 0.491900834375 0.5225405448851774 0.47708155156250004 0.5005996764091858 0.57021175625
4 0.781022139874739 0.48608087343750006 0.9334439436325678 0.5061959375 0.9578821440501043 0.40246554687499997 0.8054603423799582 0.38235048437499997 0.781022139874739 0.48608087343750006
4 0.5075535490605428 0.4713303515625 0.6198466033402923 0.486149634375 0.640063121085595 0.40033860624999995 0.5277700668058455 0.3855193234375 0.5075535490605428 0.4713303515625
4 0.4631216409185804 0.47249295937499997 0.5366348100208768 0.48219447187500003 0.5525107223382045 0.41480757500000004 0.47899755323590815 0.4051060625 0.4631216409185804 0.47249295937499997
4 0.5437622296450939 0.4098796703125 0.6300896221294363 0.42127227187500005 0.6390681356993737 0.3831620796875 0.5527407432150313 0.371769478125 0.5437622296450939 0.4098796703125
4 0.42562643632567854 0.5489974515625 0.512628260960334 0.5604790578125 0.5293960772442589 0.48930638125000003 0.44239425260960336 0.47782477500000003 0.42562643632567854 0.5489974515625
5 0.5360934008350731 0.6106778 0.6524330501043841 0.6260311125 0.6726495678496869 0.5402200828125 0.5563099185803757 0.5248667703125001 0.5360934008350731 0.6106778
5 0.4217095678496869 0.6593395234375 0.5333281899791231 0.6740698015625 0.5538420083507307 0.5869968453125 0.44222338830897706 0.5722665671875 0.4217095678496869 0.6593395234375
3 0.42175411899791226 0.7388463828125 0.53033778914405 0.753176140625 0.5490083382045928 0.6739271312499999 0.4404246680584551 0.6595973734375 0.42175411899791226 0.7388463828125
3 0.5267611127348643 0.71965461875 0.6586127160751565 0.7370550390624999 0.6828130772442588 0.6343341890625 0.5509614739039667 0.61693376875 0.5267611127348643 0.71965461875
5 0.6180115782881002 0.7514745765625 0.6962457766179541 0.761799121875 0.7143811816283925 0.68482158125 0.6361469832985386 0.6744970359375 0.6180115782881002 0.7514745765625
5 0.6621352839248434 0.799585325 0.8159059498956158 0.8198783984375 0.8399279290187891 0.71791470625 0.6861572630480167 0.6976216328125 0.6621352839248434 0.799585325
5 0.7262897160751566 0.722825675 0.8183497870563674 0.7349748171875 0.8315499832985386 0.6789452640625 0.7394899144050104 0.666796121875 0.7262897160751566 0.722825675