5 0.5240571166666667 0.597447878125 0.36599365208333334 0.6292126109375 0.41139604375 0.756295634375 0.5694595083333333 0.7245309015625 0.5240571166666667 0.597447878125
3 0.6877101395833333 0.5476610171875 0.49771785625000003 0.5858422265625001 0.5501508416666667 0.7326041531249999 0.740143125 0.69442294375 0.6877101395833333 0.5476610171875
5 0.42825577291666667 0.462069575 0.24521828333333331 0.4988531359375 0.29265361875 0.6316264453125 0.47569110833333333 0.594842884375 0.42825577291666667 0.462069575
3 0.5638115625 0.35592442968750004 0.38172245208333333 0.392517403125 0.43220719999999996 0.5338261390625 0.6142963104166667 0.4972331671875 0.5638115625 0.35592442968750004
3 0.6268949020833333 0.359891803125 0.5396438708333334 0.37742593593749996 0.5793709645833334 0.48862358281249996 0.6666219958333334 0.47108945 0.6268949020833333 0.359891803125
4 0.3390821854166666 0.377961746875 0.206308875 0.4046441234375 0.24281713958333334 0.5068321515624999 0.37559044999999996 0.480149775 0.3390821854166666 0.377961746875
4 0.38514141875 0.275952575 0.24952296458333334 0.303206715625 0.2870477020833333 0.4082398875 0.42266615625 0.38098574687500003 0.38514141875 0.275952575
4 0.49092621875000003 0.286585653125 0.36068192708333335 0.31275979375 0.39498783750000005 0.40878334687500006 0.52523213125 0.38260920781249996 0.49092621875000003 0.286585653125
4 0.5443915791666666 0.2546223109375 0.44259870833333337 0.2750787984375 0.46826461249999995 0.34691864375 0.5700574833333333 0.3264621546875 0.5443915791666666 0.2546223109375
4 0.4889151 0.1756861875 0.38554159583333336 0.196460321875 0.41451103125 0.277546878125 0.5178845375 0.2567727421875 0.4889151 0.1756861875
4 0.5513839958333333 0.138101709375 0.47330064375 0.1537934875 0.49490066250000003 0.2142527625 0.5729840125 0.198560984375 0.5513839958333333 0.138101709375
4 0.5636998083333334 0.1934385140625 0.49320350208333336 0.20760558437499999 0.5126011666666667 0.2619003859375 0.5830974729166667 0.2477333140625 0.5636998083333334 0.1934385140625