4 0.7221780020876827 1 0.7295040939457202 0.842983928125 0.5238719123173278 0.837609521875 0.5162950605427975 1 0.7221780020876827 1
4 0.7168355093945721 0.7861622890625 0.561211878914405 0.7820949078125 0.5576670751565762 0.858068721875 0.7132907056367432 0.862136103125 0.7168355093945721 0.7861622890625
3 0.5048104029227557 0.6655423109374999 0.3663538893528184 0.6619236093749999 0.3612582338204593 0.771135965625 0.4997147473903966 0.7747546671875 0.5048104029227557 0.6655423109374999
3 0.6691556200417536 0.642850825 0.518010369519833 0.638900490625 0.5125367745302714 0.756212996875 0.663682025052192 0.76016333125 0.6691556200417536 0.642850825
4 0.7630789352818372 0.6239119140625 0.6137996743215031 0.62001035 0.6088995031315241 0.7250329734375 0.7581787661795406 0.7289345390624999 0.7630789352818372 0.6239119140625
3 0.5584579603340293 0.5287943296875001 0.38678681002087684 0.5243075296875 0.38113076200417534 0.6455304515625 0.5528019123173278 0.65001725 0.5584579603340293 0.5287943296875001
3 0.7425169123173277 0.5640874109375 0.5734581503131525 0.5596688890625 0.5696266346555323 0.6417876421875001 0.7386853966597078 0.646206165625 0.7425169123173277 0.5640874109375
3 0.4140456868475992 0.47663946093750004 0.25767565970772444 0.472552571875 0.25188929018789147 0.59656865 0.40825931524008346 0.6006555390625 0.4140456868475992 0.47663946093750004
4 0.6173255407098122 0.444338640625 0.4777494300626305 0.4406906765625 0.4727710668058455 0.5473891937500001 0.6123471774530271 0.5510371578125 0.6173255407098122 0.444338640625
4 0.7376090688935282 0.5171167421875 0.578999853862213 0.5129713296875 0.5744385260960334 0.61073175 0.7330477411273486 0.6148771625 0.7376090688935282 0.5171167421875
4 0.7012880208768267 0.41465228906249996 0.5684294801670146 0.41117989687499995 0.5639463444676409 0.507264425 0.6968048851774531 0.5107368171875 0.7012880208768267 0.41465228906249996
5 0.5340899227557411 0.3863718 0.3773466993736952 0.3822751578125 0.3718600730688935 0.499866978125 0.5286032964509394 0.503963621875 0.5340899227557411 0.3863718
4 0.5736293778705637 0.3878246875 0.49264537787056367 0.3857080890625 0.4899346471816284 0.443805709375 0.5709186471816284 0.44592230937500005 0.5736293778705637 0.3878246875
5 0.4311180396659708 0.37501118437500003 0.3311009331941545 0.37239713750000003 0.3260183089770355 0.48133017968749997 0.42603541544885176 0.48394422812500004 0.4311180396659708 0.37501118437500003
4 0.5634434572025052 0.27779344687499996 0.42573334029227555 0.274194253125 0.4204552317327766 0.387317028125 0.5581653486430063 0.3909162203125 0.5634434572025052 0.27779344687499996
4 0.45921099373695196 0.2654210890625 0.35322271816283923 0.262650978125 0.3487656471816284 0.3581768765625 0.4547539248434238 0.3609469875 0.45921099373695196 0.2654210890625
3 0.3280756868475992 0.2089989046875 0.22022142379958248 0.20618002343750003 0.21624655114822547 0.2913712484375 0.32410081628392484 0.29419012968749997 0.3280756868475992 0.2089989046875
3 0.42942327557411275 0.2031182140625 0.32716698121085597 0.2004456421875 0.3234266910229645 0.2806091890625 0.425682987473904 0.2832817609375 0.42942327557411275 0.2031182140625
4 0.5587494739039667 0.16217279375 0.4139485929018789 0.158388275 0.4089050668058455 0.26648337187500004 0.5537059478079331 0.2702678890625 0.5587494739039667 0.16217279375
4 0.4477881941544885 0.11382859062499999 0.32612559707724426 0.110648815625 0.3215773006263048 0.20812992187499998 0.4432398977035491 0.21130969687499998 0.4477881941544885 0.11382859062499999
3 0.35745350313152396 0.1359375109375 0.247733248434238 0.1330698609375 0.24347166388308977 0.2244060265625 0.3531919206680585 0.2272736765625 0.35745350313152396 0.1359375109375
4 0.2597330521920668 0.11212962500000001 0.19330378288100208 0.110393428125 0.19078853653444677 0.16430131718750002 0.25721780584551146 0.1660375140625 0.2597330521920668 0.11212962500000001
4 0.21654633611691024 0.064717809375 0.14451909185803757 0.06283530468750001 0.1416910668058455 0.1234467671875 0.21371831106471817 0.125329271875 0.21654633611691024 0.064717809375
4 0.09157337369519833 0.9253092234375 0.03559365135699374 0.9238461375 0.03354756993736952 0.9676986703124999 0.08952729227557411 0.9691617562499999 0.09157337369519833 0.9253092234375
4 0.04303331732776618 0.976615928125 0.04248595824634656 0.9883471796875 0.09995847390396659 0.98984928125 0.10050583298538622 0.97811803125 0.04303331732776618 0.976615928125
4 0.08559746972860124 0.8892172281249999 0.049024052192066805 0.88826134375 0.04777294363256785 0.9150756328125 0.08434636325678496 0.9160315156250001 0.08559746972860124 0.8892172281249999
4 0.23466169728601252 0.8977274984375001 0.1831603528183716 0.8963814593749999 0.18124459498956158 0.9374408359374999 0.2327459394572025 0.9387868765625 0.23466169728601252 0.8977274984375001
4 0.28817179331941545 0.9080750343749999 0.23181887473903967 0.9066021937500001 0.22985098747390398 0.9487788328125 0.28620390605427976 0.9502516734374999 0.28817179331941545 0.9080750343749999
4 0.2822746805845512 0.8582819484374999 0.23749090187891442 0.8571114796874999 0.2362919248434238 0.8828085046874999 0.2810757035490606 0.883978975 0.2822746805845512 0.8582819484374999
4 0.03852118371607516 0.9131558906249999 0.012024116910229645 0.9124633624999999 0.011124883089770355 0.9317361328124999 0.037621951983298534 0.9324286609374999 0.03852118371607516 0.9131558906249999