3 0.11169871875000001 0.198677884375 0.04663461458333333 0.198677884375 0.04663461458333333 0.24891826875 0.11169871875000001 0.24891826875 0.11169871875000001 0.198677884375
5 0.11009615416666667 0.24807692343749999 0.044391025 0.24807692343749999 0.044391025 0.2951923078125 0.11009615416666667 0.2951923078125 0.11009615416666667 0.24807692343749999
4 0.09839743541666666 0.2996394234375 0.04134615416666666 0.2996394234375 0.04134615416666666 0.34723557656250004 0.09839743541666666 0.34723557656250004 0.09839743541666666 0.2996394234375
4 0.4407051291666667 0.2126201921875 0.3115384625 0.2126201921875 0.3115384625 0.342427884375 0.4407051291666667 0.342427884375 0.4407051291666667 0.2126201921875
4 0.6573717958333333 0.3875 0.53173076875 0.3875 0.53173076875 0.477403846875 0.6573717958333333 0.477403846875 0.6573717958333333 0.3875
4 0.3923076916666667 0.3262019234375 0.21955128124999998 0.3262019234375 0.21955128124999998 0.45673076874999996 0.3923076916666667 0.45673076874999996 0.3923076916666667 0.3262019234375
4 0.62419871875 0.4537259609375 0.4479166666666667 0.4537259609375 0.4479166666666667 0.5953125 0.62419871875 0.5953125 0.62419871875 0.4537259609375
4 0.44022435833333334 0.503966346875 0.3149038458333333 0.503966346875 0.3149038458333333 0.601322115625 0.44022435833333334 0.601322115625 0.44022435833333334 0.503966346875
4 0.55608974375 0.56875 0.4477564104166667 0.56875 0.4477564104166667 0.6485576921875 0.55608974375 0.6485576921875 0.55608974375 0.56875
4 0.6924679479166667 0.6463942312500001 0.5764423083333334 0.6463942312500001 0.5764423083333334 0.7389423078124999 0.6924679479166667 0.7389423078124999 0.6924679479166667 0.6463942312500001
4 0.5613782041666667 0.65204326875 0.4350961541666667 0.65204326875 0.4350961541666667 0.75420673125 0.5613782041666667 0.75420673125 0.5613782041666667 0.65204326875
4 0 0.8376201921875 0.06762820416666666 0.8376201921875 0.06762820416666666 0.7712740390625 0 0.7712740390625 0 0.8376201921875
4 0.15673076875 0.8056490390625 0.0634615375 0.8056490390625 0.0634615375 0.8782451921875 0.15673076875 0.8782451921875 0.15673076875 0.8056490390625
4 0 0.9756009609375 0.058653845833333336 0.9756009609375 0.058653845833333336 0.8813701921874999 0 0.8813701921874999 0 0.9756009609375