4 1 0.251998684375 0.9361925052192067 0.24613499375 0.9163546868475991 0.36705709999999997 1 0.3747438171875 1 0.251998684375
4 0.8380093319415449 0.1694913921875 0.6526835448851774 0.15246058906249998 0.6271906012526096 0.30785370156249997 0.8125163883089771 0.32488450625 0.8380093319415449 0.1694913921875
4 0.7961596889352819 0.409886153125 0.6097373006263048 0.392754575 0.584423885177453 0.5470533703125 0.7708462734864301 0.5641849484375 0.7961596889352819 0.409886153125
4 0.5954865114822547 0.2364861890625 0.4134505323590814 0.21975770625000002 0.3864764843423799 0.384178940625 0.5685124634655533 0.40090742187500006 0.5954865114822547 0.2364861890625
5 0.4691797620041754 0.486198421875 0.29591659916492696 0.47027613125 0.27123153027139874 0.6207448140625 0.4444946931106472 0.6366671046875 0.4691797620041754 0.486198421875
3 0.3219194759916493 0.4271222625 0.2001966221294363 0.41593635000000007 0.1786084070981211 0.547528053125 0.300331260960334 0.558713965625 0.3219194759916493 0.4271222625
5 0.23677848434237997 0.40555175468750004 0.1362566096033403 0.3963141390625 0.12149045093945719 0.48632176875 0.22201232567849685 0.495559384375 0.23677848434237997 0.40555175468750004
5 0.4701534697286012 0.34229841875 0.2683786471816284 0.3237560046875 0.2405518434237996 0.493375246875 0.4423266638830898 0.5119176609375 0.4701534697286012 0.34229841875
5 0 0.6681614375 0.13580649269311065 0.6806415890624999 0.15519549269311064 0.5624552781250001 0 0.5481933437500001 0 0.6681614375
4 0 0.5748529203125 0.09678778079331941 0.5837473859375 0.10787362004175366 0.51617326875 0.008448344467640919 0.5070364265625 0 0.558533603125 0 0.5748529203125
4 0.3507752025052192 0.5712641515625 0.215893121085595 0.5588689515625 0.19807498956158665 0.6674799828125 0.33295707098121086 0.6798751843749999 0.3507752025052192 0.5712641515625
4 0.19672341962421713 0.6112595859375001 0.06732435073068894 0.59936825625 0.05089755741127349 0.6994983265625 0.18029662839248434 0.71138965625 0.19672341962421713 0.6112595859375001
4 0.39523852192066805 0.67115803125 0.27424673695198326 0.6600393015625 0.25705695198329853 0.764820221875 0.37804873903966596 0.7759389515625 0.39523852192066805 0.67115803125
4 0.2676520960334029 0.6934520078124999 0.1528743903966597 0.6829043312499999 0.13613342588726512 0.7849494546875 0.25091113152400835 0.7954971328125 0.2676520960334029 0.6934520078124999
4 0.3756537995824635 0.78488309375 0.26087609185803756 0.774335415625 0.24350678079331942 0.8802106546875 0.3582844885177453 0.89075833125 0.3756537995824635 0.78488309375