3 0.5858974354166667 0.37608173125 0.461858975 0.37608173125 0.461858975 0.4703125 0.5858974354166667 0.4703125 0.5858974354166667 0.37608173125
5 0.5894230770833333 0.4493990390625 0.4826923083333333 0.4493990390625 0.4826923083333333 0.4921875 0.5894230770833333 0.4921875 0.5894230770833333 0.4493990390625
4 0.5892628208333334 0.48088942343749996 0.5113782041666667 0.48088942343749996 0.5113782041666667 0.5332932687499999 0.5892628208333334 0.5332932687499999 0.5892628208333334 0.48088942343749996
3 0.6469551291666666 0.5027644234374999 0.5350961541666667 0.5027644234374999 0.5350961541666667 0.585697115625 0.6469551291666666 0.585697115625 0.6469551291666666 0.5027644234374999
4 0.5322115374999999 0.511778846875 0.4700320520833333 0.511778846875 0.4700320520833333 0.5567307687499999 0.5322115374999999 0.5567307687499999 0.5322115374999999 0.511778846875
4 0.6546474354166667 0.552403846875 0.5649038458333333 0.552403846875 0.5649038458333333 0.603125 0.6546474354166667 0.603125 0.6546474354166667 0.552403846875
5 0.4344551291666667 0.585216346875 0.32387820416666663 0.585216346875 0.32387820416666663 0.6782451921875 0.4344551291666667 0.6782451921875 0.4344551291666667 0.585216346875
3 0.40128205208333334 0.65733173125 0.26314102500000003 0.65733173125 0.26314102500000003 0.7712740390625 0.40128205208333334 0.7712740390625 0.40128205208333334 0.65733173125
4 0.4338141020833334 0.699278846875 0.33125 0.699278846875 0.33125 0.7887019234375 0.4338141020833334 0.7887019234375 0.4338141020833334 0.699278846875
4 0.5636217958333333 0.7018028843749999 0.4665064104166667 0.7018028843749999 0.4665064104166667 0.7599759609375 0.5636217958333333 0.7599759609375 0.5636217958333333 0.7018028843749999
4 0.5793269229166668 0.737259615625 0.47163461458333333 0.737259615625 0.47163461458333333 0.8201923078125001 0.5793269229166668 0.8201923078125001 0.5793269229166668 0.737259615625
5 0.5963141020833334 0.818028846875 0.4767628208333334 0.818028846875 0.4767628208333334 0.9050480765625 0.5963141020833334 0.9050480765625 0.5963141020833334 0.818028846875
4 0.400641025 0.8966346156249999 0.27147435833333333 0.8966346156249999 0.27147435833333333 0.9997596156249999 0.400641025 0.9997596156249999 0.400641025 0.8966346156249999
3 0.7201923083333334 0.8621394234374999 0.58108974375 0.8621394234374999 0.58108974375 0.9775240390625 0.7201923083333334 0.9775240390625 0.7201923083333334 0.8621394234374999