4 0.7210190916666667 0.3201763921875 0.8413867895833333 0.33936510000000003 0.8675841395833334 0.2469284703125 0.7472164416666666 0.2277397625 0.7210190916666667 0.3201763921875
3 0.4882877208333333 0.29900981875 0.6358662 0.3225364 0.6687319645833333 0.2065704484375 0.5211534875 0.18304386718750001 0.4882877208333333 0.29900981875
3 0.4491440104166667 0.434175846875 0.6028049020833334 0.45867206875 0.6456052458333333 0.3076522265625 0.49194435416666665 0.283156003125 0.4491440104166667 0.434175846875
3 0.7387102479166666 0.459634975 0.9439115604166666 0.4923476390625 0.98739235625 0.3389268453125 0.78219104375 0.30621418125 0.7387102479166666 0.459634975
3 0 0.503478796875 0.26383841875 0.5455392375 0.3196353708333334 0.3486612234375 0.04752754583333333 0.3052824953125 0 0.47298213593750005 0 0.503478796875
3 0.7313371916666667 0.5989874984375 0.8814766854166667 0.62292235 0.9164518479166667 0.4995134484375 0.7663123541666667 0.475578596875 0.7313371916666667 0.5989874984375
3 0.18575774166666664 0.5571823171875 0.36790992083333335 0.5862205484375 0.4113907145833334 0.43279975468750004 0.2292385375 0.4037615234375 0.18575774166666664 0.5571823171875
5 0.5387192708333333 0.6180929734375 0.6888587645833333 0.642027825 0.7219967104166667 0.5251014921875 0.5718572166666667 0.5011666421875 0.5387192708333333 0.6180929734375
3 0.3440576979166667 0.6485414921875 0.5518200270833333 0.6816624265625 0.5954369125 0.5277614421875 0.3876745833333333 0.49464050625 0.3440576979166667 0.6485414921875
5 0.2242491375 0.6444984828125 0.38943459375 0.670831921875 0.42665524375 0.53949988125 0.2614697875 0.5131664406249999 0.2242491375 0.6444984828125
4 0.6505838875 0.7150985671875 0.8010435083333333 0.7390844515625 0.8324122833333334 0.6284005921875 0.6819526625000001 0.6044147078125001 0.6505838875 0.7150985671875
4 0.34368940833333333 0.7614069984375 0.5146371479166667 0.788659046875 0.5479792291666666 0.671012428125 0.3770314895833333 0.6437603796875 0.34368940833333333 0.7614069984375
4 0.15008083333333333 0.7562640468749999 0.30886375416666667 0.7815768109375 0.3457441791666667 0.65144524375 0.18696125833333335 0.62613248125 0.15008083333333333 0.7562640468749999
5 0.8283544395833334 0.8251201421875001 0.88949866875 0.8348675984374999 0.90535316875 0.77892543125 0.8442089395833333 0.7691779750000001 0.8283544395833334 0.8251201421875001
4 0.8087659354166666 0.8877443828124999 0.8972810104166666 0.9018552281250001 0.9161975375 0.8351087796875 0.8276824625 0.820997934375 0.8087659354166666 0.8877443828124999