4 0.9985576916666666 0.128846153125 0.8309294875000001 0.128846153125 0.8309294875000001 0.27427884687500004 0.9985576916666666 0.27427884687500004 0.9985576916666666 0.128846153125
4 0.7825320520833333 0.1646634609375 0.6126602562500001 0.1646634609375 0.6126602562500001 0.30384615312499996 0.7825320520833333 0.30384615312499996 0.7825320520833333 0.1646634609375
3 0.6072115375 0.16550480781250002 0.42964743541666667 0.16550480781250002 0.42964743541666667 0.2996394234375 0.6072115375 0.2996394234375 0.6072115375 0.16550480781250002
3 0.6201923083333334 0.2943509609375 0.45416666666666666 0.2943509609375 0.45416666666666666 0.4118990390625 0.6201923083333334 0.4118990390625 0.6201923083333334 0.2943509609375
3 0.41987179583333334 0.32704326875 0.24647435833333334 0.32704326875 0.24647435833333334 0.4734375 0.41987179583333334 0.4734375 0.41987179583333334 0.32704326875
4 0.7267628208333333 0.3800480765625 0.5927884625 0.3800480765625 0.5927884625 0.4822115390625 0.7267628208333333 0.4822115390625 0.7267628208333333 0.3800480765625
4 0.81923076875 0.2921875 0.6993589750000001 0.2921875 0.6993589750000001 0.404447115625 0.81923076875 0.404447115625 0.81923076875 0.2921875
5 0.46394230833333333 0.5110576921875001 0.3024038458333333 0.5110576921875001 0.3024038458333333 0.640625 0.46394230833333333 0.640625 0.46394230833333333 0.5110576921875001
4 0.68766025625 0.543028846875 0.5636217958333333 0.543028846875 0.5636217958333333 0.63389423125 0.68766025625 0.63389423125 0.68766025625 0.543028846875
4 0.4227564104166667 0.6015625 0.2977564104166667 0.6015625 0.2977564104166667 0.6854567312500001 0.4227564104166667 0.6854567312500001 0.4227564104166667 0.6015625
4 0.5347756416666667 0.6228365390625 0.44246794791666666 0.6228365390625 0.44246794791666666 0.690384615625 0.5347756416666667 0.690384615625 0.5347756416666667 0.6228365390625
4 0.4815705125 0.650240384375 0.37227564166666666 0.650240384375 0.37227564166666666 0.7394230765625001 0.4815705125 0.7394230765625001 0.4815705125 0.650240384375
4 0.5014423083333334 0.714302884375 0.4168269229166667 0.714302884375 0.4168269229166667 0.7787259609375 0.5014423083333334 0.7787259609375 0.5014423083333334 0.714302884375
4 0.5275641020833334 0.7579326921875 0.45128205208333333 0.7579326921875 0.45128205208333333 0.8127403843750001 0.5275641020833334 0.8127403843750001 0.5275641020833334 0.7579326921875
3 0.8943910249999999 0.7573317312500001 0.8318910249999999 0.7573317312500001 0.8318910249999999 0.8049278843750001 0.8943910249999999 0.8049278843750001 0.8943910249999999 0.7573317312500001
3 0.9296474354166667 0.775 0.8767628208333333 0.775 0.8767628208333333 0.8158653843750001 0.9296474354166667 0.8158653843750001 0.9296474354166667 0.775
5 0.8596153854166667 0.7911057687499999 0.8048076916666667 0.7911057687499999 0.8048076916666667 0.8286057687499999 0.8596153854166667 0.8286057687499999 0.8596153854166667 0.7911057687499999
5 0.8767628208333333 0.8068509609375001 0.8190705125 0.8068509609375001 0.8190705125 0.8556490390624999 0.8767628208333333 0.8556490390624999 0.8767628208333333 0.8068509609375001