4 0.7174272479166667 0.3866567453125 0.5871362437500001 0.3866567453125 0.5871362437500001 0.478174603125 0.7174272479166667 0.478174603125 0.7174272479166667 0.3866567453125
4 0.71345899375 0.4769345234375 0.593088625 0.4769345234375 0.593088625 0.5637400796875001 0.71345899375 0.5637400796875001 0.71345899375 0.4769345234375
4 0.6949404770833334 0.56299603125 0.57523148125 0.56299603125 0.57523148125 0.6450892859375 0.6949404770833334 0.6450892859375 0.6949404770833334 0.56299603125
4 0.6450066145833334 0.630704365625 0.5550595229166666 0.630704365625 0.5550595229166666 0.6917162703125 0.6450066145833334 0.6917162703125 0.6450066145833334 0.630704365625
4 0.5573743395833334 0.6253720234375 0.4651124333333333 0.6253720234375 0.4651124333333333 0.6963045640625001 0.5573743395833334 0.6963045640625001 0.5573743395833334 0.6253720234375
4 0.5916005291666667 0.5747767859375 0.5271164020833333 0.5747767859375 0.5271164020833333 0.642237103125 0.5916005291666667 0.642237103125 0.5916005291666667 0.5747767859375
4 0.6491402125000001 0.504836309375 0.5638227520833333 0.504836309375 0.5638227520833333 0.573040675 0.6491402125000001 0.573040675 0.6491402125000001 0.504836309375
5 0.5823412708333334 0.3732638890625 0.4527116395833334 0.3732638890625 0.4527116395833334 0.478174603125 0.5823412708333334 0.478174603125 0.5823412708333334 0.3732638890625
4 0.5248015875 0.3335813484375 0.4100529104166667 0.3335813484375 0.4100529104166667 0.4203869046875 0.5248015875 0.4203869046875 0.5248015875 0.3335813484375
4 0.51240079375 0.42113095312500004 0.42080026458333336 0.42113095312500004 0.42080026458333336 0.49032738125 0.51240079375 0.49032738125 0.51240079375 0.42113095312500004
4 0.5342261895833332 0.48846726250000005 0.42311507916666663 0.48846726250000005 0.42311507916666663 0.5648561515625 0.5342261895833332 0.5648561515625 0.5342261895833332 0.48846726250000005
4 0.4922288354166667 0.517733134375 0.41286375625 0.517733134375 0.41286375625 0.5713045640625001 0.4922288354166667 0.5713045640625001 0.4922288354166667 0.517733134375
4 0.506117725 0.5694444437499999 0.4161706354166667 0.5694444437499999 0.4161706354166667 0.64112103125 0.506117725 0.64112103125 0.506117725 0.5694444437499999