5 0.3383263215031315 0.45564131874999997 0.20376764091858035 0.43239086875000005 0.17128309185803758 0.5377005406250001 0.3058417745302714 0.560950990625 0.3383263215031315 0.45564131874999997
4 0.553598471816284 0.414896246875 0.4443122317327766 0.3960126328125 0.4183719018789144 0.48010700625 0.5276581419624218 0.49899062031249997 0.553598471816284 0.414896246875
5 0.6882655365344468 0.5165113046875 0.6008365448851775 0.5014044125 0.5810462025052192 0.5655615187499999 0.6684751941544885 0.5806684109375 0.6882655365344468 0.5165113046875
5 0.32011641962421716 0.27736081874999996 0.15277186638830897 0.24844528437500002 0.11997193528183717 0.3547773796875 0.28731648851774527 0.3836929140625 0.32011641962421716 0.27736081874999996
4 0.286606878914405 0.1766671765625 0.1756130438413361 0.15748850625 0.15054001878914405 0.23877121250000002 0.2615338559498956 0.257949884375 0.286606878914405 0.1766671765625
4 0.5871294321503132 0.240306090625 0.4426666847599165 0.2153443125 0.40560906889352816 0.3354791328125 0.5500718183716075 0.360440909375 0.5871294321503132 0.240306090625
4 0.7350694175365344 0.29481090781249997 0.6090487223382045 0.273035740625 0.5781410960334029 0.373233290625 0.7041617891440501 0.3950084578125 0.7350694175365344 0.29481090781249997
5 0.7330066805845512 0.40295410781249996 0.6151824551148225 0.38259521093750004 0.5864036680584551 0.4758914015625 0.7042278935281837 0.496250296875 0.7330066805845512 0.40295410781249996
4 0.7699526096033403 0.440030209375 0.6657891649269311 0.422031765625 0.6419776764091859 0.49922477656249997 0.7461411210855949 0.5172232218749999 0.7699526096033403 0.440030209375
4 0.6668023131524008 0.0945541265625 0.5482950459290188 0.07407720625 0.5190431837160752 0.16890703125 0.6375504509394572 0.1893839515625 0.6668023131524008 0.0945541265625
4 0.8682306200417537 0.149416628125 0.7545046263048016 0.1297658671875 0.7287219895615866 0.21334902968749997 0.842447981210856 0.232999790625 0.8682306200417537 0.149416628125
4 0.6350920584551148 0.2055168 0.5544934572025052 0.191590134375 0.535018496868476 0.254724815625 0.6156171002087683 0.26865148125 0.6350920584551148 0.2055168
4 0.8808633068893528 0.8075779140625 0.9163813340292276 0.8137150890625 0.9361716784968686 0.7495579828125 0.900653649269311 0.7434208078125 0.8808633068893528 0.8075779140625
4 0.9135434321503132 0.7138789203125 0.9454755052192066 0.7193964765625 0.9625062379958246 0.6641855796875 0.9305741649269311 0.658668025 0.9135434321503132 0.7138789203125