4 0.9990079375 0.2652529765625 0.9388227520833333 0.2652529765625 0.9388227520833333 0.33692956406249996 0.9990079375 0.33692956406249996 0.9990079375 0.2652529765625
4 0.9985119041666667 0.230902778125 0.9168320104166666 0.230902778125 0.9168320104166666 0.28794642812500004 0.9985119041666667 0.28794642812500004 0.9985119041666667 0.230902778125
4 0.9386574083333333 0.151165675 0.8454034395833333 0.151165675 0.8454034395833333 0.2223462296875 0.9386574083333333 0.2223462296875 0.9386574083333333 0.151165675
4 0.9393187833333333 0.09833829375 0.8586309520833333 0.09833829375 0.8586309520833333 0.1603422625 0.9393187833333333 0.1603422625 0.9393187833333333 0.09833829375
4 0.8513558208333334 0.06423611093750001 0.7600859791666666 0.06423611093750001 0.7600859791666666 0.1386408734375 0.8513558208333334 0.1386408734375 0.8513558208333334 0.06423611093750001
4 0.7605820104166666 0.1347966265625 0.6884920625 0.1347966265625 0.6884920625 0.1705109125 0.7605820104166666 0.1705109125 0.7605820104166666 0.1347966265625
4 0.41699735416666667 0.03211805625 0.34457671875 0.03211805625 0.34457671875 0.09759424531250001 0.41699735416666667 0.09759424531250001 0.41699735416666667 0.03211805625
4 0.18733465625 0.0233134921875 0.05968915416666667 0.0233134921875 0.05968915416666667 0.096478175 0.18733465625 0.096478175 0.18733465625 0.0233134921875
3 0.20155423333333333 0.06436011875 0.021329364583333333 0.06436011875 0.021329364583333333 0.2032490078125 0.20155423333333333 0.2032490078125 0.20155423333333333 0.06436011875
3 0.26901454999999996 0.336185515625 0.08614417916666667 0.336185515625 0.08614417916666667 0.4663938484375 0.26901454999999996 0.4663938484375 0.26901454999999996 0.336185515625
4 0.08713624375000001 0.349950396875 0.00049603125 0.349950396875 0.00049603125 0.45684523749999995 0.08713624375000001 0.45684523749999995 0.08713624375000001 0.349950396875
3 0.39417989374999995 0.2687251984375 0.21693121666666665 0.2687251984375 0.21693121666666665 0.39397321406249997 0.39417989374999995 0.39397321406249997 0.39417989374999995 0.2687251984375
4 0.2938161375 0.18415178593749998 0.167824075 0.18415178593749998 0.167824075 0.2853422625 0.2938161375 0.2853422625 0.2938161375 0.18415178593749998
4 0.23826058125 0.268105159375 0.11127645416666666 0.268105159375 0.11127645416666666 0.35491071406249997 0.23826058125 0.35491071406249997 0.23826058125 0.268105159375
4 0.31944444375000003 0.22470238125000003 0.2734788354166667 0.22470238125000003 0.2734788354166667 0.27232142812500004 0.31944444375000003 0.27232142812500004 0.31944444375000003 0.22470238125000003
4 0.35267857083333337 0.2558283734375 0.3086970895833333 0.2558283734375 0.3086970895833333 0.2798859125 0.35267857083333337 0.2798859125 0.35267857083333337 0.2558283734375
5 0.47569444375000003 0.46440972187499996 0.2825727520833333 0.46440972187499996 0.2825727520833333 0.598834325 0.47569444375000003 0.598834325 0.47569444375000003 0.46440972187499996
4 0.3501984125 0.5486111109375 0.20767195833333335 0.5486111109375 0.20767195833333335 0.6542658734375 0.3501984125 0.6542658734375 0.3501984125 0.5486111109375
4 0.25462962916666665 0.49665178593750003 0.14087301666666668 0.49665178593750003 0.14087301666666668 0.583457340625 0.25462962916666665 0.583457340625 0.25462962916666665 0.49665178593750003
4 0.21742724791666665 0.46875 0.17311507916666666 0.46875 0.17311507916666666 0.499751984375 0.21742724791666665 0.499751984375 0.21742724791666665 0.46875
4 0.39351851875 0.4453125 0.32109788333333333 0.4453125 0.32109788333333333 0.47978670625 0.39351851875 0.47978670625 0.39351851875 0.4453125
4 0.5967261895833332 0.4831349203125 0.46180555624999997 0.4831349203125 0.46180555624999997 0.5845734125 0.5967261895833332 0.5845734125 0.5967261895833332 0.4831349203125
4 0.3791335979166667 0.6715029765625 0.27860449791666664 0.6715029765625 0.27860449791666664 0.7642609125 0.3791335979166667 0.7642609125 0.3791335979166667 0.6715029765625
4 0.5160383604166666 0.656498015625 0.36226851875 0.656498015625 0.36226851875 0.7829861109375 0.5160383604166666 0.7829861109375 0.5160383604166666 0.656498015625
4 0.6331018520833334 0.60106646875 0.5150462958333333 0.60106646875 0.5150462958333333 0.6930803578125 0.6331018520833334 0.6930803578125 0.6331018520833334 0.60106646875
4 0.5899470895833333 0.7921626984375 0.46593915416666665 0.7921626984375 0.46593915416666665 0.8955853171875001 0.5899470895833333 0.8955853171875001 0.5899470895833333 0.7921626984375
4 0.70601851875 0.6405009921875 0.6207010583333333 0.6405009921875 0.6207010583333333 0.7039930562500001 0.70601851875 0.7039930562500001 0.70601851875 0.6405009921875
4 0.813161375 0.485491071875 0.69973545 0.485491071875 0.69973545 0.570560515625 0.813161375 0.570560515625 0.813161375 0.485491071875
4 0.9085648145833333 0.639880953125 0.84375 0.639880953125 0.84375 0.689980159375 0.9085648145833333 0.689980159375 0.9085648145833333 0.639880953125