5 0.92820924375 0.589394559375 0.8227002270833333 0.5796783999999999 0.8089885354166667 0.6634329796875 0.9144975520833333 0.6731491390625 0.92820924375 0.589394559375
5 0.9192115479166667 0.9073807281249999 0.9367963854166667 0.9090000874999999 0.9495286708333333 0.831227978125 0.9319438333333333 0.82960861875 0.9192115479166667 0.9073807281249999
3 0.88786976875 0.857155353125 0.9444313041666667 0.862364015625 0.9552047770833333 0.796556846875 0.8986432416666666 0.791348184375 0.88786976875 0.857155353125
5 0.92860676875 0.8039065453124999 0.9536243708333333 0.8062103765625 0.9635519916666666 0.7455698859375001 0.9385343895833334 0.7432660546875 0.92860676875 0.8039065453124999
5 0.79541288125 0.614843659375 0.7076699875 0.6067635546875 0.6943144416666667 0.6883426906250001 0.7820573354166667 0.6964227953125001 0.79541288125 0.614843659375
4 0.9427387979166666 0.5220010703125 0.8524578875 0.51368724375 0.84106115625 0.583301440625 0.9313420666666666 0.5916152671875 0.9427387979166666 0.5220010703125
4 0.8126973145833334 0.5677160453125001 0.7300304562500001 0.560103384375 0.7190343916666666 0.62727020625 0.80170125 0.6348828671875 0.8126973145833334 0.5677160453125001
4 0.8357228125 0.5316062578125 0.7624828770833333 0.524861709375 0.75170940625 0.590668878125 0.8249493395833334 0.597413428125 0.8357228125 0.5316062578125
4 0.8546165708333333 0.48476485937499997 0.7857275229166666 0.47842097499999997 0.7757999020833334 0.5390614671875 0.8446889479166667 0.54540535 0.8546165708333333 0.48476485937499997
4 0.9021988833333333 0.4638898875 0.8467250729166668 0.458781390625 0.8392904854166667 0.504193775 0.8947642979166667 0.509302271875 0.9021988833333333 0.4638898875
4 0.964710525 0.45073842343750004 0.9041606791666666 0.44516248437500006 0.8968151291666667 0.490031009375 0.9573649750000001 0.4956069484375 0.964710525 0.45073842343750004
4 0.95750286875 0.426198078125 0.8987658916666666 0.42078908281249994 0.8930230083333334 0.45586811093749996 0.9517599854166666 0.46127710625 0.95750286875 0.426198078125
3 0.6985035187499999 0.59418815 0.6140237916666667 0.5864085453125 0.6007572833333333 0.6674438203124999 0.6852370104166667 0.675223425 0.6985035187499999 0.59418815
5 0.6089516291666667 0.501614265625 0.47371155 0.4891602203125 0.4558151208333333 0.5984762625 0.5910552 0.6109303078125 0.6089516291666667 0.501614265625
5 0.5529869895833334 0.5691944999999999 0.4253609625 0.5574416203125 0.40666320208333334 0.671652409375 0.5342892270833333 0.6834052890625 0.5529869895833334 0.5691944999999999
3 0.6423242291666666 0.3933093546875 0.49765722916666666 0.3799872 0.4762438395833334 0.510785746875 0.6209108395833333 0.524107903125 0.6423242291666666 0.3933093546875
5 0.5113783625 0.40071087812500006 0.3830271895833333 0.38889122187499997 0.3657985375 0.49412830625000004 0.49414971041666667 0.5059479625 0.5113783625 0.40071087812500006
4 0.44222247291666666 0.5128973453125 0.3084326895833333 0.5005768546875 0.29570040416666665 0.5783489640624999 0.42949018541666667 0.5906694546875 0.44222247291666666 0.5128973453125
3 0.37614401458333335 0.3668650296875 0.20428396875 0.351038709375 0.18474035416666668 0.4704161765625 0.3566004020833333 0.486242496875 0.37614401458333335 0.3668650296875
3 0.5645582791666667 0.271457509375 0.39269823125 0.2556311890625 0.37106225 0.3877893890625 0.5429222958333334 0.403615709375 0.5645582791666667 0.271457509375
5 0.43104961875000003 0.3012574953125 0.2838446 0.2877016171875 0.2651468375 0.40191240781250004 0.41235185625 0.41546828593749996 0.43104961875000003 0.3012574953125
4 0.6889098729166666 0.22452848749999998 0.5960909458333333 0.2159809390625 0.5867865833333333 0.272814403125 0.6796055104166666 0.2813619515625 0.6889098729166666 0.22452848749999998
4 0.6579715479166667 0.266258284375 0.5531876791666667 0.25660890468750003 0.5442839833333333 0.31099499375 0.64906785 0.320644375 0.6579715479166667 0.266258284375
4 0.6323624250000001 0.4811356625 0.5845026645833333 0.4767283328125 0.57372919375 0.5425355015625 0.6215889520833334 0.54694283125 0.6323624250000001 0.4811356625