3 0.7291666666666666 0.3519230765625 0.6048076916666666 0.3519230765625 0.6048076916666666 0.4447115390625 0.7291666666666666 0.4447115390625 0.7291666666666666 0.3519230765625
3 0.8647435895833334 0.509615384375 0.71923076875 0.509615384375 0.71923076875 0.603846153125 0.8647435895833334 0.603846153125 0.8647435895833334 0.509615384375
3 0.3427884625 0.5740384609375 0.24182692291666666 0.5740384609375 0.24182692291666666 0.6514423078125 0.3427884625 0.6514423078125 0.3427884625 0.5740384609375
3 0.20416666666666666 0.3699519234375 0.10096153749999999 0.3699519234375 0.10096153749999999 0.4485576921875 0.20416666666666666 0.4485576921875 0.20416666666666666 0.3699519234375
5 0.70576923125 0.4751201921875 0.5980769229166667 0.4751201921875 0.5980769229166667 0.5563701921875001 0.70576923125 0.5563701921875001 0.70576923125 0.4751201921875
5 0.2365384625 0.598197115625 0.14070512916666666 0.598197115625 0.14070512916666666 0.6671875 0.2365384625 0.6671875 0.2365384625 0.598197115625
4 0.6762820520833334 0.557091346875 0.5785256416666668 0.557091346875 0.5785256416666668 0.6332932687499999 0.6762820520833334 0.6332932687499999 0.6762820520833334 0.557091346875
4 0.63798076875 0.61358173125 0.54983974375 0.61358173125 0.54983974375 0.6751201921875001 0.63798076875 0.6751201921875001 0.63798076875 0.61358173125
4 0.7546474354166667 0.616947115625 0.63125 0.616947115625 0.63125 0.7027644234375 0.7546474354166667 0.7027644234375 0.7546474354166667 0.616947115625
4 0.69294871875 0.6818509609375 0.59358974375 0.6818509609375 0.59358974375 0.763822115625 0.69294871875 0.763822115625 0.69294871875 0.6818509609375
4 0.6003205125 0.685216346875 0.5333333333333333 0.685216346875 0.5333333333333333 0.7563701921875 0.6003205125 0.7563701921875 0.6003205125 0.685216346875
3 0.24935897499999998 0.49987980781249997 0.14839743541666667 0.49987980781249997 0.14839743541666667 0.5717548078125 0.24935897499999998 0.5717548078125 0.24935897499999998 0.49987980781249997
5 0.1738782041666667 0.4474759609375 0.080608975 0.4474759609375 0.080608975 0.5169471156250001 0.1738782041666667 0.5169471156250001 0.1738782041666667 0.4474759609375
4 0.10769230833333333 0.49891826874999995 0.021153845833333334 0.49891826874999995 0.021153845833333334 0.5525240390625 0.10769230833333333 0.5525240390625 0.10769230833333333 0.49891826874999995
4 0.1309294875 0.5891826921875001 0.05272435833333333 0.5891826921875001 0.05272435833333333 0.6423076921875001 0.1309294875 0.6423076921875001 0.1309294875 0.5891826921875001
4 0.2591346145833333 0.664302884375 0.17772435833333333 0.664302884375 0.17772435833333333 0.7270432687499999 0.2591346145833333 0.7270432687499999 0.2591346145833333 0.664302884375
4 0.35112179583333336 0.6756009609375 0.27868589791666665 0.6756009609375 0.27868589791666665 0.7275240390625 0.35112179583333336 0.7275240390625 0.35112179583333336 0.6756009609375