4 0 0.33839483124999997 0.03839952400835073 0.33739122187500004 0.03459688935281837 0.255891459375 0 0.256795684375 0 0.33839483124999997
4 0 0.44549371249999997 0.09902810438413362 0.4429055125 0.09529676826722337 0.36293387187500004 0 0.3654245484375 0 0.44549371249999997
4 0 0.5065320203125 0.0013859603340292276 0.536236540625 0.10564057620041753 0.5335117406250001 0.10183794154488518 0.4520119796875 0 0.4546736171875 0 0.5065320203125
4 0.01080518580375783 0.596679725 0.11459402713987474 0.5939670984375 0.11174205010438414 0.532842278125 0.007953210855949897 0.5355549046875 0.01080518580375783 0.596679725
4 0.8907272025052192 0.9336108109374999 0.942791770354906 0.93225005 0.9411518830897704 0.8971032781250001 0.8890873173277661 0.8984640390624999 0.8907272025052192 0.9336108109374999
5 0.473427981210856 0.7999338593750001 0.507457108559499 0.7990444734375 0.5061974864300626 0.7720476781250001 0.47216835699373694 0.7729370640625 0.473427981210856 0.7999338593750001
3 0.5059792713987474 0.8002305859375 0.5413695636743214 0.799305625 0.5401337077244258 0.772818203125 0.5047434154488518 0.7737431640625 0.5059792713987474 0.8002305859375
4 0.45492314613778706 0.7501830265625 0.4916746054279749 0.749222490625 0.4905219311064718 0.724517875 0.4537704739039666 0.7254784125 0.45492314613778706 0.7501830265625
4 0.8310460250521922 0.7826822328125 0.8654154467640919 0.7817839531249999 0.8642152400835073 0.756060590625 0.8298458204592902 0.7569588703125001 0.8310460250521922 0.7826822328125
4 0.7974128267223382 0.7884062203125 0.8362060313152401 0.7873923203125 0.8349107599164927 0.7596314640624999 0.7961175532359082 0.7606453640625 0.7974128267223382 0.7884062203125
4 0.8062906409185804 0.7596144875 0.8406600605427975 0.7587162078125 0.8395311544885178 0.734520965625 0.8051617348643005 0.7354192453125 0.8062906409185804 0.7596144875