3 0.99919871875 0.5677884609375 0.9677884625 0.5677884609375 0.9677884625 0.6411057687499999 0.99919871875 0.6411057687499999 0.99919871875 0.5677884609375
3 0.31266025625 0.1887019234375 0.16650641041666667 0.1887019234375 0.16650641041666667 0.31610576875 0.31266025625 0.31610576875 0.31266025625 0.1887019234375
5 0.44887820416666663 0.3407451921875 0.3161858979166666 0.3407451921875 0.3161858979166666 0.4371394234375 0.44887820416666663 0.4371394234375 0.44887820416666663 0.3407451921875
5 0.3645833333333333 0.397115384375 0.24503205208333334 0.397115384375 0.24503205208333334 0.4865384609375 0.3645833333333333 0.4865384609375 0.3645833333333333 0.397115384375
5 0.5322115374999999 0.39519230781250003 0.4280448708333333 0.39519230781250003 0.4280448708333333 0.4822115390625 0.5322115374999999 0.4822115390625 0.5322115374999999 0.39519230781250003
4 0.468108975 0.4328125 0.36041666666666666 0.4328125 0.36041666666666666 0.5013221156250001 0.468108975 0.5013221156250001 0.468108975 0.4328125
4 0.6469551291666666 0.38737980781250003 0.518108975 0.38737980781250003 0.518108975 0.4816105765625 0.6469551291666666 0.4816105765625 0.6469551291666666 0.38737980781250003
4 0.20080128125 0.4206730765625 0.06169871875 0.4206730765625 0.06169871875 0.52764423125 0.20080128125 0.52764423125 0.20080128125 0.4206730765625
4 0.44262820416666665 0.4822115390625 0.34358974375 0.4822115390625 0.34358974375 0.5612980765625 0.44262820416666665 0.5612980765625 0.44262820416666665 0.4822115390625
4 0.5951923083333334 0.486658653125 0.4897435895833333 0.486658653125 0.4897435895833333 0.5568509609375 0.5951923083333334 0.5568509609375 0.5951923083333334 0.486658653125
4 0.8368589750000001 0.483533653125 0.7371794875000001 0.483533653125 0.7371794875000001 0.5633413468749999 0.8368589750000001 0.5633413468749999 0.8368589750000001 0.483533653125
4 0.8233974354166667 0.544591346875 0.7772435895833334 0.544591346875 0.7772435895833334 0.5873798078125 0.8233974354166667 0.5873798078125 0.8233974354166667 0.544591346875
4 0.6213141020833334 0.542427884375 0.5107371791666666 0.542427884375 0.5107371791666666 0.6306490390625 0.6213141020833334 0.6306490390625 0.6213141020833334 0.542427884375
4 0.7267628208333333 0.5896634609375 0.6213141020833334 0.5896634609375 0.6213141020833334 0.6800480765625 0.7267628208333333 0.6800480765625 0.7267628208333333 0.5896634609375
4 0.6416666666666667 0.6271634609375 0.5509615375 0.6271634609375 0.5509615375 0.7096153843749999 0.6416666666666667 0.7096153843749999 0.6416666666666667 0.6271634609375
4 0.5891025645833333 0.70625 0.5147435895833333 0.70625 0.5147435895833333 0.7747596156250001 0.5891025645833333 0.7747596156250001 0.5891025645833333 0.70625
4 0.44375 0.5677884609375 0.3517628208333334 0.5677884609375 0.3517628208333334 0.6463942312500001 0.44375 0.6463942312500001 0.44375 0.5677884609375
4 0.5078525645833333 0.6245192312500001 0.4094551291666667 0.6245192312500001 0.4094551291666667 0.7074519234375 0.5078525645833333 0.7074519234375 0.5078525645833333 0.6245192312500001
4 0.35817307708333335 0.54375 0.25625 0.54375 0.25625 0.631009615625 0.35817307708333335 0.631009615625 0.35817307708333335 0.54375
4 0.34294871875 0.60264423125 0.22051282083333332 0.60264423125 0.22051282083333332 0.6956730765625 0.34294871875 0.6956730765625 0.34294871875 0.60264423125
4 0.1634615375 0.6263221156250001 0.0371794875 0.6263221156250001 0.0371794875 0.71358173125 0.1634615375 0.71358173125 0.1634615375 0.6263221156250001