3 0.75746241875 0.1403069171875 0.6167627541666667 0.1495391375 0.6310191583333334 0.2717527140625 0.7717188229166666 0.26252049375 0.75746241875 0.1403069171875
3 0.6525050208333333 0.1232625828125 0.5217330729166666 0.13184337968749998 0.53374319375 0.234800615625 0.66451514375 0.22621981875000002 0.6525050208333333 0.1232625828125
3 0.6639910104166666 0.221726671875 0.5445161145833333 0.22956619687500002 0.5563764833333333 0.3312396765625 0.6758513791666666 0.3234001515625 0.6639910104166666 0.221726671875
5 0.8169331062499999 0.23316461406250003 0.6806837958333334 0.242104815625 0.693143175 0.34891331875 0.8293924854166667 0.339973115625 0.8169331062499999 0.23316461406250003
3 0.6451276708333334 0.26849851406249997 0.5212024208333333 0.2766300546875 0.5342009062499999 0.38806008125 0.65812615625 0.3799285390625 0.6451276708333334 0.26849851406249997
4 0.8283740145833334 0.34159224374999997 0.6989714041666667 0.3500831890625 0.7107119729166667 0.45072966406250004 0.84011458125 0.44223871875 0.8283740145833334 0.34159224374999997
4 0.6739312166666667 0.38678231875 0.5582220041666666 0.39437475312500003 0.5689442562499999 0.4862916859375 0.68465346875 0.47869925156250004 0.6739312166666667 0.38678231875
4 0.8138874729166666 0.44214863437499996 0.7043402875000001 0.4493367375 0.7145234333333333 0.5366321484375 0.82407061875 0.5294440453125 0.8138874729166666 0.44214863437499996
3 0.3693570875 0.321908409375 0.26220624791666663 0.32893927343749996 0.27194013749999996 0.412383415625 0.37909097500000005 0.405352553125 0.3693570875 0.321908409375
3 0.2263744395833333 0.3337482359375 0.09389081458333333 0.3424413484375 0.10590093541666666 0.4453985828125 0.23838456041666667 0.43670547187500003 0.2263744395833333 0.3337482359375
5 0.4138766125 0.3945323984375 0.31323013958333334 0.40113646718749996 0.3218259125 0.4748240640625 0.42247238541666665 0.4682199953125 0.4138766125 0.3945323984375
5 0.2999475125 0.40407775937499996 0.19348134374999998 0.411063696875 0.20360458750000002 0.49784560468750005 0.31007075625 0.4908596671875 0.2999475125 0.40407775937499996
5 0.39482713124999996 0.44118709687499996 0.28562228333333334 0.44835273593749997 0.29583537916666663 0.5359048984375 0.4050402270833333 0.5287392578125 0.39482713124999996 0.44118709687499996
3 0 0.3804242578125 0.024657375 0.378806328125 0.022111587499999998 0.3569824734375 0 0.358433359375 0 0.3804242578125
3 0.03486542708333333 0.3746438390625 0.00405528125 0.37666549374999997 0.006481264583333333 0.397462340625 0.037291410416666664 0.39544068593750004 0.03486542708333333 0.3746438390625
3 0.9252991875000001 0.2291586078125 0.8831919895833333 0.231921534375 0.88705559375 0.265042440625 0.92916279375 0.2622795140625 0.9252991875000001 0.2291586078125
3 0.9128149020833334 0.2138080046875 0.8755003916666666 0.2162564515625 0.8784954354166667 0.2419315734375 0.9158099458333333 0.23948312500000002 0.9128149020833334 0.2138080046875
5 0.8635267375000001 0.24964039374999997 0.8313472541666667 0.25175190000000003 0.8348514541666667 0.281791790625 0.8670309374999999 0.2796802859375 0.8635267375000001 0.24964039374999997
4 0.8618253833333333 0.274976884375 0.8272495541666667 0.2772456296875 0.8302745458333334 0.303177503125 0.8648503770833333 0.3009087578125 0.8618253833333333 0.274976884375
5 0.9302754583333334 0.2570321765625 0.8909069395833333 0.2596154 0.8939319333333333 0.285547271875 0.9333004520833333 0.282964046875 0.9302754583333334 0.2570321765625
3 0.71734870625 0.7545447328125 0.6437466916666666 0.7593742390625 0.65180335625 0.8284403156250001 0.7254053708333333 0.823610809375 0.71734870625 0.7545447328125
3 0.6470863208333333 0.7776533328124999 0.5919703937499999 0.781269846875 0.59598375 0.8156745093750001 0.6510996770833334 0.8120579953125 0.6470863208333333 0.7776533328124999
4 0.6614882083333333 0.7576926703125 0.6142459854166666 0.7607925390625 0.61840909375 0.7964809578125001 0.6656513166666667 0.7933810890624999 0.6614882083333333 0.7576926703125
3 0.7787148041666666 0.8651294937499999 0.6873113729166668 0.8711270671875001 0.69575739375 0.9435309078125 0.7871608250000001 0.9375333359375 0.7787148041666666 0.8651294937499999
3 0.7675712270833334 0.90415073125 0.6881495208333334 0.9093621046875 0.6954574250000001 0.9720094015624999 0.77487913125 0.9667980265624999 0.7675712270833334 0.90415073125
3 0.7512089041666666 0.96201263125 0.7539194166666667 0.985248615625 0.8480615291666667 0.9790713406249999 0.8453510145833333 0.95583535625 0.7512089041666666 0.96201263125
4 0.29418663333333334 0.19204955937499998 0.2620071479166667 0.1941610640625 0.2648823895833333 0.21880918125 0.297061875 0.2166976765625 0.29418663333333334 0.19204955937499998
4 0.3115299479166667 0.206175821875 0.28208914166666665 0.20810762500000002 0.28466487916666666 0.23018822968750002 0.31410568333333333 0.2282564265625 0.3115299479166667 0.206175821875
4 0.32774996666666667 0.221022584375 0.30310185208333335 0.22263990625000002 0.30540803541666667 0.24240974999999998 0.33005615 0.24079242656250002 0.32774996666666667 0.221022584375
4 0.2769347979166667 0.2127146578125 0.2498903375 0.2144892203125 0.25177721458333335 0.23066454531249997 0.278821675 0.2288899828125 0.2769347979166667 0.2127146578125