1 0.6500221770833333 0.2104765328125 0.5852385541666667 0.21904385781250002 0.5960365104166667 0.2649725453125 0.6608201333333333 0.2564052203125 0.6500221770833333 0.2104765328125
1 0.7677983875 0.186302215625 0.6917340375 0.1963613640625 0.7073626562499999 0.2628370953125 0.7834270083333333 0.252777946875 0.7677983875 0.186302215625
1 0.82585555625 0.2077861703125 0.7523696541666667 0.21750432968750003 0.7650998770833334 0.27165183437499996 0.8385857770833333 0.2619336734375 0.82585555625 0.2077861703125
1 0.7793141104166666 0.246592228125 0.7190427791666667 0.254562825 0.7294997479166666 0.2990411328125 0.7897710770833334 0.2910705359375 0.7793141104166666 0.246592228125
2 0.7895256541666666 0.38756104375 0.7298989375 0.3954463921875 0.7397307604166666 0.4372656703125 0.7993574770833334 0.42938032187499997 0.7895256541666666 0.38756104375
1 0.8327668458333334 0.40751489999999996 0.7670163041666667 0.4162100953125 0.77991701875 0.47108278906249995 0.8456675625 0.46238759375000005 0.8327668458333334 0.40751489999999996
1 0.7542848020833334 0.4200123640625 0.67499738125 0.430497746875 0.6880117604166667 0.4858539015625 0.7672991791666667 0.47536851875 0.7542848020833334 0.4200123640625
1 0.7072545895833334 0.3853556046875 0.6405371291666667 0.3941786703125 0.6516760729166666 0.4415577375 0.7183935333333333 0.43273467187500003 0.7072545895833334 0.3853556046875
2 0.8515051625000001 0.5225561515625 0.8002584145833332 0.5293332890625 0.8081579729166666 0.56293375 0.85940471875 0.5561566109375 0.8515051625000001 0.5225561515625
1 0.8532820729166667 0.5506105390625 0.8023576354166667 0.5573450531249999 0.8099730354166667 0.589736865625 0.8608974729166667 0.58300235 0.8532820729166667 0.5506105390625
1 0.47009150625 0.582343 0.39531638124999996 0.592231653125 0.4077056145833333 0.6449287796875 0.48248074166666666 0.635040125 0.47009150625 0.582343
1 0.44981489999999996 0.6346243609375 0.4001796875 0.64118838125 0.40807924375 0.6747888421875 0.45771445833333335 0.668224821875 0.44981489999999996 0.6346243609375
2 0.5281377604166667 0.611555009375 0.43628038541666664 0.623702709375 0.4537844395833333 0.6981555296875 0.5456418145833334 0.6860078296875 0.5281377604166667 0.611555009375
1 0.4711478 0.662460396875 0.3828357958333333 0.6741392390625001 0.4027267666666667 0.758744715625 0.49103877083333336 0.7470658734375 0.4711478 0.662460396875
2 0.19171506458333332 0.8655362421874999 0.09856846250000001 0.8778544359374999 0.11499272291666666 0.9477143874999999 0.20813932291666667 0.9353961937499999 0.19171506458333332 0.8655362421874999
1 0.11447356041666666 1 0.17105489166666665 0.9925173875000001 0.1575858625 0.93522739375 0.09650876458333334 0.94330455 0.10983801458333334 1 0.11447356041666666 1
1 0.12838569166666666 0.2915488859375 0.003008433333333333 0.3081294296875 0.025115827083333334 0.4021623734375 0.15049308541666667 0.38558182812499997 0.12838569166666666 0.2915488859375
1 0.25656116458333333 0.1631855015625 0.20370288541666665 0.17017575625 0.21450084166666666 0.2161044453125 0.26735912083333335 0.20911418906249998 0.25656116458333333 0.1631855015625
1 0.27435871875 0.239593471875 0.24857418958333335 0.243003353125 0.2528365416666667 0.2611330984375 0.27862106875 0.25772321875 0.27435871875 0.239593471875
1 0.3008074270833333 0.1817602140625 0.24279224375 0.1894324453125 0.25398801875 0.2370532421875 0.3120032020833333 0.2293810109375 0.3008074270833333 0.1817602140625
2 0.9820605708333333 0.3908870859375 0.9740029083333333 0.3919526734375 0.9799133666666666 0.4170925859375 0.98797103125 0.41602699843749996 0.9820605708333333 0.3908870859375