3 0.65576923125 0.08173076875 0.45128205208333333 0.08173076875 0.45128205208333333 0.2581730765625 0.65576923125 0.2581730765625 0.65576923125 0.08173076875
4 0.6051282041666667 0.0296875 0.5496794875000001 0.0296875 0.5496794875000001 0.07079326875 0.6051282041666667 0.07079326875 0.6051282041666667 0.0296875
4 0.6645833333333333 0.0052884609375 0.6091346145833333 0.0052884609375 0.6091346145833333 0.0512019234375 0.6645833333333333 0.0512019234375 0.6645833333333333 0.0052884609375
4 0.09375 0.240625 0.030288462500000002 0.240625 0.030288462500000002 0.284375 0.09375 0.284375 0.09375 0.240625
4 0 0.345072115625 0.0490384625 0.345072115625 0.0490384625 0.3061298078125 0 0.3061298078125 0 0.345072115625
4 0.094391025 0.31875 0.047275641666666667 0.31875 0.047275641666666667 0.352884615625 0.094391025 0.352884615625 0.094391025 0.31875
4 0 0.169471153125 0.030769231249999997 0.169471153125 0.030769231249999997 0.11754807656249999 0 0.11754807656249999 0 0.169471153125
4 0.022115385416666668 0.1978365390625 0.000641025 0.1978365390625 0.000641025 0.24014423125 0.022115385416666668 0.24014423125 0.022115385416666668 0.1978365390625
3 0.6049679479166666 0.25733173125 0.45304487083333334 0.25733173125 0.45304487083333334 0.41237980781249994 0.6049679479166666 0.41237980781249994 0.6049679479166666 0.25733173125
3 0.7371794875000001 0.27295673125 0.50544871875 0.27295673125 0.50544871875 0.4546875 0.7371794875000001 0.4546875 0.7371794875000001 0.27295673125
3 0.7447115375000001 0.44290865312500005 0.5501602562500001 0.44290865312500005 0.5501602562500001 0.583533653125 0.7447115375000001 0.583533653125 0.7447115375000001 0.44290865312500005
3 0.36971153749999996 0.6543269234375 0.21298076875 0.6543269234375 0.21298076875 0.7769230765625 0.36971153749999996 0.7769230765625 0.36971153749999996 0.6543269234375
3 0.4919871791666666 0.7079326921875 0.33589743541666667 0.7079326921875 0.33589743541666667 0.82548076875 0.4919871791666666 0.82548076875 0.4919871791666666 0.7079326921875
4 0.5690705125 0.625 0.45304487083333334 0.625 0.45304487083333334 0.725 0.5690705125 0.725 0.5690705125 0.625
5 0.7121794875 0.614903846875 0.5503205125 0.614903846875 0.5503205125 0.734134615625 0.7121794875 0.734134615625 0.7121794875 0.614903846875
4 0.5969551291666666 0.7096153843749999 0.48669871875 0.7096153843749999 0.48669871875 0.796153846875 0.5969551291666666 0.796153846875 0.5969551291666666 0.7096153843749999
4 0.6673076916666666 0.7983173078125 0.5483974354166666 0.7983173078125 0.5483974354166666 0.8987980765625 0.6673076916666666 0.8987980765625 0.6673076916666666 0.7983173078125