4 0.19243100416666667 0 0.19053046666666665 0.08166140625 0.32767432500000004 0.08345679843750001 0.32961665 0 0.19243100416666667 0
4 0.2573428125 0.1499313890625 0.3554121645833333 0.15121524375 0.35741818750000004 0.0650214765625 0.2593488354166667 0.063737621875 0.2573428125 0.1499313890625
4 0.32028744583333335 0.16210771875000002 0.35936195416666666 0.1626192546875 0.3600774375 0.1318768109375 0.3210029291666666 0.131365275 0.32028744583333335 0.16210771875000002
3 0.39141304375 0.21793226406250002 0.5285569041666667 0.2197276546875 0.5313385895833334 0.10020563125 0.39419472916666665 0.098410240625 0.39141304375 0.21793226406250002
3 0.6389169541666667 0.2362609171875 0.751543475 0.23773534375 0.7538370291666666 0.1391871375 0.6412105083333334 0.137712709375 0.6389169541666667 0.2362609171875
3 0.4391333375 0.29974751093749996 0.5513767791666666 0.3012169234375 0.5538642479166668 0.19433665312499998 0.44162080833333334 0.192867240625 0.4391333375 0.29974751093749996
3 0.514691575 0.3297640765625 0.6085470125000001 0.330992765625 0.6108271916666667 0.23301918437500002 0.51697175625 0.23179049375 0.514691575 0.3297640765625
3 0.6692944166666667 0.3470202328125 0.8114183604166667 0.3488808203125 0.8140328791666666 0.236541609375 0.6719089354166666 0.2346810234375 0.6692944166666667 0.3470202328125
5 0.6269695166666666 0.3956115609375 0.7587502104166667 0.3973367421875 0.7607161125 0.31286685 0.6289354208333333 0.3111416703125 0.6269695166666666 0.3956115609375
5 0.6608199729166666 0.4641685296875 0.8017946666666667 0.466014071875 0.8043088833333333 0.35798455156250003 0.6633341895833333 0.356139009375 0.6608199729166666 0.4641685296875
4 0.52162351875 0.4106142515625 0.63041920625 0.41203852812499997 0.6323717354166667 0.3281432609375 0.5235760479166667 0.326718984375 0.52162351875 0.4106142515625
4 0.5785764312499999 0.4497277515625 0.6705164499999999 0.45093136562499997 0.6717735583333333 0.3969166046875 0.5798335395833334 0.395712990625 0.5785764312499999 0.4497277515625
4 0.5408327854166667 0.50728845625 0.6588224749999999 0.5088330953125 0.660815125 0.423213953125 0.5428254375 0.42166931406249997 0.5408327854166667 0.50728845625
4 0.6437279916666667 0.5399620984375 0.7640161833333334 0.5415368265625 0.7659285916666666 0.4593654359375 0.6456404020833334 0.45779070781250003 0.6437279916666667 0.5399620984375
4 0.6238630875 0.5537846453124999 0.7127384395833333 0.5549481390625 0.7141961499999999 0.4923140015625 0.6253207979166666 0.49115050781249997 0.6238630875 0.5537846453124999
4 0.5659874041666666 0.5543202796875 0.6387732520833332 0.555273140625 0.6400437333333334 0.5006837546875 0.5672578854166667 0.49973089374999996 0.5659874041666666 0.5543202796875
4 0.5352114083333334 0.6253363046875 0.6474548458333333 0.6268057171875 0.64936725625 0.544634325 0.53712381875 0.5431649125 0.5352114083333334 0.6253363046875
4 0.6313576875 0.6186914812500001 0.6819246958333333 0.61935346875 0.68339578125 0.5561447078125 0.6328287708333333 0.55548271875 0.6313576875 0.6186914812500001
4 0.5655152166666666 0.6816323390625 0.6597537354166667 0.68286604375 0.6612649416666667 0.6179334062499999 0.5670264208333333 0.6166997015625 0.5655152166666666 0.6816323390625
4 0.6744943541666667 0.6998719234374999 0.7568572875 0.7009501609375001 0.7582213833333333 0.6423383984375 0.67585845 0.6412601609374999 0.6744943541666667 0.6998719234374999
4 0.6262230375000001 0.732291 0.6951780500000001 0.733193709375 0.6964819666666667 0.6771677609375 0.6275269520833333 0.6762650515625 0.6262230375000001 0.732291
3 0.5257194729166667 0.9755527578125 0.6686095854166666 0.9774233750000001 0.67125085 0.863934915625 0.5283607375 0.8620642984375 0.5257194729166667 0.9755527578125
3 0.46770757916666666 0.9325454921875 0.5516028458333333 0.9336437906249999 0.5532143520833334 0.8644014640625001 0.4693190854166666 0.8633031656249999 0.46770757916666666 0.9325454921875
3 0.339147725 0.9159176718750001 0.3372386583333334 0.9979454062500001 0.43454184375 0.99921923125 0.4364509104166666 0.917191496875 0.339147725 0.9159176718750001
3 0.5356885062500001 1 0.5375548395833333 0.9198083796875001 0.39581397916666666 0.9179528078124999 0.3939350020833333 0.9986876359375 0.49418205625 1 0.5356885062500001 1