3 0.6916268643006263 0.47534131718749995 0.593064127348643 0.49373375625 0.6132970918580376 0.55446945 0.7118598288100209 0.536077009375 0.6916268643006263 0.47534131718749995
5 0.44610011691022966 0.6460019046875 0.3373525657620042 0.666294896875 0.3643025448851775 0.74719385625 0.47305009812108556 0.7269008640625 0.44610011691022966 0.6460019046875
5 0.38212519206680584 0.5990440984375 0.2595788559498956 0.6219120328125001 0.2896416012526096 0.7121549453125 0.4121879373695198 0.6892870109375 0.38212519206680584 0.5990440984375
4 0.4193488496868476 0.5243218890625 0.31980048643006265 0.542898253125 0.345521745302714 0.6201088109375 0.4450701064718163 0.6015324468750001 0.4193488496868476 0.5243218890625
4 0.37849333820459286 0.5237186406250001 0.3117992171189979 0.5361641921875 0.3267077181628393 0.580916809375 0.39340183716075156 0.5684712578125 0.37849333820459286 0.5237186406250001
4 0.849009630480167 0.481623659375 0.7402620772442589 0.5019166515625 0.7667205699373696 0.5813402515625 0.8754681231732776 0.5610472578125 0.849009630480167 0.481623659375
4 0.6671003298538623 0.4420471234375 0.5734657286012527 0.4595199421875 0.5950093298538622 0.5241899296875 0.6886439311064718 0.5067171125 0.6671003298538623 0.4420471234375
4 0.5543059415448851 0.4407644484375 0.4547575762004175 0.4593408140625 0.47785755949895614 0.5286827796875 0.5774059248434238 0.5101064140625 0.5543059415448851 0.4407644484375
4 0.42560539248434237 0.45772895625 0.33492767640918575 0.47465000156250003 0.35679893736951984 0.5403035640625 0.4474766534446764 0.52338251875 0.42560539248434237 0.45772895625
4 0.3579961899791232 0.43547782812499997 0.32284214822546975 0.4420377984375 0.33209852400835077 0.4698237625 0.3672525657620042 0.4632637921875 0.3579961899791232 0.43547782812499997
4 0.4737774864300626 0.40068273750000005 0.40051251983298536 0.4143544515625 0.4205816555323591 0.47459835781250004 0.4938466200417536 0.46092664375 0.4737774864300626 0.40068273750000005
4 0.6340092776617955 0.38828147031250004 0.5571303423799583 0.4026275734375 0.5760526701461378 0.459428971875 0.6529316054279749 0.44508286874999997 0.6340092776617955 0.38828147031250004
4 0.5390610563674321 0.35676711562499996 0.4549541878914405 0.3724619984375 0.4777265114822547 0.4408203890625 0.5618333799582463 0.42512550625 0.5390610563674321 0.35676711562499996
4 0.6134843110647182 0.33295444218750003 0.5372624634655533 0.3471779296875 0.5555294718162839 0.4020121796875 0.6317513194154488 0.3877886921875 0.6134843110647182 0.33295444218750003
4 0.6661086283924843 0.40083525781249996 0.6164987160751566 0.4100927859375 0.6361582755741128 0.469107225 0.6857681878914405 0.45984969531250003 0.6661086283924843 0.40083525781249996
4 0.6355231524008351 0.297500334375 0.5550302505219207 0.3125208265625 0.5736249164926932 0.36833865 0.6541178183716074 0.35331815781250003 0.6355231524008351 0.297500334375
4 0.561551751565762 0.3210980984375 0.4988001419624217 0.3328079515625 0.5156745970772443 0.3834620125 0.5784262066805845 0.3717521578125 0.561551751565762 0.3210980984375
4 0.41215690814196243 0.58025043125 0.32607878496868475 0.5963131625 0.34434579331941545 0.6511474109375001 0.4304239164926931 0.6350846812500001 0.41215690814196243 0.58025043125