4 0.6984960167014613 0.6545075265625 0.5321795803757828 0.6610311140625 0.5414270960334029 0.7930952328124999 0.7077435323590814 0.7865716468749999 0.6984960167014613 0.6545075265625
4 1 0.6015444999999999 0.9302684697286012 0.6042796453125 0.9376664822546973 0.7099309421875 1 0.707485975 1 0.6015444999999999
4 0.8155290334029227 0.5274926390625 0.6578475365344467 0.5336775296875 0.6669573215031315 0.6637747359375 0.8246388204592903 0.6575898453125 0.8155290334029227 0.5274926390625
4 0.4507459290187891 0.5464499 0.2712893674321503 0.55348889375 0.2805762338204593 0.6861149890625 0.4600327954070981 0.6790759937499999 0.4507459290187891 0.5464499
4 0.9009358747390397 0.43806519687499995 0.7699100584551148 0.44320454531250003 0.7770522881002088 0.5452030046874999 0.9080781043841336 0.5400636546875 0.9009358747390397 0.43806519687499995
4 0.5456289686847599 0.4848266875 0.40521734864300624 0.4903341859375 0.41308757411273483 0.60272918125 0.5534991941544884 0.597221684375 0.5456289686847599 0.4848266875
4 0.43456221711899795 0.4497368703125 0.3069152922755741 0.4547436859375 0.313703363256785 0.5516843703125 0.4413502860125261 0.5466775546875 0.43456221711899795 0.4497368703125
4 0.9473487954070982 0.4772406671875 0.998950770354906 0.475216634375 0.9940515532359081 0.40525075 0.942449580375783 0.4072747828125 0.9473487954070982 0.4772406671875
4 0.4053904592901879 0.40678577968749996 0.29426254697286014 0.41114465625 0.2987288997912317 0.47492881562499994 0.4098568121085595 0.470569940625 0.4053904592901879 0.40678577968749996
4 0.9007109415448852 0.3972189296875 0.8278771064718163 0.4000757609375 0.8310842233820459 0.44587672031250003 0.9039180584551147 0.4430198890625 0.9007109415448852 0.3972189296875
4 0.8367579895615866 0.40324940624999994 0.7706819352818371 0.40584117031250005 0.7739677536534446 0.45276608124999995 0.8400438100208768 0.4501743171875 0.8367579895615866 0.40324940624999994
4 0.8977760897703548 0.3660587703125 0.815931885177453 0.3692690234375 0.8190406242171191 0.41366504531250003 0.900884828810021 0.4104547921875 0.8977760897703548 0.3660587703125
4 0.34534871607515655 0.350394053125 0.2342208037578288 0.35475292812500003 0.24057601043841337 0.44551188750000004 0.35170392275574114 0.4411530109375 0.34534871607515655 0.350394053125
5 0.446315235908142 0.32995083125 0.3254260876826722 0.33469258125 0.3307384906054279 0.4105592015625 0.451627636743215 0.40581745312499995 0.446315235908142 0.32995083125
4 0.4973269519832985 0.28695398125 0.3794412630480167 0.2915779234375 0.385855496868476 0.38317984374999997 0.5037411858037578 0.3785559015625 0.4973269519832985 0.28695398125
5 0.4180429853862213 0.2192013609375 0.252101981210856 0.225710221875 0.260424745302714 0.3445679296875 0.42636574947807937 0.33805906874999997 0.4180429853862213 0.2192013609375
4 0.2871886617954071 0.24560680625 0.22036174112734866 0.248228021875 0.22612668267223382 0.33055735625 0.2929536033402923 0.327936140625 0.2871886617954071 0.24560680625
4 0.3607151732776618 0.0402787921875 0.2432049164926931 0.044888009374999996 0.24938304175365344 0.1331180796875 0.3668933006263048 0.1285088640625 0.3607151732776618 0.0402787921875
4 0.41342004592901876 0.0510315453125 0.33157583924843426 0.0542417984375 0.33722272651356994 0.1348852078125 0.4190669311064718 0.13167495468749998 0.41342004592901876 0.0510315453125
3 0.35300311064718165 0.1263769796875 0.299691745302714 0.12846806093750002 0.30407939665970773 0.191128271875 0.3573907620041754 0.1890371890625 0.35300311064718165 0.1263769796875
4 0.5773783277661795 0.0672820734375 0.48877634446764096 0.0707573921875 0.49375426304801673 0.14184722656249998 0.5823562463465554 0.13837190625 0.5773783277661795 0.0672820734375
4 0.4825062734864301 0 0.42093321711899795 0.0024151390625 0.4265407536534447 0.0824965734375 0.5331634801670146 0.078314409375 0.5276796784968685 0 0.4825062734864301 0
4 0.4636691858037578 0.0804767296875 0.458101 0.0009572718750000001 0.38001111691022965 0.0040202640625 0.3855793006263048 0.0835397234375 0.4636691858037578 0.0804767296875