5 0.4420635699373695 0.633557278125 0.3127341356993737 0.6112103921875 0.2813527139874739 0.7129439109375 0.4106821482254697 0.735290796875 0.4420635699373695 0.633557278125
4 0.25961477870563676 0.6172469765625 0.16195786012526095 0.6003727984375 0.1426110605427975 0.6630920062500001 0.24026798121085596 0.6799661859375 0.25961477870563676 0.6172469765625
4 0.29029329018789146 0.4541414640625 0.23519631315240086 0.444621234375 0.22316168893528182 0.483635546875 0.2782586659707724 0.4931557765625 0.29029329018789146 0.4541414640625
4 0.4375165929018789 0.46410505156250004 0.3385399832985386 0.44700284218749997 0.3155370960334029 0.5215744984375 0.4145137056367432 0.5386767078125 0.4375165929018789 0.46410505156250004
5 0.6949441440501044 0.512227284375 0.6055352734864301 0.4967782875 0.594719344467641 0.531841784375 0.6841282150313152 0.5472907796875 0.6949441440501044 0.512227284375
3 0.7196618810020877 0.423647140625 0.6177159749478078 0.406031865625 0.5990546931106472 0.466528740625 0.701000599164927 0.484144015625 0.7196618810020877 0.423647140625
4 0.7108247473903967 0.3638606359375 0.6247150981210856 0.3489817140625 0.6062823215031314 0.408737809375 0.6923919707724426 0.42361673125 0.7108247473903967 0.3638606359375
3 0.8391532839248435 0.17146263125 0.7989027974947808 0.1645077328125 0.7880868684759916 0.199571228125 0.828337356993737 0.20652612656249997 0.8391532839248435 0.17146263125
4 0.8252094634655532 0.1552686515625 0.7879282755741127 0.1488268203125 0.7779502004175366 0.181174128125 0.8152313903966597 0.1876159609375 0.8252094634655532 0.1552686515625
4 0.39747976826722337 0.1703108859375 0.36745686221294366 0.165123215625 0.35884982254697284 0.1930258546875 0.38887272651356997 0.198213525 0.39747976826722337 0.1703108859375
4 0.4212704321503131 0.2897703578125 0.3816797870563674 0.282929475 0.37352975782881 0.309350559375 0.41312040083507306 0.3161914421875 0.4212704321503131 0.2897703578125