1 0.2215119734375 0.06641597494780793 0.1588137828125 0.082699624217119 0.1721285359375 0.17422158037578286 0.2348267265625 0.15793793110647183 0.2215119734375 0.06641597494780793
2 0.338424084375 0.17354336951983299 0.318666709375 0.037736594989561584 0.2264147453125 0.06169579749478079 0.24617212031250002 0.19750257202505217 0.338424084375 0.17354336951983299
1 0.2835167875 0.11235578914405012 0.199274725 0.13423470146137786 0.2181730828125 0.26413683089770357 0.3024151453125 0.24225792066805846 0.2835167875 0.11235578914405012
1 0.3686078734375 0.14655499791231733 0.2802227578125 0.16950992275574112 0.2970272640625 0.28501948851774533 0.38541237968750003 0.26206456576200415 0.3686078734375 0.14655499791231733
0 0.2815340359375 0.34993774321503135 0.165804775 0.3799943465553236 0.185401084375 0.514694 0.3011303453125 0.48463739457202504 0.2815340359375 0.34993774321503135
0 0.1809882078125 0.37796590396659707 0.068297184375 0.40723343215031316 0.09052423125 0.5600160521920667 0.203215253125 0.530748521920668 0.1809882078125 0.37796590396659707
2 0.2637477765625 0.4769204363256785 0.17204821875 0.500736171189979 0.187617890625 0.6077578141962422 0.2793174484375 0.5839420793319415 0.2637477765625 0.4769204363256785
1 0.1504643234375 0.6252583152400836 0.090528165625 0.6408246221294364 0.10094373906250001 0.7124184112734865 0.1608798953125 0.6968521022964509 0.1504643234375 0.6252583152400836
1 0.139374509375 0.6997564843423799 0.0736380796875 0.7168292087682673 0.084429471875 0.7910062776617953 0.1501659015625 0.7739335511482255 0.139374509375 0.6997564843423799
0 0.11826897031250001 0.8492398329853863 0.064409290625 0.8632279895615866 0.0730531421875 0.9226434530271399 0.126912821875 0.9086552964509395 0.11826897031250001 0.8492398329853863
1 0.302009771875 1 0.2950438265625 0.952118006263048 0.24587960625 0.9648866847599165 0.2509879453125 1 0.302009771875 1
1 0.5360331656249999 1 0.554555890625 0.9951893736951983 0.5415392765625 0.9057167432150314 0.46724054062500003 0.9250132254697286 0.478149728125 1 0.5360331656249999 1
0 0.7111435765625 0.612537 0.661703153125 0.6253774091858036 0.67040069375 0.6851619144050105 0.719841115625 0.672321503131524 0.7111435765625 0.612537
1 0.746944775 0.3906828622129436 0.654969015625 0.41457032985386216 0.6725788500000001 0.535615496868476 0.764554609375 0.5117280292275574 0.746944775 0.3906828622129436
0 0.7508229484375 0.3936969728601253 0.6361985015625 0.4234666409185804 0.6593382531249999 0.5825229436325678 0.7739626984375 0.5527532755741128 0.7508229484375 0.3936969728601253
2 0.638458575 0.41043269102296454 0.5655408546875 0.42937050313152403 0.5821842953125 0.5437729498956159 0.6551020171874999 0.5248351356993737 0.638458575 0.41043269102296454
2 0.7095485984375001 0.34543701878914407 0.6103915468750001 0.37118957411273484 0.6245116281249999 0.4682471356993737 0.7236686796875 0.4424945803757829 0.7095485984375001 0.34543701878914407