4 0.5195246520833333 0.41722986874999995 0.6433357625 0.392348553125 0.60553573125 0.286544821875 0.48172462083333334 0.3114261375 0.5195246520833333 0.41722986874999995
5 0.5421257666666667 0.542230840625 0.7177184666666666 0.5069433984375 0.67004595625 0.373506221875 0.49445325416666663 0.4087936640625 0.5421257666666667 0.542230840625
5 0.27614402083333334 0.6003524515625001 0.48658971458333333 0.5580608859375 0.43909508541666664 0.425121609375 0.22864939166666665 0.467413175 0.27614402083333334 0.6003524515625001
4 0.5195934729166667 0.5782441765625 0.6434045854166667 0.5533628609375 0.6057824354166667 0.44805702968750005 0.48197132291666667 0.4729383453125 0.5195934729166667 0.5782441765625
4 0.6377149104166667 0.55984274375 0.6811981708333333 0.551104265625 0.66812380625 0.514508621875 0.6246405458333334 0.5232471000000001 0.6377149104166667 0.55984274375
4 0.4897243833333333 0.601190034375 0.5893043666666667 0.5811782515624999 0.55826386875 0.49429471718749995 0.45868388541666666 0.5143064984375 0.4897243833333333 0.601190034375
4 0.34060526875 0.6219518734375 0.4667399145833333 0.5966036171875 0.45135307708333333 0.5535352734375001 0.32521843125 0.57888353125 0.34060526875 0.6219518734375
4 0.38957997083333334 0.7391179343750001 0.5548827416666666 0.7058983765625 0.5113904687499999 0.5841618468750001 0.34608769791666666 0.6173814046875 0.38957997083333334 0.7391179343750001
4 0.31772023541666666 0.7351481625 0.41431281875 0.7157367328124999 0.37953678750000003 0.6183973015625 0.28294420625 0.6378087296875 0.31772023541666666 0.7351481625
4 0.45028721875 0.821907346875 0.58671179375 0.79449120625 0.5522915291666667 0.698147575 0.4158669541666667 0.725563715625 0.45028721875 0.821907346875
4 0.4845764083333333 0.9124071984375 0.5997572541666667 0.8892602374999999 0.5661374604166666 0.7951571546875 0.4509566145833333 0.818304115625 0.4845764083333333 0.9124071984375
3 0.7811805125000001 0.8872213406249999 0.83860496875 0.8756812125 0.8187710708333333 0.8201653734375001 0.7613466125 0.8317055 0.7811805125000001 0.8872213406249999
3 0.7037823583333334 0.83887113125 0.7412908208333333 0.8313333593750001 0.7262597479166666 0.7892608171875 0.6887512875 0.7967985875 0.7037823583333334 0.83887113125
4 0.44522105 0.9416620265625 0.5315237020833333 0.9243184828125001 0.5051970916666667 0.8506292953125 0.41889443958333333 0.867972840625 0.44522105 0.9416620265625
4 0.34904973958333335 0.91296051875 0.44862972291666664 0.8929487359375001 0.42088005208333334 0.8152763515625001 0.32130006875 0.8352881328124999 0.34904973958333335 0.91296051875
3 0.3038219208333333 0.93125500625 0.3449816479166667 0.9229834703125 0.32692657291666666 0.8724466296875001 0.2857668458333333 0.880718165625 0.3038219208333333 0.93125500625
3 0.23018455416666667 0.7774206953125 0.3078569395833333 0.76181150625 0.2890903354166667 0.7092830671875 0.21141795 0.72489225625 0.23018455416666667 0.7774206953125
5 0.34041793125 0.8235748703124999 0.3981743208333333 0.8119680375 0.381364425 0.7649164953125 0.3236080354166667 0.7765233296875 0.34041793125 0.8235748703124999
4 0.54888405 0.6019753234375 0.6029891729166666 0.5911022546875 0.5923162229166666 0.5612282609375 0.5382110999999999 0.5721013296875 0.54888405 0.6019753234375