5 0.4239417979166667 0.3721478171875 0.19179894166666667 0.3721478171875 0.19179894166666667 0.5298859125 0.4239417979166667 0.5298859125 0.4239417979166667 0.3721478171875
3 0.48677248749999996 0.3697916671875 0.3647486770833333 0.3697916671875 0.3647486770833333 0.500248015625 0.48677248749999996 0.500248015625 0.48677248749999996 0.3697916671875
4 0.40443121666666665 0.5672123015625 0.21726190416666666 0.5672123015625 0.21726190416666666 0.6860119046875 0.40443121666666665 0.6860119046875 0.40443121666666665 0.5672123015625
4 0.44179894166666667 0.681795634375 0.29034391458333336 0.681795634375 0.29034391458333336 0.8048115078125001 0.44179894166666667 0.8048115078125001 0.44179894166666667 0.681795634375
4 0.48214285625000003 0.6475694437499999 0.3921957666666666 0.6475694437499999 0.3921957666666666 0.7383432546875001 0.48214285625000003 0.7383432546875001 0.48214285625000003 0.6475694437499999
4 0.5636574083333333 0.54737103125 0.42311507916666663 0.54737103125 0.42311507916666663 0.6341765875 0.5636574083333333 0.6341765875 0.5636574083333333 0.54737103125
4 0.6041666666666666 0.5758928578125 0.43551587291666666 0.5758928578125 0.43551587291666666 0.7046130953125 0.6041666666666666 0.7046130953125 0.6041666666666666 0.5758928578125
4 0.7041997354166667 0.6212797625 0.5659722229166667 0.6212797625 0.5659722229166667 0.734375 0.7041997354166667 0.734375 0.7041997354166667 0.6212797625
4 0.7027116395833333 0.49776785781250005 0.5869709000000001 0.49776785781250005 0.5869709000000001 0.5927579359374999 0.7027116395833333 0.5927579359374999 0.7027116395833333 0.49776785781250005
4 0.8073743395833334 0.437251984375 0.6344246041666667 0.437251984375 0.6344246041666667 0.5572916671875 0.8073743395833334 0.5572916671875 0.8073743395833334 0.437251984375
4 0.77562830625 0.299355159375 0.5940806875 0.299355159375 0.5940806875 0.4454365078125 0.77562830625 0.4454365078125 0.77562830625 0.299355159375