4 0.7151107833333333 0.49269589375 0.5150022583333334 0.5005613265625 0.5265923666666666 0.6664256578125001 0.7267008916666666 0.658560225 0.7151107833333333 0.49269589375
4 0.5459560166666667 0.4246733625 0.31447292499999996 0.43377199843750003 0.32682501249999996 0.61054090625 0.5583081041666667 0.6014422703125 0.5459560166666667 0.4246733625
4 0.5326265020833333 0.3519647453125 0.37613627916666664 0.3581157234375 0.38291388541666666 0.4551090515625 0.5394041083333333 0.44895807187500003 0.5326265020833333 0.3519647453125
4 0.7213443416666667 0.2524668171875 0.5560539354166667 0.25896369375 0.5661802395833334 0.4038797609375 0.7314706458333333 0.39738288437499997 0.7213443416666667 0.2524668171875
4 0.49891425833333336 0.223658153125 0.3412761875 0.22985424999999998 0.3503798354166667 0.3601352296875 0.5080179083333333 0.3539391328125 0.49891425833333336 0.223658153125
4 0.5048667833333333 0.1496161359375 0.38472514375 0.154338403125 0.39234493958333333 0.2633841578125 0.5124865770833333 0.258661890625 0.5048667833333333 0.1496161359375
4 0.7196499583333333 0.1266424953125 0.5673685208333333 0.1326280453125 0.5763318041666667 0.2609002859375 0.7286132416666666 0.2549147375 0.7196499583333333 0.1266424953125
4 0.9027436916666667 0.11412245624999999 0.7527579541666667 0.12001777031250001 0.7610996229166667 0.23939417500000001 0.9110853624999999 0.2334988609375 0.9027436916666667 0.11412245624999999
4 0.6010585749999999 0.098644128125 0.5704492416666667 0.09984725312500001 0.57215366875 0.124239065625 0.6027630020833333 0.123035940625 0.6010585749999999 0.098644128125
5 0.7242321666666667 0.02200889375 0.6301084645833334 0.0257085046875 0.6356829458333333 0.10548408281249999 0.7298066479166666 0.10178447187499999 0.7242321666666667 0.02200889375
4 0.6924489708333332 0.009158375 0.6507437541666667 0.010797634375 0.652869275 0.041215660937499995 0.69457449375 0.0395764015625 0.6924489708333332 0.009158375
4 0.6743521375 0 0.6749196000000001 0.008120878125 0.7170074354166667 0.006466581250000001 0.7165555687499999 0 0.6743521375 0
4 0.5770924083333333 0 0.5792797875000001 0.0313032515625 0.681055825 0.027302859375 0.6791479833333334 0 0.5770924083333333 0
4 0 0.1262977453125 0.0526669875 0.124227625 0.04564875625 0.023790746874999998 0 0.025585009375000002 0 0.1262977453125
4 0.092713575 0.07963483437499999 0.08823193333333333 0.015498714062499998 0.008265045833333333 0.018641879687499998 0.012746689583333333 0.08277799999999999 0.092713575 0.07963483437499999
4 0 0.041699048437500004 0.019414579166666668 0.040935942187500005 0.017830462499999998 0.018265903125 0 0.01896674375 0 0.041699048437500004
5 0 0.2516131640625 0.13333160624999998 0.2463724546875 0.1264336875 0.14765735 0 0.15262693125 0 0.2516131640625
4 0 0.17492760937500001 0.08226503333333332 0.1716941140625 0.0787158125 0.12090175 0 0.123995740625 0 0.17492760937500001
3 0 0.34570763437499996 0.10526183125 0.3415702296875 0.09774229791666667 0.23395928906250002 0 0.23780113125 0 0.34570763437499996