4 0.2673076916666667 0.00048076875000000005 0.13044871875 0.00048076875000000005 0.13044871875 0.0987980765625 0.2673076916666667 0.0987980765625 0.2673076916666667 0.00048076875000000005
4 0.15256410208333332 0.0003605765625 0.08910256458333334 0.0003605765625 0.08910256458333334 0.08858173124999999 0.15256410208333332 0.08858173124999999 0.15256410208333332 0.0003605765625
4 0 0.0515625 0.10480769166666667 0.0515625 0.10480769166666667 0.00012019218750000001 0 0.00012019218750000001 0 0.0515625
3 0.66266025625 0.1349759609375 0.5113782041666667 0.1349759609375 0.5113782041666667 0.283533653125 0.66266025625 0.283533653125 0.66266025625 0.1349759609375
3 0.48733974375 0.217908653125 0.30753205208333334 0.217908653125 0.30753205208333334 0.3590144234375 0.48733974375 0.3590144234375 0.48733974375 0.217908653125
3 0.6451923083333334 0.3021634609375 0.44198717916666663 0.3021634609375 0.44198717916666663 0.46201923125000005 0.6451923083333334 0.46201923125000005 0.6451923083333334 0.3021634609375
3 0.5059294875 0.421033653125 0.29118589791666666 0.421033653125 0.29118589791666666 0.5772836531250001 0.5059294875 0.5772836531250001 0.5059294875 0.421033653125
3 0.6719551291666667 0.477403846875 0.48445512916666666 0.477403846875 0.48445512916666666 0.6165865390625 0.6719551291666667 0.6165865390625 0.6719551291666667 0.477403846875
3 0.09823717916666667 0.5359375 0.004006410416666667 0.5359375 0.004006410416666667 0.601322115625 0.09823717916666667 0.601322115625 0.09823717916666667 0.5359375
5 0.11121794791666666 0.56514423125 0.023397435416666668 0.56514423125 0.023397435416666668 0.6175480765625 0.11121794791666666 0.6175480765625 0.11121794791666666 0.56514423125
4 0.47692307708333337 0.593509615625 0.30865384583333333 0.593509615625 0.30865384583333333 0.72548076875 0.47692307708333337 0.72548076875 0.47692307708333337 0.593509615625
4 0.5766025645833334 0.725841346875 0.45705128125 0.725841346875 0.45705128125 0.824158653125 0.5766025645833334 0.824158653125 0.5766025645833334 0.725841346875
4 0.48221153749999995 0.7454326921875001 0.331891025 0.7454326921875001 0.331891025 0.8673076921874999 0.48221153749999995 0.8673076921874999 0.48221153749999995 0.7454326921875001