1 0.15945512916666665 0.015625 0.08509615416666666 0.015625 0.08509615416666666 0.11610576875 0.15945512916666665 0.11610576875 0.15945512916666665 0.015625
1 0.81875 0.015264423437499999 0.7418269229166667 0.015264423437499999 0.7418269229166667 0.073677884375 0.81875 0.073677884375 0.81875 0.015264423437499999
1 0.46474358958333334 0.2834134609375 0.3121794875 0.2834134609375 0.3121794875 0.378125 0.46474358958333334 0.378125 0.46474358958333334 0.2834134609375
1 0.5041666666666667 0.3266826921875 0.33782051249999995 0.3266826921875 0.33782051249999995 0.44639423125000005 0.5041666666666667 0.44639423125000005 0.5041666666666667 0.3266826921875
2 0.8488782041666667 0.3525240390625 0.6761217958333333 0.3525240390625 0.6761217958333333 0.48088942343749996 0.8488782041666667 0.48088942343749996 0.8488782041666667 0.3525240390625
1 0.7988782041666667 0.4144230765625 0.6283653854166666 0.4144230765625 0.6283653854166666 0.54375 0.7988782041666667 0.54375 0.7988782041666667 0.4144230765625
1 0.22131410208333333 0.37992788437499997 0.12804487083333332 0.37992788437499997 0.12804487083333332 0.4712740390625 0.22131410208333333 0.4712740390625 0.22131410208333333 0.37992788437499997
1 0 0.4655048078125 0.12564102500000002 0.4655048078125 0.12564102500000002 0.380408653125 0 0.380408653125 0 0.4655048078125
1 0.8426282041666667 0.4790865390625 0.6958333333333333 0.4790865390625 0.6958333333333333 0.5879807687499999 0.8426282041666667 0.5879807687499999 0.8426282041666667 0.4790865390625
1 0.4421474354166667 0.5123798078124999 0.27644230833333333 0.5123798078124999 0.27644230833333333 0.6270432687499999 0.4421474354166667 0.6270432687499999 0.4421474354166667 0.5123798078124999
2 0.2780448708333333 0.54375 0.15240384583333333 0.54375 0.15240384583333333 0.6557692312500001 0.2780448708333333 0.6557692312500001 0.2780448708333333 0.54375
2 0.15144230833333333 0.6040865390625 0.08862179583333334 0.6040865390625 0.08862179583333334 0.6478365390625 0.15144230833333333 0.6478365390625 0.15144230833333333 0.6040865390625
1 0.3584935895833333 0.5795673078125 0.22131410208333333 0.5795673078125 0.22131410208333333 0.675240384375 0.3584935895833333 0.675240384375 0.3584935895833333 0.5795673078125
2 0.38926282083333336 0.9378605765625 0.3020833333333333 0.9378605765625 0.3020833333333333 0.9993990390624999 0.38926282083333336 0.9993990390624999 0.38926282083333336 0.9378605765625
2 0.39407051249999997 0.88016826875 0.31907051249999996 0.88016826875 0.31907051249999996 0.939783653125 0.39407051249999997 0.939783653125 0.39407051249999997 0.88016826875