1 0.7318910249999999 0.00012019218750000001 0.5485576916666666 0.00012019218750000001 0.5485576916666666 0.09170673124999999 0.7318910249999999 0.09170673124999999 0.7318910249999999 0.00012019218750000001
1 0.7068910249999999 0.06334134687500001 0.53798076875 0.06334134687500001 0.53798076875 0.1628605765625 0.7068910249999999 0.1628605765625 0.7068910249999999 0.06334134687500001
1 0.74358974375 0.09122596093749999 0.5596153854166667 0.09122596093749999 0.5596153854166667 0.2472355765625 0.74358974375 0.2472355765625 0.74358974375 0.09122596093749999
1 0.7342948708333333 0.190865384375 0.6115384625 0.190865384375 0.6115384625 0.2978365390625 0.7342948708333333 0.2978365390625 0.7342948708333333 0.190865384375
1 0.3121794875 0.33942307656250004 0.20833333333333334 0.33942307656250004 0.20833333333333334 0.41706730781249995 0.3121794875 0.41706730781249995 0.3121794875 0.33942307656250004
1 0.20608974375000003 0.3759615390625 0.1125 0.3759615390625 0.1125 0.446875 0.20608974375000003 0.446875 0.20608974375000003 0.3759615390625
1 0.3020833333333333 0.3983173078125 0.20496794791666667 0.3983173078125 0.20496794791666667 0.45336538437499996 0.3020833333333333 0.45336538437499996 0.3020833333333333 0.3983173078125
1 0.34294871875 0.4931490390625 0.2602564104166667 0.4931490390625 0.2602564104166667 0.5546875 0.34294871875 0.5546875 0.34294871875 0.4931490390625
2 0.30977564166666666 0.5001201921875 0.17131410208333334 0.5001201921875 0.17131410208333334 0.5931490390625 0.30977564166666666 0.5931490390625 0.30977564166666666 0.5001201921875
2 0.6766025645833333 0.4568509609375 0.46057692291666663 0.4568509609375 0.46057692291666663 0.6056490390625 0.6766025645833333 0.6056490390625 0.6766025645833333 0.4568509609375
1 0.8724358979166666 0.42800480781249994 0.6708333333333333 0.42800480781249994 0.6708333333333333 0.586177884375 0.8724358979166666 0.586177884375 0.8724358979166666 0.42800480781249994
2 0.06266025625 0.6265625 0.00080128125 0.6265625 0.00080128125 0.6782451921875 0.06266025625 0.6782451921875 0.06266025625 0.6265625
1 0.03862179583333333 0.6706730765625 0.00048076875 0.6706730765625 0.00048076875 0.7072115390625 0.03862179583333333 0.7072115390625 0.03862179583333333 0.6706730765625
0 0.09807692291666667 0.67079326875 0.016025641666666667 0.67079326875 0.016025641666666667 0.7222355765625 0.09807692291666667 0.7222355765625 0.09807692291666667 0.67079326875
1 0.10224358958333334 0.7001201921875 0.039423077083333334 0.7001201921875 0.039423077083333334 0.744591346875 0.10224358958333334 0.744591346875 0.10224358958333334 0.7001201921875
2 0.2907051291666667 0.727283653125 0.22403846249999998 0.727283653125 0.22403846249999998 0.77704326875 0.2907051291666667 0.77704326875 0.2907051291666667 0.727283653125
0 0.48701923124999996 0.81923076875 0.36842948750000004 0.81923076875 0.36842948750000004 0.9137019234375 0.48701923124999996 0.9137019234375 0.48701923124999996 0.81923076875
2 0.5424679479166666 0.858653846875 0.43573717916666665 0.858653846875 0.43573717916666665 0.947596153125 0.5424679479166666 0.947596153125 0.5424679479166666 0.858653846875