5 0.3511519875 0.3736809125 0.5096650895833333 0.39678978125 0.5404769166666666 0.277904953125 0.38196381458333334 0.254796084375 0.3511519875 0.3736809125
3 0.6199916291666666 0.4474826546875 0.8229698645833333 0.4770738828125 0.8634804875000001 0.320767065625 0.6605022520833334 0.29117583593749996 0.6199916291666666 0.4474826546875
5 0.40815598125 0.482647646875 0.5741365125000001 0.5068451578125 0.60481638125 0.3884694734375 0.43883585208333337 0.3642719625 0.40815598125 0.482647646875
4 0.36374709166666663 0.643802053125 0.5266727666666667 0.667554209375 0.5564289395833334 0.5527425234375001 0.39350326666666663 0.5289903671875 0.36374709166666663 0.643802053125
4 0.32988674583333333 0.78192460625 0.4629427125 0.8013222000000001 0.4911154104166667 0.692620228125 0.35805944375000004 0.6732226328124999 0.32988674583333333 0.78192460625
4 0.5091081875 0.7896912406250001 0.6822167166666666 0.8149279078125 0.7145460416666667 0.6901879375 0.5414375125 0.6649512718749999 0.5091081875 0.7896912406250001
4 0.49530756875000004 0.8789569640625 0.6466926729166667 0.9010266765624999 0.6725561333333334 0.8012347 0.5211710291666667 0.7791649875 0.49530756875000004 0.8789569640625
4 0.3484816895833333 0.863760384375 0.47067594375 0.8815745015625 0.4944281020833333 0.7899288109375 0.37223384583333335 0.7721146921875001 0.3484816895833333 0.863760384375
4 0.439588775 0.919973328125 0.5152813291666667 0.931008184375 0.5311161 0.86991105625 0.45542354791666667 0.8588761999999999 0.439588775 0.919973328125
4 0.510522925 0.9670368921874999 0.62049775625 0.9830695984375 0.6426004583333333 0.8977881906249999 0.5326256270833334 0.8817554843750001 0.510522925 0.9670368921874999
4 0.79225575625 0.98089780625 0.8509768854166667 0.9894584796875 0.8630508979166667 0.9428719203125 0.80432976875 0.934311246875 0.79225575625 0.98089780625
5 0.7438534895833333 0.9080581578125001 0.7903551937500001 0.91483741875 0.8003838833333333 0.8761425718750001 0.7538821791666667 0.869363309375 0.7438534895833333 0.9080581578125001
5 0.8316589916666667 0.8873067703125 0.8869858333333334 0.8953726078124999 0.8971464791666667 0.8561686171874999 0.8418196354166666 0.84810278125 0.8316589916666667 0.8873067703125
4 0.9404539979166666 0.3730702125 0.9842402708333334 0.3794536046875 0.9930153729166666 0.3455956140625 0.9492291 0.339212221875 0.9404539979166666 0.3730702125
4 0.8862864729166666 0.41761510625 0.9273573208333333 0.4236026296875 0.9349448166666666 0.39432692187499996 0.89387396875 0.3883394 0.8862864729166666 0.41761510625
4 0.8659799479166667 0.44635751562500003 0.9053536541666667 0.45209762031249995 0.9122813666666667 0.4253676265625 0.8729076604166667 0.419627521875 0.8659799479166667 0.44635751562500003
4 1 0.420322884375 0.9684977395833333 0.41573031875 0.9602504645833334 0.4475517390625 1 0.45334663593749996 1 0.420322884375
4 1 0.40090491562499997 0.9864151354166667 0.39892444375 0.9796193791666667 0.42514529375 1 0.4281164875 1 0.40090491562499997
4 0.9186636791666667 0.4734559921875 0.95667966875 0.47899816093750003 0.9643331416666666 0.4494678828125 0.9263171520833333 0.4439257125 0.9186636791666667 0.4734559921875
4 0.875510925 0.48909272968749995 0.9101326291666666 0.4941400625 0.9162686041666667 0.47046492500000003 0.8816469 0.4654175921875 0.875510925 0.48909272968749995
4 0.7918016875 0.791011084375 0.8240473916666667 0.7957120328125 0.8304472791666666 0.7710186109375 0.798201575 0.7663176625 0.7918016875 0.791011084375
3 0.8032747104166666 0.7739261921875 0.83823584375 0.779023009375 0.8447676875 0.7538204421875 0.8098065541666667 0.748723625 0.8032747104166666 0.7739261921875
4 0.6971963124999999 0.9596422234374999 0.73894601875 0.9657287140624999 0.7489087270833333 0.9272884390625 0.7071590229166667 0.9212019484375 0.6971963124999999 0.9596422234374999
4 0.8058381229166667 0.9318892421875 0.8581101104166666 0.9395097265624999 0.8679408645833333 0.90157859375 0.8156688770833332 0.893958109375 0.8058381229166667 0.9318892421875
4 0.8483373645833333 0.99488585625 0.8799042145833333 0.9994878375 0.8913184458333333 0.955446990625 0.8597515958333334 0.9508450109375 0.8483373645833333 0.99488585625
3 0.8731462833333333 0.9698380156249999 0.88706285 0.9718668453125 0.8979492541666667 0.9298625703125 0.8840326875 0.9278337406249999 0.8731462833333333 0.9698380156249999
4 0.6982159062500001 0.8612479890625 0.7348741854166666 0.866592225 0.7416699416666667 0.8403713749999999 0.7050116625 0.8350271390625 0.6982159062500001 0.8612479890625
4 0.7614143479166666 1 0.76664798125 0.979806471875 0.72421941875 0.9736210140624999 0.7173826791666666 1 0.7614143479166666 1
5 0.7595570895833333 0.8569811265625 0.7873902270833334 0.8610387875000001 0.7943839166666666 0.8340542234375 0.7665507791666666 0.8299965625000001 0.7595570895833333 0.8569811265625