3 0.6766025645833333 0.00048076875000000005 0.46987179583333333 0.00048076875000000005 0.46987179583333333 0.17956730781250002 0.6766025645833333 0.17956730781250002 0.6766025645833333 0.00048076875000000005
3 0.47163461458333333 0.112259615625 0.30849358958333334 0.112259615625 0.30849358958333334 0.2572115390625 0.47163461458333333 0.2572115390625 0.47163461458333333 0.112259615625
3 0.042467947916666665 0.0681490390625 0.00048076875 0.0681490390625 0.00048076875 0.14795673125 0.042467947916666665 0.14795673125 0.042467947916666665 0.0681490390625
4 0.04887820416666667 0.1646634609375 0.00048076875 0.1646634609375 0.00048076875 0.23149038437499997 0.04887820416666667 0.23149038437499997 0.04887820416666667 0.1646634609375
5 0.3341346145833333 0.189903846875 0.17355769166666668 0.189903846875 0.17355769166666668 0.3165865390625 0.3341346145833333 0.3165865390625 0.3341346145833333 0.189903846875
4 0.0740384625 0.22620192343749998 0.000641025 0.22620192343749998 0.000641025 0.285096153125 0.0740384625 0.285096153125 0.0740384625 0.22620192343749998
4 0.07692307708333333 0.274759615625 0.004166666666666667 0.274759615625 0.004166666666666667 0.3197115390625 0.07692307708333333 0.3197115390625 0.07692307708333333 0.274759615625
3 0.68701923125 0.250721153125 0.5136217958333333 0.250721153125 0.5136217958333333 0.3855769234375 0.68701923125 0.3855769234375 0.68701923125 0.250721153125
4 0.45256410208333336 0.2829326921875 0.29871794791666667 0.2829326921875 0.29871794791666667 0.3978365390625 0.45256410208333336 0.3978365390625 0.45256410208333336 0.2829326921875
3 0.5270833333333333 0.33942307656250004 0.38381410208333333 0.33942307656250004 0.38381410208333333 0.456490384375 0.5270833333333333 0.456490384375 0.5270833333333333 0.33942307656250004
4 0.32083333333333336 0.32764423125 0.18237179583333332 0.32764423125 0.18237179583333332 0.4384615390625 0.32083333333333336 0.4384615390625 0.32083333333333336 0.32764423125
3 0.27836538541666667 0.41057692343749996 0.18285256458333335 0.41057692343749996 0.18285256458333335 0.4668269234375 0.27836538541666667 0.4668269234375 0.27836538541666667 0.41057692343749996
5 0.655608975 0.3800480765625 0.5014423083333334 0.3800480765625 0.5014423083333334 0.490865384375 0.655608975 0.490865384375 0.655608975 0.3800480765625
4 0.13509615416666668 0.380408653125 0.0572115375 0.380408653125 0.0572115375 0.43545673125000006 0.13509615416666668 0.43545673125000006 0.13509615416666668 0.380408653125
4 0.040705129166666666 0.35504807656250004 0.000641025 0.35504807656250004 0.000641025 0.40865384687499995 0.040705129166666666 0.40865384687499995 0.040705129166666666 0.35504807656250004
4 0 0.44771634687499995 0.023717947916666666 0.44771634687499995 0.023717947916666666 0.4087740390625 0 0.4087740390625 0 0.44771634687499995
4 0.09198717916666667 0.436177884375 0.019230768750000002 0.436177884375 0.019230768750000002 0.48954326875 0.09198717916666667 0.48954326875 0.09198717916666667 0.436177884375
4 0.15785256458333335 0.45384615312500004 0.10240384583333334 0.45384615312500004 0.10240384583333334 0.49567307656250004 0.15785256458333335 0.49567307656250004 0.15785256458333335 0.45384615312500004
4 0.30112179583333337 0.45384615312500004 0.19919871875 0.45384615312500004 0.19919871875 0.54423076875 0.30112179583333337 0.54423076875 0.30112179583333337 0.45384615312500004
4 0.4030448708333333 0.46766826874999995 0.2649038458333333 0.46766826874999995 0.2649038458333333 0.5746394234375 0.4030448708333333 0.5746394234375 0.4030448708333333 0.46766826874999995
4 0.5019230770833334 0.44459134687499996 0.37916666666666665 0.44459134687499996 0.37916666666666665 0.545072115625 0.5019230770833334 0.545072115625 0.5019230770833334 0.44459134687499996
4 0.08846153749999999 0.48870192343749996 0.04358974375 0.48870192343749996 0.04358974375 0.5213942312500001 0.08846153749999999 0.5213942312500001 0.08846153749999999 0.48870192343749996
4 0 0.57295673125 0.03910256458333334 0.57295673125 0.03910256458333334 0.5402644234375 0 0.5402644234375 0 0.57295673125
4 0.3108974354166667 0.5411057687499999 0.23397435833333333 0.5411057687499999 0.23397435833333333 0.5795673078125 0.3108974354166667 0.5795673078125 0.3108974354166667 0.5411057687499999
4 0.4703525645833333 0.5611778843749999 0.36330128125 0.5611778843749999 0.36330128125 0.6563701921875 0.4703525645833333 0.6563701921875 0.4703525645833333 0.5611778843749999
4 0.3844551291666667 0.5822115390625 0.28125 0.5822115390625 0.28125 0.6668269234374999 0.3844551291666667 0.6668269234374999 0.3844551291666667 0.5822115390625
4 0.60673076875 0.535697115625 0.48044871875 0.535697115625 0.48044871875 0.6328125 0.60673076875 0.6328125 0.60673076875 0.535697115625
4 0.28637820416666665 0.6105769234375 0.21073717916666668 0.6105769234375 0.21073717916666668 0.671634615625 0.28637820416666665 0.671634615625 0.28637820416666665 0.6105769234375
4 0.5830128208333334 0.6341346156250001 0.4733974354166667 0.6341346156250001 0.4733974354166667 0.72139423125 0.5830128208333334 0.72139423125 0.5830128208333334 0.6341346156250001
4 0.46762820416666667 0.7066105765625 0.37083333333333335 0.7066105765625 0.37083333333333335 0.786177884375 0.46762820416666667 0.786177884375 0.46762820416666667 0.7066105765625
4 0.56298076875 0.7608173078125 0.4915064104166667 0.7608173078125 0.4915064104166667 0.825 0.56298076875 0.825 0.56298076875 0.7608173078125
3 0.59919871875 0.915384615625 0.5405448708333334 0.915384615625 0.5405448708333334 0.9677884609375 0.59919871875 0.9677884609375 0.59919871875 0.915384615625