1 0.4992805229166667 1 0.5287213166666667 0.8864051843749999 0.3259438708333333 0.856843228125 0.29419213958333335 0.9793546 0.4358073020833333 1 0.4992805229166667 1
1 0.5808348624999999 0.7974184484375 0.41663292291666665 0.77348023125 0.3762216291666666 0.9294037984375001 0.5404235666666667 0.9533420156249999 0.5808348624999999 0.7974184484375
1 0.491295625 0.7376006984375 0.34689350416666664 0.7165490015625 0.31577216041666667 0.836628071875 0.4601742833333333 0.85767976875 0.491295625 0.7376006984375
1 0 0.6756753203125 0.027333016666666664 0.6796600703125 0.045979279166666664 0.6077150421875 0 0.6010119421875 0 0.6756753203125
1 0 0.65667734375 0.08499083333333333 0.6690677515625 0.104897875 0.5922581140625 0.002485025 0.5773278328125 0 0.5869160921875001 0 0.65667734375
1 0 0.5454793953125 0.013591379166666667 0.5474608171875001 0.0293843 0.4865251703125 0 0.4822413734375 0 0.5454793953125
1 0.42248290208333333 0.5916602171875 0.370593725 0.584095540625 0.35898128541666663 0.6289011640625 0.41087046250000003 0.6364658390625 0.42248290208333333 0.5916602171875
1 0.4127848916666667 0.5661999984375 0.3653336020833333 0.5592823015625 0.3574371416666667 0.589750125 0.40488843125 0.596667821875 0.4127848916666667 0.5661999984375
2 0.20954583958333334 0.45845319062499995 0.11259500625 0.444319190625 0.09580673333333332 0.5090953203125 0.19275756666666669 0.5232293203125 0.20954583958333334 0.45845319062499995
1 0.2521886916666667 0.455901590625 0.18049969375 0.44545039375 0.16603390833333334 0.5012653984375001 0.23772290833333332 0.5117165953125 0.2521886916666667 0.455901590625
1 0.8043135354166666 0.49148893125 0.6404529729166666 0.46760047968749996 0.61238404375 0.5759020718750001 0.77624460625 0.5997905218749999 0.8043135354166666 0.49148893125
1 0.6608192541666666 0.44027910312499996 0.48398639791666664 0.414499484375 0.45113977916666664 0.5412353875 0.6279726354166667 0.56701500625 0.6608192541666666 0.44027910312499996
1 0.7923879083333334 0.3604843953125 0.6186274354166666 0.335152684375 0.586842525 0.45779207499999997 0.7606029979166667 0.48312378437500003 0.7923879083333334 0.3604843953125
1 0.7808077979166667 0.10717263125000001 0.5968060395833333 0.0803478921875 0.556195675 0.23703955625 0.7401974312499999 0.2638642953125 0.7808077979166667 0.10717263125000001
1 0.6132675833333334 0.135756084375 0.4688654625 0.1147043875 0.4373459791666667 0.2363196484375 0.5817481020833333 0.2573713453125 0.6132675833333334 0.135756084375
1 0.6786404666666667 0.02226461875 0.528093575 0.00031710624999999997 0.4955787395833333 0.12577285 0.64612563125 0.1477203640625 0.6786404666666667 0.02226461875
0 0.5107705083333334 0.0193138421875 0.421671325 0.006324496875 0.40189699791666667 0.08262207187500001 0.49099618125 0.0956114171875 0.5107705083333334 0.0193138421875
2 0.7222887750000001 0.5988329140624999 0.6386516125 0.58663985 0.62372133125 0.6442470796875 0.70735849375 0.6564401421875 0.7222887750000001 0.5988329140624999