4 0.613813425 0.2326585078125 0.78798500625 0.26042449218749997 0.8271535541666667 0.12221934375000001 0.6529819729166667 0.094453359375 0.613813425 0.2326585078125
4 0.21568540416666665 0.26093848125 0.40100396666666666 0.2904814890625 0.43987634583333335 0.15332136875 0.25455778333333334 0.12377836093750001 0.21568540416666665 0.26093848125
4 0.2650587125 0.328882878125 0.38593378958333335 0.348152471875 0.4085167895833333 0.2684689734375 0.2876417145833334 0.2491993796875 0.2650587125 0.328882878125
4 0.6666073333333333 0.35726225624999997 0.8139564916666667 0.3807522796875 0.84720163125 0.26344771875 0.6998524708333334 0.2399576953125 0.6666073333333333 0.35726225624999997
4 0.2634597020833333 0.4328007625 0.4076737729166667 0.45579099687499997 0.43877167499999997 0.34606290156249997 0.29455760625 0.323072665625 0.2634597020833333 0.4328007625
4 0.42968315 0.42052500468750004 0.5846958562500001 0.44523673124999996 0.6183112083333333 0.326625884375 0.4632985 0.30191415781250003 0.42968315 0.42052500468750004
4 0.6192593 0.4633075546875 0.7749686958333334 0.4881303453125 0.81050915625 0.36272680625 0.6547997604166667 0.337904015625 0.6192593 0.4633075546875
3 0.09837507083333333 0.35241730625 0.03358324375 0.3420883609375 0.012481095833333334 0.4165467109375 0.07727292291666667 0.42687565625 0.09837507083333333 0.35241730625
3 0.06766146875 0.416468940625 0.014887479166666667 0.40805584687499996 0.004669597916666667 0.4441093625 0.0574435875 0.45252245625 0.06766146875 0.416468940625
4 0.3048555 0.47558056249999997 0.4149319395833333 0.4931286640625 0.43440515 0.42441797656249997 0.32432871041666667 0.40686987343750003 0.3048555 0.47558056249999997
4 0.5882309479166667 0.5143386109375 0.7077126541666666 0.5333860765625 0.7297773562500001 0.45553137968749996 0.61029565 0.4364839140625 0.5882309479166667 0.5143386109375
3 0.6966507875 0.5589287281249999 0.8941613604166666 0.5904153546875001 0.9354771458333333 0.44463374062499994 0.7379665729166667 0.4131471140625 0.6966507875 0.5589287281249999
4 0.5265444583333333 0.6150944375 0.6627466354166667 0.6368074375 0.6932521979166667 0.5291694 0.5570500208333333 0.5074564015624999 0.5265444583333333 0.6150944375
5 0.6714208333333332 0.6620830984375 0.84280566875 0.6894048265625 0.8752363375000001 0.574974096875 0.7038515020833334 0.54765236875 0.6714208333333332 0.6620830984375
4 0.3603191604166666 0.5926911453125 0.4825876104166667 0.6121828671875 0.5097612541666667 0.5163014109375 0.38749280416666665 0.49680968906249995 0.3603191604166666 0.5926911453125
4 0 0.5446706 0.041991612500000004 0.5513647953125 0.0587992875 0.49205937187500004 0 0.482685740625 0 0.5446706
4 0.35259963541666667 0.6732423046875 0.42853844375 0.6853482734375 0.4512695291666667 0.6051422609375 0.37533072083333335 0.5930362921875 0.35259963541666667 0.6732423046875
4 0.40949656458333333 0.6902314374999999 0.5436086833333333 0.7116112453125 0.5722631791666667 0.6105046421875 0.4381510604166667 0.589124834375 0.40949656458333333 0.6902314374999999
4 0 0.58276261875 0.03601695625 0.5885043484375 0.04919654375 0.5420005359375 0 0.5341577484375 0 0.58276261875
4 0 0.6254966734375 0.004051210416666667 0.62614250625 0.01752696875 0.5785936640625 0 0.5757995609375001 0 0.6254966734375
4 0.5248807645833333 0.7404373015625 0.5489164416666666 0.7442690078124999 0.5555062354166667 0.7210171015625 0.5314705583333333 0.7171853968749999 0.5248807645833333 0.7404373015625
4 0.42603985208333334 0.7648203140625001 0.48490984374999996 0.774205215625 0.49823751666666666 0.7271788890625001 0.439367525 0.7177939859375 0.42603985208333334 0.7648203140625001
4 0.6516157708333333 0.83409449375 0.7986165854166667 0.8575289843749999 0.8297144875 0.7478008890625001 0.6827136729166666 0.724366396875 0.6516157708333333 0.83409449375
4 0.6367827354166666 0.8639510546875 0.7322287604166667 0.8791668140625 0.7506653750000001 0.8141137281249999 0.65521935 0.7988979703125 0.6367827354166666 0.8639510546875
4 0.5696377583333334 0.9088149 0.68563603125 0.9273070453125 0.7091815854166666 0.8442272015625001 0.5931833125 0.8257350562499999 0.5696377583333334 0.9088149
4 0.5467961208333333 0.9219668000000001 0.6384103729166667 0.9365717078125 0.6588461375 0.8644646734375 0.5672318854166666 0.849859765625 0.5467961208333333 0.9219668000000001
4 0.6067903291666668 0.950508665625 0.6656603249999999 0.9598935687499999 0.6779514 0.9165248453125001 0.61908140625 0.9071399421875 0.6067903291666668 0.950508665625