4 0.18587457828810022 0.5983180781249999 0.33724126722338205 0.614239740625 0.3571646471816284 0.5081395890625 0.20579795615866386 0.492217928125 0.18587457828810022 0.5983180781249999
4 0.21013814613778706 0.494140521875 0.3499794530271399 0.508849875 0.36887696659707725 0.4082128765625 0.22903565970772444 0.39350352499999997 0.21013814613778706 0.494140521875
4 0.25038772651356994 0.3966291046875 0.3894606764091858 0.4112576359375 0.4073323256784969 0.3160837890625 0.268259375782881 0.30145525625 0.25038772651356994 0.3966291046875
4 0.3231388810020877 0.3242342015625 0.42763568267223384 0.33522580625 0.44091793528183715 0.26449237187499997 0.336421133611691 0.25350076875 0.3231388810020877 0.3242342015625
4 0.4237855782881002 0.3411249203125 0.530971636743215 0.352399396875 0.546413605427975 0.270164590625 0.43922754697286015 0.258890115625 0.4237855782881002 0.3411249203125
4 0.37300845720250525 0.39559944687500004 0.44792344467640915 0.4034794578125 0.4626095114822547 0.3252701328125 0.38769452400835075 0.31739012187500004 0.37300845720250525 0.39559944687500004
4 0.2909352442588726 0.469652721875 0.3900535323590814 0.48007858125 0.4049015782881002 0.40100665312499995 0.3057832901878914 0.39058079375 0.2909352442588726 0.469652721875
5 0.3398962526096033 0.630352540625 0.49049458455114825 0.64619338125 0.5133335803757829 0.5245663796875 0.362735248434238 0.5087255390625 0.3398962526096033 0.630352540625
4 0.39810460960334026 0.68338941875 0.5314148663883089 0.6974117953125 0.5503123799582463 0.596774796875 0.4170021231732777 0.5827524203125 0.39810460960334026 0.68338941875
4 0.4315708288100209 0.583405203125 0.5379885281837161 0.594598859375 0.5530525448851774 0.51437679375 0.44663484759916494 0.5031831390625 0.4315708288100209 0.583405203125
4 0.4208740584551148 0.502672565625 0.5499583423799582 0.516250428125 0.5665881544885178 0.4276898703125 0.43750387056367435 0.41411200625 0.4208740584551148 0.502672565625
4 0.476036006263048 0.47387562812499995 0.5682390668058455 0.48357410312500004 0.5799015323590814 0.42146669843750006 0.4876984718162839 0.411768225 0.476036006263048 0.47387562812499995
4 0.4711579895615866 0.4122274984375 0.5756547912317328 0.423219103125 0.5912587369519833 0.3401216953125 0.48676193528183714 0.3291300921875 0.4711579895615866 0.4122274984375