4 0.9596495375 0.39829668906250004 0.9853482354166666 0.3955879015625 0.9602614479166667 0.261711578125 0.93456275 0.26442036562500004 0.9596495375 0.39829668906250004
4 0.9433048208333333 0.28461444375 0.8804471937499999 0.291239990625 0.89040381875 0.344373784375 0.9532614458333334 0.3377482375 0.9433048208333333 0.28461444375
4 0.8897749479166667 0.3145595875 0.9686074416666667 0.3062501984375 0.9526963666666667 0.22134031250000002 0.8738638729166667 0.2296497 0.8897749479166667 0.3145595875
3 0.34583359999999996 0.4544970046875 0.20900539791666667 0.4689194671875 0.2278448916666667 0.5694569406250001 0.36467309374999995 0.555034478125 0.34583359999999996 0.4544970046875
3 0.4582846625 0.48952318906250003 0.33604220833333337 0.50240823125 0.35258777291666665 0.5907040968749999 0.4748302291666667 0.577819053125 0.4582846625 0.48952318906250003
5 0.4957984 0.5404163203125 0.37633418333333335 0.553008521875 0.39156196041666663 0.6342719703124999 0.5110261770833333 0.6216797703125 0.4957984 0.5404163203125
3 0.5029166791666666 0.49902855468749996 0.44874104791666664 0.5047389718749999 0.4568918125 0.548235753125 0.5110674458333333 0.5425253375 0.5029166791666666 0.49902855468749996
5 0.51358189375 0.4245975921875 0.40731430416666664 0.4357987953125 0.4220052041666667 0.5141971859375001 0.52827279375 0.502995984375 0.51358189375 0.4245975921875
3 0.6128691875 0.48292366875 0.49826688541666664 0.4950033953125 0.51388511875 0.5783505234375 0.6284874208333334 0.566270796875 0.6128691875 0.48292366875
4 0.42859786041666664 0.4416563203125 0.30913364375 0.45424852031249996 0.3206032833333333 0.5154565671875 0.4400675 0.5028643671874999 0.42859786041666664 0.4416563203125
4 0.42622789791666665 0.40538553437499997 0.310236475 0.4176116828125 0.32102281875000005 0.47517329375 0.4370142395833333 0.46294714531250003 0.42622789791666665 0.40538553437499997
3 0.3879510666666667 0.31167774375 0.2730014854166667 0.3237940765625 0.28954705000000003 0.41208994062500004 0.40449663124999996 0.3999736078125 0.3879510666666667 0.31167774375
4 0.5067535916666667 0.3456360421875 0.40291696041666664 0.3565810078125 0.417705475 0.43550031875000006 0.52154210625 0.42455535468749994 0.5067535916666667 0.3456360421875
4 0.5200778520833333 0.2938995734375 0.4322160854166667 0.30316069843750004 0.4443202166666667 0.3677547234375 0.53218198125 0.35849359999999997 0.5200778520833333 0.2938995734375
4 0.5264330645833334 0.2834023390625 0.47052103333333334 0.28929578125 0.4779885020833333 0.329146128125 0.5339005312499999 0.323252684375 0.5264330645833334 0.2834023390625
3 0.3643003041666667 1 0.3605349979166667 0.9799063390624999 0.2945518520833333 0.9868613328125001 0.2970138770833334 1 0.3643003041666667 1
4 0.36565125416666666 0.936339159375 0.31182290208333335 0.9420129703125 0.32002247500000003 0.9857702109375 0.37385082708333334 0.9800964000000001 0.36565125416666666 0.936339159375
5 0.31464713125 0.9429105 0.25422046458333336 0.9492798109375 0.2632497541666667 0.9974648687500001 0.3236764229166667 0.9910955578125 0.31464713125 0.9429105