1 0.2578662583333333 0.1194895796875 0.40206042708333334 0.12137726874999999 0.40475665000000005 0.0055273359375 0.26056248125 0.0036396468750000003 0.2578662583333333 0.1194895796875
1 0.8471216916666666 0.38394942187500003 0.9102779770833334 0.3847762203125 0.9114335 0.3351262484375 0.8482772166666667 0.3342994515625 0.8471216916666666 0.38394942187500003
1 1 0.29789515 0.9404807145833334 0.29711596406249996 0.9381298208333334 0.398127975 1 0.3989379359375 1 0.29789515
2 0.6029038166666666 0.46909337500000003 0.68964859375 0.4702289765625 0.6905052770833334 0.4334195140625 0.6037604979166667 0.4322839125 0.6029038166666666 0.46909337500000003
1 0.56136698125 0.553180071875 0.7025174750000001 0.555027915625 0.7050277520833333 0.44716763281249994 0.5638772604166667 0.445319790625 0.56136698125 0.553180071875
1 0.29590583125 0.5454233671875001 0.45531838124999996 0.547510284375 0.4583665770833333 0.416537084375 0.2989540270833333 0.4144501671875 0.29590583125 0.5454233671875001
1 0.6340424583333333 0.6192098921875 0.7576918125 0.6208286234375 0.7600360666666667 0.520101959375 0.6363867125 0.518483228125 0.6340424583333333 0.6192098921875
2 0.4083607458333333 0.651934378125 0.6347341791666667 0.6548979 0.6382538791666666 0.503665228125 0.41188044791666667 0.50070170625 0.4083607458333333 0.651934378125
1 0.9521462541666667 0.7606668859375 0.9939968041666667 0.7612147640625 0.9957300895833333 0.6867398062500001 0.9538795395833334 0.686191928125 0.9521462541666667 0.7606668859375
2 0.57293088125 0.9475125 0.69696069375 0.9491362109375 0.6992783833333333 0.8495509218749999 0.5752485708333333 0.8479272109375 0.57293088125 0.9475125
2 0.6087154958333334 0.9879413906250001 0.7331257666666667 0.9895700828124999 0.73546338125 0.8891287609375 0.6110531083333334 0.88750006875 0.6087154958333334 0.9879413906250001