4 0.44262820416666665 0.22752403906250002 0.31730769166666667 0.22752403906250002 0.31730769166666667 0.34290865312499996 0.44262820416666665 0.34290865312499996 0.44262820416666665 0.22752403906250002
5 0.65641025625 0.2563701921875 0.511858975 0.2563701921875 0.511858975 0.399158653125 0.65641025625 0.399158653125 0.65641025625 0.2563701921875
4 0.5565705125 0.3485576921875 0.4915064104166667 0.3485576921875 0.4915064104166667 0.4009615390625 0.5565705125 0.4009615390625 0.5565705125 0.3485576921875
3 0.4483974354166667 0.33942307656250004 0.27852564166666666 0.33942307656250004 0.27852564166666666 0.493028846875 0.4483974354166667 0.493028846875 0.4483974354166667 0.33942307656250004
4 0.5556089750000001 0.3512019234375 0.46875 0.3512019234375 0.46875 0.43509615312500005 0.5556089750000001 0.43509615312500005 0.5556089750000001 0.3512019234375
3 0.6975961541666666 0.39519230781250003 0.44150641041666666 0.39519230781250003 0.44150641041666666 0.55889423125 0.6975961541666666 0.55889423125 0.6975961541666666 0.39519230781250003
5 0.6201923083333334 0.5560096156250001 0.41923076875000004 0.5560096156250001 0.41923076875000004 0.6987980765625 0.6201923083333334 0.6987980765625 0.6201923083333334 0.5560096156250001
4 0.71794871875 0.5512019234375 0.60673076875 0.5512019234375 0.60673076875 0.656009615625 0.71794871875 0.656009615625 0.71794871875 0.5512019234375
4 0.66201923125 0.6921875 0.48573717916666664 0.6921875 0.48573717916666664 0.81766826875 0.66201923125 0.81766826875 0.66201923125 0.6921875
4 0.6201923083333334 0.8052884609375001 0.48333333333333334 0.8052884609375001 0.48333333333333334 0.902403846875 0.6201923083333334 0.902403846875 0.6201923083333334 0.8052884609375001
4 0.6142628208333334 0.8927884609375001 0.5036858979166666 0.8927884609375001 0.5036858979166666 0.9704326921875 0.6142628208333334 0.9704326921875 0.6142628208333334 0.8927884609375001
4 0.6277243583333333 0.9599759609375 0.5309294875 0.9599759609375 0.5309294875 0.9996394234375 0.6277243583333333 0.9996394234375 0.6277243583333333 0.9599759609375
4 0.79423076875 0.9004807687499999 0.6935897437499999 0.9004807687499999 0.6935897437499999 0.9918269234375 0.79423076875 0.9918269234375 0.79423076875 0.9004807687499999