4 0.7207341270833333 0.8436259921874999 0.5550595229166666 0.8436259921874999 0.5550595229166666 0.9663938484375001 0.7207341270833333 0.9663938484375001 0.7207341270833333 0.8436259921874999
4 0.6676587291666666 0.747891865625 0.4646164020833333 0.747891865625 0.4646164020833333 0.904637896875 0.6676587291666666 0.904637896875 0.6676587291666666 0.747891865625
4 0.9978505291666667 0.6990327375 0.8814484125 0.6990327375 0.8814484125 0.804439484375 0.9978505291666667 0.804439484375 0.9978505291666667 0.6990327375
4 0.9307209000000001 0.5837053578125 0.7729828041666666 0.5837053578125 0.7729828041666666 0.7072172625 0.9307209000000001 0.7072172625 0.9307209000000001 0.5837053578125
4 0.7901785708333333 0.5798611109375 0.5560515875 0.5798611109375 0.5560515875 0.7554563484375 0.7901785708333333 0.7554563484375 0.7901785708333333 0.5798611109375
4 0.9325396833333334 0.4376240078125 0.7609126979166666 0.4376240078125 0.7609126979166666 0.57626488125 0.9325396833333334 0.57626488125 0.9325396833333334 0.4376240078125
4 0.7781084645833333 0.406001984375 0.6203703708333334 0.406001984375 0.6203703708333334 0.5302579359374999 0.7781084645833333 0.5302579359374999 0.7781084645833333 0.406001984375
4 0.6033399479166667 0.6365327375 0.5008267187500001 0.6365327375 0.5008267187500001 0.7471478171875 0.6033399479166667 0.7471478171875 0.6033399479166667 0.6365327375
4 0.6413690479166667 0.471478175 0.4697420625 0.471478175 0.4697420625 0.606398809375 0.6413690479166667 0.606398809375 0.6413690479166667 0.471478175
4 0.29679232708333336 0.697420634375 0.14930555625 0.697420634375 0.14930555625 0.818700396875 0.29679232708333336 0.818700396875 0.29679232708333336 0.697420634375
4 0.3121693125 0.78174603125 0.1865079375 0.78174603125 0.1865079375 0.8519345234375001 0.3121693125 0.8519345234375001 0.3121693125 0.78174603125
4 0.7157738104166668 0.1989087296875 0.4948743395833333 0.1989087296875 0.4948743395833333 0.36532738125 0.7157738104166668 0.36532738125 0.7157738104166668 0.1989087296875
4 0.6083002645833333 0.35838293593750004 0.47569444375000003 0.35838293593750004 0.47569444375000003 0.468501984375 0.6083002645833333 0.468501984375 0.6083002645833333 0.35838293593750004
4 0.3943452375 0.20486111093749998 0.22867063541666666 0.20486111093749998 0.22867063541666666 0.2983630953125 0.3943452375 0.2983630953125 0.3943452375 0.20486111093749998
4 0.41451719583333335 0.27802579375 0.19560185208333333 0.27802579375 0.19560185208333333 0.44742063437499996 0.41451719583333335 0.44742063437499996 0.41451719583333335 0.27802579375
4 0.38343253958333334 0.452008928125 0.17046957708333332 0.452008928125 0.17046957708333332 0.6025545640625001 0.38343253958333334 0.6025545640625001 0.38343253958333334 0.452008928125
4 0.17741402083333335 0.489707340625 0.023644179166666668 0.489707340625 0.023644179166666668 0.6032986109375 0.17741402083333335 0.6032986109375 0.17741402083333335 0.489707340625
4 0.15839947083333333 0.6968005953125 0.06415343958333333 0.6968005953125 0.06415343958333333 0.7652529765625 0.15839947083333333 0.7652529765625 0.15839947083333333 0.6968005953125
4 0.41534391458333336 0.5505952375 0.24470899375000002 0.5505952375 0.24470899375000002 0.671130953125 0.41534391458333336 0.671130953125 0.41534391458333336 0.5505952375
4 0.4424603166666667 0.6326884921875 0.31812169375 0.6326884921875 0.31812169375 0.7140376984375 0.4424603166666667 0.7140376984375 0.4424603166666667 0.6326884921875
4 0.40641534375 0.7140376984375 0.34325396875 0.7140376984375 0.34325396875 0.7676091265625 0.40641534375 0.7676091265625 0.40641534375 0.7140376984375
4 0.19841269791666666 0.6003224203124999 0.07506613749999999 0.6003224203124999 0.07506613749999999 0.6839037703125 0.19841269791666666 0.6839037703125 0.19841269791666666 0.6003224203124999