4 0.99919871875 0.11538461562499999 0.8780448708333334 0.11538461562499999 0.8780448708333334 0.28389423125 0.99919871875 0.28389423125 0.99919871875 0.11538461562499999
4 0.8919871791666666 0.145072115625 0.7349358979166667 0.145072115625 0.7349358979166667 0.277283653125 0.8919871791666666 0.277283653125 0.8919871791666666 0.145072115625
3 0.6514423083333334 0.19170673124999998 0.5572115375000001 0.19170673124999998 0.5572115375000001 0.23545673125 0.6514423083333334 0.23545673125 0.6514423083333334 0.19170673124999998
3 0.7674679479166666 0.21971153906250002 0.5024038458333333 0.21971153906250002 0.5024038458333333 0.42572115312500003 0.7674679479166666 0.42572115312500003 0.7674679479166666 0.21971153906250002
4 0.6363782041666667 0.36610576875 0.4915064104166667 0.36610576875 0.4915064104166667 0.46514423125000004 0.6363782041666667 0.46514423125000004 0.6363782041666667 0.36610576875
4 0.8185897437499999 0.37391826875 0.69294871875 0.37391826875 0.69294871875 0.47175480781249995 0.8185897437499999 0.47175480781249995 0.8185897437499999 0.37391826875
4 0.9794871791666666 0.3703125 0.80705128125 0.3703125 0.80705128125 0.4921875 0.9794871791666666 0.4921875 0.9794871791666666 0.3703125
4 0.7104166666666667 0.43317307656250004 0.5514423083333334 0.43317307656250004 0.5514423083333334 0.5485576921875001 0.7104166666666667 0.5485576921875001 0.7104166666666667 0.43317307656250004
4 0.9222756416666668 0.48701923125 0.7831730770833333 0.48701923125 0.7831730770833333 0.58485576875 0.9222756416666668 0.58485576875 0.9222756416666668 0.48701923125
4 0.7878205125 0.5082932687499999 0.6858974354166667 0.5082932687499999 0.6858974354166667 0.585697115625 0.7878205125 0.585697115625 0.7878205125 0.5082932687499999
4 0.8314102562500001 0.596634615625 0.7528846145833333 0.596634615625 0.7528846145833333 0.6550480765625 0.8314102562500001 0.6550480765625 0.8314102562500001 0.596634615625
4 0.7634615375 0.6074519234375 0.7134615375000001 0.6074519234375 0.7134615375000001 0.650240384375 0.7634615375 0.650240384375 0.7634615375 0.6074519234375
4 0.6363782041666667 0.7598557687499999 0.5415064104166666 0.7598557687499999 0.5415064104166666 0.8266826921874999 0.6363782041666667 0.8266826921874999 0.6363782041666667 0.7598557687499999
4 0.630608975 0.685096153125 0.5094551291666667 0.685096153125 0.5094551291666667 0.7762019234374999 0.630608975 0.7762019234374999 0.630608975 0.685096153125
4 0.48044871875 0.769591346875 0.41891025625 0.769591346875 0.41891025625 0.8183894234375 0.48044871875 0.8183894234375 0.48044871875 0.769591346875
4 0.49583333333333335 0.6503605765625 0.39647435833333333 0.6503605765625 0.39647435833333333 0.723677884375 0.49583333333333335 0.723677884375 0.49583333333333335 0.6503605765625
4 0.63141025625 0.520072115625 0.5246794875 0.520072115625 0.5246794875 0.6193509609375 0.63141025625 0.6193509609375 0.63141025625 0.520072115625
4 0.54983974375 0.5151442312500001 0.37483974375 0.5151442312500001 0.37483974375 0.6485576921875 0.54983974375 0.6485576921875 0.54983974375 0.5151442312500001
4 0.36907051249999995 0.48125 0.19182692291666664 0.48125 0.19182692291666664 0.6146634609375 0.36907051249999995 0.6146634609375 0.36907051249999995 0.48125
4 0.40208333333333335 0.5358173078124999 0.3357371791666666 0.5358173078124999 0.3357371791666666 0.615384615625 0.40208333333333335 0.615384615625 0.40208333333333335 0.5358173078124999
3 0.25080128125 0.5567307687499999 0.14086538541666668 0.5567307687499999 0.14086538541666668 0.6391826921875 0.25080128125 0.6391826921875 0.25080128125 0.5567307687499999
4 0.29487179583333334 0.6240384609375 0.19006410208333333 0.6240384609375 0.19006410208333333 0.7084134609375 0.29487179583333334 0.7084134609375 0.29487179583333334 0.6240384609375
4 0.31826923125 0.6058894234375 0.22948717916666667 0.6058894234375 0.22948717916666667 0.673677884375 0.31826923125 0.673677884375 0.31826923125 0.6058894234375
4 0.34551282083333335 0.660697115625 0.30480769166666666 0.660697115625 0.30480769166666666 0.696033653125 0.34551282083333335 0.696033653125 0.34551282083333335 0.660697115625
4 0.3956730770833333 0.671153846875 0.32548076875000004 0.671153846875 0.32548076875000004 0.7257211531250001 0.3956730770833333 0.7257211531250001 0.3956730770833333 0.671153846875
4 0.33301282083333333 0.6920673078124999 0.250641025 0.6920673078124999 0.250641025 0.7521634609375 0.33301282083333333 0.7521634609375 0.33301282083333333 0.6920673078124999
4 0.34455128125 0.723677884375 0.27948717916666665 0.723677884375 0.27948717916666665 0.767908653125 0.34455128125 0.767908653125 0.34455128125 0.723677884375
5 0 0.5769230765625 0.07275641041666667 0.5769230765625 0.07275641041666667 0.51923076875 0 0.51923076875 0 0.5769230765625
5 0.08397435833333335 0.5722355765625 0.0035256416666666667 0.5722355765625 0.0035256416666666667 0.6258413468749999 0.08397435833333335 0.6258413468749999 0.08397435833333335 0.5722355765625
3 0.4600961541666667 0.37079326875 0.3796474354166667 0.37079326875 0.3796474354166667 0.4284855765625 0.4600961541666667 0.4284855765625 0.4600961541666667 0.37079326875
4 0.4966346145833333 0.40925480781249995 0.43669871875 0.40925480781249995 0.43669871875 0.4568509609375 0.4966346145833333 0.4568509609375 0.4966346145833333 0.40925480781249995
4 0.7024038458333333 0.6024038468749999 0.6841346145833334 0.6024038468749999 0.6841346145833334 0.6175480765625 0.7024038458333333 0.6175480765625 0.7024038458333333 0.6024038468749999