4 0.10854521711899791 1 0.09168015448851774 0.8971984375 0.06185690605427975 0.8999390921874999 0.07827235073068893 1 0.10854521711899791 1
4 0.18016424217118998 0.7943674171875 0.08878832150313153 0.8027645515625 0.09992319832985386 0.8706375703125 0.19129911899791233 0.8622404375 0.18016424217118998 0.7943674171875
4 0.23185748434237996 0.644358484375 0.12358563883089771 0.6543082953125 0.13662572233820458 0.7337945703125001 0.24489756784968686 0.723844759375 0.23185748434237996 0.644358484375
4 0.4419165782881002 0.306507725 0.1408932630480167 0.3341707359375 0.1779812922755741 0.5602420890625 0.4790046075156576 0.5325790796875001 0.4419165782881002 0.306507725
5 0.598466993736952 0.5492379953125 0.3960607118997912 0.5678384390625 0.4192195594989562 0.709004 0.6216258434237996 0.6904035562499999 0.598466993736952 0.5492379953125
4 0.7347734947807933 0.168260890625 0.5792620229645093 0.1825518609375 0.5998382588726513 0.307975009375 0.7553497306889353 0.2936840390625 0.7347734947807933 0.168260890625
3 1 0.481378828125 0.997658006263048 0.46710312500000006 0.7766317223382047 0.48741468125000004 0.805463853862213 0.6631619343749999 1 0.6452847296875001 1 0.481378828125
4 0.8718148141962422 0.40728275625 0.7180274154488518 0.421415290625 0.7358093465553236 0.529805665625 0.889596745302714 0.51567313125 0.8718148141962422 0.40728275625
4 0.9747955219206681 0.327744071875 0.8013536805845511 0.34368278124999996 0.8254016263048017 0.4902678609375 0.9988434676409185 0.47432915 0.9747955219206681 0.327744071875
4 0.7540713089770354 0 0.7582220375782881 0.02530091875 0.9226986951983298 0.010186078125000001 0.9210276221294363 0 0.7540713089770354 0
4 0.9191951043841337 0.044301278124999996 0.8016132588726514 0.0551066453125 0.8193105156576201 0.1629808765625 0.9368923590814195 0.1521755078125 0.9191951043841337 0.044301278124999996
4 0.5839666951983299 0.44591629218750006 0.4819015135699374 0.4552957328125 0.4951109498956158 0.535814296875 0.5971761294363257 0.5264348578125 0.5839666951983299 0.44591629218750006