1 0.8927064572025053 0.20552140937500002 0.9260325720250522 0.2002197140625 0.9112956597077244 0.14832925937500002 0.8779695469728601 0.15363095468750002 0.8927064572025053 0.20552140937500002
1 0.39516368058455115 0.5478564234375 0.5324873653444677 0.5260102437499999 0.50401024217119 0.425738834375 0.3666865594989562 0.4475850140625 0.39516368058455115 0.5478564234375
2 0.9406541482254697 0.5099407015625 0.9945788141962422 0.5013620796875 0.9829743883089771 0.46050147968750005 0.9290497202505219 0.4690801015625 0.9406541482254697 0.5099407015625
1 1 0.46879713437500004 0.979265770354906 0.4720956453125 0.9905142338204593 0.5117028515625 1 0.51019380625 1 0.46879713437500004
2 0.6242531482254697 0.7092248671875 0.7053076158663883 0.69633029375 0.6890044634655532 0.6389249125 0.6079499958246347 0.6518194859374999 0.6242531482254697 0.7092248671875
1 0.682225916492693 0.7518790953125001 0.7642851899791232 0.7388246703125 0.7463446033402922 0.6756536828125 0.6642853277661795 0.68870810625 0.682225916492693 0.7518790953125001
1 0.6150373361169102 0.7562797078125 0.6810196931106473 0.745782884375 0.6657132400835073 0.691887003125 0.5997308830897704 0.7023838265625 0.6150373361169102 0.7562797078125
0 0.20050838204592902 0.940389090625 0.27854842797494783 0.9279740656250001 0.2598959123173278 0.8622962921875 0.18185586847599164 0.874711315625 0.20050838204592902 0.940389090625
1 0.2348959478079332 0.27073775312500004 0.33336707724425885 0.25507244375 0.3166367682672234 0.19616298906250001 0.21816563674321504 0.2118282984375 0.2348959478079332 0.27073775312500004
1 0.20338702922755741 0.2491569265625 0.283771624217119 0.23636891875 0.2668277369519833 0.1767074296875 0.1864431419624217 0.1894954375 0.20338702922755741 0.2491569265625
2 0.5656759791231734 0.1824829328125 0.6396967954070981 0.17070730781250001 0.6256006200417537 0.1210729609375 0.5515798058455115 0.13284858593749999 0.5656759791231734 0.1824829328125