4 0.999338625 0.0465029765625 0.9332010583333333 0.0465029765625 0.9332010583333333 0.1152033734375 0.999338625 0.1152033734375 0.999338625 0.0465029765625
5 0.9417989416666667 0.017733134375 0.8386243395833334 0.017733134375 0.8386243395833334 0.1005704359375 0.9417989416666667 0.1005704359375 0.9417989416666667 0.017733134375
4 0.9594907416666667 0.14905753906250002 0.8692129625 0.14905753906250002 0.8692129625 0.21602182499999997 0.9594907416666667 0.21602182499999997 0.9594907416666667 0.14905753906250002
4 0.9831349208333333 0.2382192453125 0.9103835979166667 0.2382192453125 0.9103835979166667 0.28807043593750004 0.9831349208333333 0.28807043593750004 0.9831349208333333 0.2382192453125
4 0.98759920625 0.2969990078125 0.9274140208333334 0.2969990078125 0.9274140208333334 0.335689484375 0.98759920625 0.335689484375 0.98759920625 0.2969990078125
4 0.8027447083333333 0.1407490078125 0.7161044979166667 0.1407490078125 0.7161044979166667 0.2067212296875 0.8027447083333333 0.2067212296875 0.8027447083333333 0.1407490078125
4 0.7776124333333333 0.0410466265625 0.6896494708333333 0.0410466265625 0.6896494708333333 0.10850694375 0.7776124333333333 0.10850694375 0.7776124333333333 0.0410466265625
4 0.6884920625 0.0922619046875 0.6170634916666666 0.0922619046875 0.6170634916666666 0.15376984062500001 0.6884920625 0.15376984062500001 0.6884920625 0.0922619046875
4 0.71858465625 0.2017609125 0.6421957666666667 0.2017609125 0.6421957666666667 0.258060515625 0.71858465625 0.258060515625 0.71858465625 0.2017609125
4 0.62516534375 0.1669146828125 0.5653108458333332 0.1669146828125 0.5653108458333332 0.2147817453125 0.62516534375 0.2147817453125 0.62516534375 0.1669146828125
5 0.5702711645833334 0.0060763890625 0.5057870375 0.0060763890625 0.5057870375 0.0618799609375 0.5702711645833334 0.0618799609375 0.5702711645833334 0.0060763890625
4 0.637896825 0.24925595312499998 0.5863095229166666 0.24925595312499998 0.5863095229166666 0.29365079375 0.637896825 0.29365079375 0.637896825 0.24925595312499998
4 0.593088625 0.0667162703125 0.3943452375 0.0667162703125 0.3943452375 0.228174603125 0.593088625 0.228174603125 0.593088625 0.0667162703125
3 0.7860449729166666 0.369667659375 0.7324735458333334 0.369667659375 0.7324735458333334 0.4088541671875 0.7860449729166666 0.4088541671875 0.7860449729166666 0.369667659375
5 0.4014550270833333 0.11582341249999999 0.3468915354166667 0.11582341249999999 0.3468915354166667 0.17088293593749998 0.4014550270833333 0.17088293593749998 0.4014550270833333 0.11582341249999999
4 0.36193783124999995 0.1640625 0.3024140208333333 0.1640625 0.3024140208333333 0.2099454359375 0.36193783124999995 0.2099454359375 0.36193783124999995 0.1640625
5 0.28968253958333334 0.1262400796875 0.22420635000000003 0.1262400796875 0.22420635000000003 0.1733630953125 0.28968253958333334 0.1733630953125 0.28968253958333334 0.1262400796875
4 0.2589285708333333 0.189112103125 0.20205026458333333 0.189112103125 0.20205026458333333 0.232762896875 0.2589285708333333 0.232762896875 0.2589285708333333 0.189112103125
4 0.45386904791666666 0.2072172625 0.27364417916666667 0.2072172625 0.27364417916666667 0.35106646874999997 0.45386904791666666 0.35106646874999997 0.45386904791666666 0.2072172625
4 0.5302579374999999 0.32217261875 0.36689814791666664 0.32217261875 0.36689814791666664 0.446924603125 0.5302579374999999 0.446924603125 0.5302579374999999 0.32217261875
4 0.4236111104166667 0.356398809375 0.2876984125 0.356398809375 0.2876984125 0.46825396875 0.4236111104166667 0.46825396875 0.4236111104166667 0.356398809375
4 0.37847222291666666 0.45882936562500004 0.27959656041666664 0.45882936562500004 0.27959656041666664 0.5394345234375 0.37847222291666666 0.5394345234375 0.37847222291666666 0.45882936562500004
4 0.37830687916666667 0.5451388890625 0.30522486875 0.5451388890625 0.30522486875 0.596726190625 0.37830687916666667 0.596726190625 0.37830687916666667 0.5451388890625
4 0.31448412708333334 0.50458829375 0.22288359791666668 0.50458829375 0.22288359791666668 0.5755208328125 0.31448412708333334 0.5755208328125 0.31448412708333334 0.50458829375
4 0.3139880958333333 0.569568453125 0.26240079375 0.569568453125 0.26240079375 0.6062748015625 0.3139880958333333 0.6062748015625 0.3139880958333333 0.569568453125
4 0.2658730166666667 0.5720486109375 0.24074074166666665 0.5720486109375 0.24074074166666665 0.59561011875 0.2658730166666667 0.59561011875 0.2658730166666667 0.5720486109375
4 0.2564484125 0.4931795640625 0.23296957708333332 0.4931795640625 0.23296957708333332 0.5125248015625 0.2564484125 0.5125248015625 0.2564484125 0.4931795640625
4 0.21693121666666665 0.5332341265625 0.18915343958333333 0.5332341265625 0.18915343958333333 0.5555555562500001 0.21693121666666665 0.5555555562500001 0.21693121666666665 0.5332341265625
4 0.20949074166666665 0.5823412703125 0.18468915416666667 0.5823412703125 0.18468915416666667 0.6016865078125 0.20949074166666665 0.6016865078125 0.20949074166666665 0.5823412703125
4 0.41451719583333335 0.6262400796875001 0.3487103166666667 0.6262400796875001 0.3487103166666667 0.6671626984375 0.41451719583333335 0.6671626984375 0.41451719583333335 0.6262400796875001
4 0.6324404770833334 0.49441964218749995 0.47139550208333336 0.49441964218749995 0.47139550208333336 0.6099950390625 0.6324404770833334 0.6099950390625 0.6324404770833334 0.49441964218749995
4 0.6709656083333333 0.481646825 0.56812169375 0.481646825 0.56812169375 0.575644840625 0.6709656083333333 0.575644840625 0.6709656083333333 0.481646825
4 0.73098545 0.5803571421875 0.6013558208333334 0.5803571421875 0.6013558208333334 0.671875 0.73098545 0.671875 0.73098545 0.5803571421875
4 0.7602513229166666 0.661954365625 0.7119709000000001 0.661954365625 0.7119709000000001 0.6959325390625 0.7602513229166666 0.6959325390625 0.7602513229166666 0.661954365625
4 0.8708664020833333 0.732762896875 0.8202711645833334 0.732762896875 0.8202711645833334 0.7734375 0.8708664020833333 0.7734375 0.8708664020833333 0.732762896875
4 0.9986772479166667 0.6019345234375 0.9341931208333333 0.6019345234375 0.9341931208333333 0.646329365625 0.9986772479166667 0.646329365625 0.9986772479166667 0.6019345234375
4 0.6494709000000001 0.001612103125 0.587632275 0.001612103125 0.587632275 0.051959325 0.6494709000000001 0.051959325 0.6494709000000001 0.001612103125
4 0.700396825 0.031001984375000003 0.6547619041666667 0.031001984375000003 0.6547619041666667 0.068700396875 0.700396825 0.068700396875 0.700396825 0.031001984375000003