3 0.41390990833333335 0.5815153015625001 0.3195480854166667 0.5864641171875 0.32575836458333335 0.6530724640625001 0.4201201875 0.648123646875 0.41390990833333335 0.5815153015625001
3 0.38248366666666667 0.5361004546875 0.26349063125 0.5423410578125 0.27159310416666665 0.6292441328125 0.3905861395833333 0.6230035296875001 0.38248366666666667 0.5361004546875
3 0.6132674354166666 0.6875408984375 0.5168241041666667 0.6925988796875 0.52347104375 0.7638906249999999 0.619914375 0.75883264375 0.6132674354166666 0.6875408984375
3 0.10513723958333333 0.754585584375 0.027774422916666666 0.7586428859375001 0.03366933541666666 0.8218687765625001 0.11103215208333334 0.8178114750000001 0.10513723958333333 0.754585584375
5 0.042813210416666664 0.7591614796874999 0.023038858333333335 0.7601985484375 0.027672308333333333 0.8098946187499999 0.04744666041666667 0.8088575499999999 0.042813210416666664 0.7591614796874999
4 0.12580703541666666 0.6958493796874999 0.06093328333333334 0.6992516906249999 0.06561525 0.7494681390625 0.13048900416666667 0.746065828125 0.12580703541666666 0.6958493796874999
4 0.05987683333333334 0.6823121234375 0.01599164583333333 0.6846136875 0.020431025 0.732228246875 0.0643162125 0.729926684375 0.05987683333333334 0.6823121234375
4 0.12943287708333334 0.654348365625 0.06629371666666667 0.65765970625 0.07017514166666668 0.6992899218749999 0.1333143 0.6959785828125 0.12943287708333334 0.654348365625
4 0.06137866875 0.6498121828125 0.012983541666666666 0.6523502703124999 0.01642830625 0.6892970875 0.06482343333333333 0.6867589984375 0.06137866875 0.6498121828125
4 0.11086077083333333 0.6178027125 0.056741491666666664 0.6206410046874999 0.06025903125 0.6583683890625001 0.11437831041666667 0.655530096875 0.11086077083333333 0.6178027125
4 0.07027376874999999 0.6124796609375001 0.023786693749999997 0.61491768125 0.026819056249999997 0.6474412859374999 0.07330613125 0.6450032671875 0.07027376874999999 0.6124796609375001
3 0.8183022729166667 0.686200425 0.7308788208333333 0.6907853562499999 0.7383263041666667 0.770663334375 0.82574975625 0.7660784015625001 0.8183022729166667 0.686200425
5 0.6694891645833334 0.61190615625 0.5914325083333334 0.6159998453125 0.5969392791666667 0.6750627140625001 0.6749959354166666 0.6709690234375 0.6694891645833334 0.61190615625
5 0.8328999708333333 0.58477231875 0.7479049458333333 0.5892298921875 0.7535087520833332 0.649333515625 0.8385037770833333 0.6448759421875 0.8328999708333333 0.58477231875
3 0.6034976083333333 0.4799302359375 0.5139926416666667 0.48462433281250006 0.52063958125 0.5559160765625 0.6101445479166667 0.5512219796875 0.6034976083333333 0.4799302359375
4 0.6838308708333333 0.5208191890625 0.6258954875 0.5238576171875 0.629946725 0.5673091546875 0.6878821083333333 0.564270728125 0.6838308708333333 0.5208191890625
4 0.7924708145833333 0.543751546875 0.7237809583333333 0.54735399375 0.7282203375 0.5949685546875 0.7969101937499999 0.5913661078125 0.7924708145833333 0.543751546875
3 0.46260756875000003 0.46444138125 0.3814286458333333 0.46869881874999997 0.38729929999999996 0.5316645203125 0.4684782229166667 0.5274070828124999 0.46260756875000003 0.46444138125
5 0.5914368833333333 0.4459191640625 0.51580865625 0.44988549375 0.52044210625 0.4995815640625 0.5960703333333334 0.49561523437500005 0.5914368833333333 0.4459191640625
5 0.38341074375 0.45630619531249994 0.27933520416666663 0.4617644484375 0.2864188041666667 0.537739590625 0.39049434375000003 0.5322813390625 0.38341074375 0.45630619531249994
4 0.6483633062499999 0.3834512484375 0.5651028749999999 0.38781785156250004 0.5712403770833333 0.45364562968750005 0.6545008083333334 0.44927902656249996 0.6483633062499999 0.3834512484375
4 0.5689674958333334 0.3881380921875 0.5127667041666667 0.39108555 0.5173516375 0.4402612421875 0.5735524270833333 0.43731378593750003 0.5689674958333334 0.3881380921875
5 0.5166932416666666 0.378983140625 0.42475984791666666 0.3838045984375 0.43053346666666664 0.44572954375 0.5224668604166667 0.4409080875 0.5166932416666666 0.378983140625
4 0.6734838270833333 0.273365978125 0.60028403125 0.27720495 0.6057908020833334 0.3362678171875 0.6789905979166666 0.33242884687499996 0.6734838270833333 0.273365978125
4 0.4467079916666667 0.36121371406249997 0.36865133541666667 0.3653074046875 0.37372144583333333 0.4196868734375 0.4517781020833333 0.4155931828125 0.4467079916666667 0.36121371406249997
4 0.6345117958333333 0.1601055203125 0.6105744208333334 0.16136091875 0.6126364270833334 0.183476971875 0.6365738020833334 0.1822215734375 0.6345117958333333 0.1601055203125
3 0.5960527395833334 0 0.5964181645833333 0.0039193734375 0.6564350583333333 0.0007717796875000001 0.6563631 0 0.5960527395833334 0
4 0.5051705854166666 0.1806155421875 0.4527858979166667 0.1833628625 0.4566673229166666 0.2249930796875 0.5090520104166667 0.22224575937500002 0.5051705854166666 0.1806155421875
4 0.46444356875000004 0.2953104828125 0.38638691458333335 0.29940417343750003 0.39220905208333334 0.361849496875 0.47026570625 0.3577558078125 0.46444356875000004 0.2953104828125
4 0.2967046020833333 0.36202120781249997 0.21032190416666668 0.3665515578125 0.21619255833333334 0.429517259375 0.30257525625 0.424986909375 0.2967046020833333 0.36202120781249997
4 0.30649744375 0.2969267265625 0.2617449625 0.29927377499999996 0.2650926895833333 0.3351798375 0.30984517083333335 0.33283278906249997 0.30649744375 0.2969267265625
4 0.2274693229166667 0.2662970375 0.16398324375 0.269626571875 0.1686652125 0.3198430203125 0.23215129166666668 0.3165134859375 0.2274693229166667 0.2662970375
5 0 0.3231980015625 0.055580735416666666 0.32028306406249996 0.05172356875 0.2789130375 0 0.28162568593750004 0 0.3231980015625
4 0.096921275 0.264515428125 0.0497403625 0.2669898359375 0.053282162499999994 0.3049774078125 0.100463075 0.3025029984375 0.096921275 0.264515428125
5 0.15157646666666666 0.316032940625 0.09711026666666665 0.3188894265625 0.10087039791666667 0.3592186984375 0.15533659583333334 0.3563622125 0.15157646666666666 0.316032940625
4 0.19828765208333332 0.38143232656250003 0.15492284375 0.3837065984375 0.15853742083333333 0.4224747375 0.20190222916666667 0.42020046562499996 0.19828765208333332 0.38143232656250003
4 0.18138949166666668 0.3441452296875 0.1404531125 0.3462921421875 0.143485475 0.3788157484375 0.18442185416666668 0.3766688359375 0.18138949166666668 0.3441452296875
5 0.14196208125 0.347520309375 0.09235274166666667 0.3501220765625 0.09523955 0.38108455 0.14484888958333333 0.37848278281250003 0.14196208125 0.347520309375
4 0.15338596875 0.3840486609375 0.10447046666666666 0.3866140390625 0.10706616875000001 0.414454246875 0.15598167291666665 0.41188886875 0.15338596875 0.3840486609375
4 0.22064708958333332 0.33894882656249997 0.18977134583333333 0.34056810937500004 0.19205168333333333 0.3650258609375 0.22292742708333335 0.3634065796875 0.22064708958333332 0.33894882656249997
4 0 0.3957534609375 0.005244489583333333 0.39547841250000004 0.0022849041666666665 0.363735371875 0 0.3638552046875 0 0.3957534609375
5 0.05986472708333333 0.3961435734375 0.011296141666666667 0.39869075781249996 0.014304245833333333 0.430954175 0.06287283125 0.428406990625 0.05986472708333333 0.3961435734375
4 0 0.4331423984375 0.01912106875 0.43213959218750003 0.01701054375 0.4095031640625 0 0.41039528281250004 0 0.4331423984375
4 0.25869403958333337 0.350680159375 0.21810458125 0.35280887656250004 0.2203364 0.376746253125 0.2609258583333333 0.374617534375 0.25869403958333337 0.350680159375
4 0.18399400000000002 0.2991680546875 0.14617988750000002 0.3011512203125 0.14877559166666668 0.32899142812500004 0.18658970208333334 0.32700826250000004 0.18399400000000002 0.2991680546875
4 0.18015523125000002 0.21125698593750003 0.16038087916666666 0.21229405468749998 0.16195770833333334 0.2292063296875 0.18173206041666665 0.22816926093749998 0.18015523125000002 0.21125698593750003