3 0.6795784395833333 0.058861778125 0.53161755 0.068570453125 0.5459129354166666 0.1911182140625 0.6938738270833333 0.18140953906249999 0.6795784395833333 0.058861778125
3 0.8848214020833333 0.1125434 0.6472556979166666 0.1281316296875 0.6686329 0.31138853437499997 0.9061986041666666 0.2958003046875 0.8848214020833333 0.1125434
4 0.7277322291666667 0.32856582031250003 0.5684766145833334 0.33901561562500004 0.5819485333333334 0.454504175 0.74120415 0.44405437968749994 0.7277322291666667 0.32856582031250003
3 0.6865789333333333 0.36441383437499997 0.45729602708333333 0.3794585765625 0.47748743541666666 0.552550228125 0.7067703416666667 0.5375054875 0.6865789333333333 0.36441383437499997
4 0.92141251875 0.3628045546875 0.68874119375 0.3780716328125 0.7088337895833334 0.55031618125 0.9415051145833334 0.535049103125 0.92141251875 0.3628045546875
4 0.5969131041666667 0.5161187265625 0.44895221458333334 0.525827403125 0.46443339375000003 0.658540415625 0.6123942833333333 0.6488317390625 0.5969131041666667 0.5161187265625
4 0.7577026729166667 0.5220709859375 0.5408439625 0.5363004953125 0.56024484375 0.7026153125000001 0.7771035541666667 0.688385803125 0.7577026729166667 0.5220709859375
4 0.7583452312500001 0.6674233625 0.5885478729166667 0.6785648703125 0.6012951416666666 0.7878413296875 0.7710925 0.7766998218750001 0.7583452312500001 0.6674233625
4 0.5728574562500001 0.6904065390625 0.48739404166666667 0.6960143484375 0.49813205208333333 0.788066353125 0.5835954666666667 0.78245854375 0.5728574562500001 0.6904065390625
4 0.66766709375 0.69499758125 0.5234711125 0.704459215625 0.5374371124999999 0.8241832953125 0.6816330937499999 0.8147216609375001 0.66766709375 0.69499758125
4 0.59520345 0.76163754375 0.4897860208333333 0.7685546671875 0.49861358541666667 0.8442293203125001 0.6040310145833333 0.8373121984375 0.59520345 0.76163754375
4 0.74923743125 0.76333834375 0.6569971791666667 0.7693908265625 0.6618391645833334 0.8108989390625 0.7540794166666667 0.80484645625 0.74923743125 0.76333834375
4 0.6437863812500001 0.815497853125 0.5507931479166667 0.82159974375 0.5577761479166666 0.8814617828125 0.6507693812500001 0.87535989375 0.6437863812500001 0.815497853125
4 0.7749957333333334 0.8101604437500001 0.6820025020833334 0.8162623343750001 0.6914559020833334 0.89730198125 0.7844491333333333 0.8912000921875001 0.7749957333333334 0.8101604437500001
4 0.7257928541666666 0.8290380828125 0.5989154520833334 0.8373633343750001 0.6110368854166667 0.9412748000000001 0.7379142875 0.9329495484375 0.7257928541666666 0.8290380828125
4 0.7290527604166667 0.9252796578125 0.6473542520833334 0.9306404265625 0.6537443562499999 0.9854198390625 0.7354428645833334 0.9800590703125 0.7290527604166667 0.9252796578125
4 0.36598387916666664 1 0.3620022041666667 0.9658669359375001 0.30778752708333335 0.9694243140625 0.31135422916666666 1 0.36598387916666664 1
4 0.33639281875000004 1 0.33113721041666666 0.9549460984374999 0.25094466666666665 0.9602080531249999 0.2555864583333333 1 0.33639281875000004 1
4 0.35138426041666665 0.86996590625 0.25726155624999997 0.8761419078125 0.2658256125 0.9495576171875 0.35994831666666666 0.943381615625 0.35138426041666665 0.86996590625
5 0.26004265416666666 0.7341215 0.11622316458333333 0.74355843125 0.12920100208333332 0.8548114671875 0.27302049375 0.8453745359375 0.26004265416666666 0.7341215
4 0.28238736875000003 0.7337934359375 0.21687796666666664 0.738091934375 0.22547496041666668 0.811790009375 0.2909843625 0.8074915125000001 0.28238736875000003 0.7337934359375
4 0.3051546520833333 0.7988794140625 0.2042551125 0.8055000874999999 0.21252272083333335 0.8763744843750001 0.3134222604166667 0.8697538093749999 0.3051546520833333 0.7988794140625
3 0.25578110833333334 0.58701488125 0.09351356666666667 0.597662309375 0.1066890375 0.7106095531250001 0.26895657916666665 0.6999621265625 0.25578110833333334 0.58701488125
3 0.3033199 0.5994024062500001 0.19940843541666667 0.6062207125 0.21123342083333335 0.7075908656250001 0.31514488541666663 0.700772559375 0.3033199 0.5994024062500001
3 0.18202270208333332 0.53523329375 0.03104988333333333 0.5451396015625 0.043434827083333336 0.6513100109375001 0.19440764583333334 0.6414037031250001 0.18202270208333332 0.53523329375