1 0.10945512916666668 0.33798076875 0.017467947916666667 0.33798076875 0.017467947916666667 0.3987980765625 0.10945512916666668 0.3987980765625 0.10945512916666668 0.33798076875
1 0.17067307708333335 0.3878605765625 0.047275641666666667 0.3878605765625 0.047275641666666667 0.5056490390625 0.17067307708333335 0.5056490390625 0.17067307708333335 0.3878605765625
1 0.1322115375 0.4228365390625 0.0011217958333333334 0.4228365390625 0.0011217958333333334 0.51923076875 0.1322115375 0.51923076875 0.1322115375 0.4228365390625
2 0.13205128124999999 0.5152644234375 0.075641025 0.5152644234375 0.075641025 0.5568509609375 0.13205128124999999 0.5568509609375 0.13205128124999999 0.5152644234375
1 0.09326923125 0.542908653125 0.031410256250000004 0.542908653125 0.031410256250000004 0.583533653125 0.09326923125 0.583533653125 0.09326923125 0.542908653125
1 0.6836538458333333 0.4381009609375 0.46121794791666665 0.4381009609375 0.46121794791666665 0.5931490390625 0.6836538458333333 0.5931490390625 0.6836538458333333 0.4381009609375
1 0.7342948708333333 0.5079326921875 0.35641025625 0.5079326921875 0.35641025625 0.7949519234375 0.7342948708333333 0.7949519234375 0.7342948708333333 0.5079326921875
2 0.31891025624999997 0.6441105765625 0.25384615416666667 0.6441105765625 0.25384615416666667 0.691466346875 0.31891025624999997 0.691466346875 0.31891025624999997 0.6441105765625
0 0.36169871875 0.6118990390625 0.29823717916666664 0.6118990390625 0.29823717916666664 0.663822115625 0.36169871875 0.663822115625 0.36169871875 0.6118990390625
0 0.4283653854166667 0.8215144234375 0.26330128125 0.8215144234375 0.26330128125 0.9719951921875 0.4283653854166667 0.9719951921875 0.4283653854166667 0.8215144234375
2 0.61826923125 0.79375 0.4246794875 0.79375 0.4246794875 0.9490384609375001 0.61826923125 0.9490384609375001 0.61826923125 0.79375
1 0.41121794791666666 0.9381009609375001 0.29294871875 0.9381009609375001 0.29294871875 0.9996394234375 0.41121794791666666 0.9996394234375 0.41121794791666666 0.9381009609375001
1 0.5403846145833333 0.9215144234375 0.3913461541666667 0.9215144234375 0.3913461541666667 0.9996394234375 0.5403846145833333 0.9996394234375 0.5403846145833333 0.9215144234375