1 0.47538173958333335 0 0.4796772645833334 0.018270849999999998 0.5487693458333334 0.0091337515625 0.5466219770833334 0 0.47538173958333335 0
1 0.441674225 0 0.31800765833333333 0.0163543140625 0.35435396874999997 0.17095194062500002 0.5488596416666667 0.1452294921875 0.5147158041666666 0 0.441674225 0
1 0.5615358208333333 0.081386734375 0.40403206875000003 0.10221585625 0.43919474375 0.25177892968750004 0.5966984937500001 0.2309498078125 0.5615358208333333 0.081386734375
1 0.4826920375 0.17183210468750001 0.3441804229166667 0.19014960625 0.37125972291666665 0.30533036406249997 0.5097713375 0.2870128625 0.4826920375 0.17183210468750001
1 0 0.41634086249999996 0.08117512708333334 0.4056058375 0.06495064166666667 0.3365956203125 0 0.3451850328125 0 0.41634086249999996
1 0.11983378333333333 0.347443071875 0.021598597916666667 0.3604342078125 0.03892011041666667 0.434110596875 0.13715529791666667 0.4211194625 0.11983378333333333 0.347443071875
1 0 0.5295318078125 0.06261462291666667 0.5212513234375 0.048872889583333336 0.4628013859375 0 0.46926459375 0 0.5295318078125
1 0 0.5328082515625 0.00485355 0.5534526390625001 0.0241731375 0.550897715625 0.017071316666666666 0.5206903953124999 0 0.5229479953125 0 0.5328082515625
1 0.11013574583333334 0.087905290625 0.10008926874999999 0.0451729828125 0.012987402083333332 0.0566917890625 0.02303388125 0.099424096875 0.11013574583333334 0.087905290625
1 0.4306376645833333 0.38268765312499997 0.38086516875 0.389269828125 0.39096938541666665 0.43224772187499994 0.44074188125 0.425665546875 0.4306376645833333 0.38268765312499997
1 0.42403360833333337 0.4206582640625 0.37851797083333333 0.42667749062500004 0.3853888395833333 0.455902459375 0.43090447708333335 0.44988323281250003 0.42403360833333337 0.4206582640625
2 0.21961021666666666 0.4882080578125 0.12661423958333334 0.5005063328125 0.14122205000000002 0.562640090625 0.23421802708333334 0.5503418156250001 0.21961021666666666 0.4882080578125
1 0.262339325 0.4997765421875 0.19357469583333334 0.5088703375 0.2061616625 0.5624085140624999 0.27492629166666666 0.5533147203125 0.262339325 0.4997765421875
1 0.7791062583333334 0.42232052812500004 0.6219299583333334 0.4431063453125 0.64635329375 0.5469900546875001 0.80352959375 0.5262042390625 0.7791062583333334 0.42232052812500004
1 0.63663436875 0.451797146875 0.46701494374999997 0.4742285078125 0.49559544166666664 0.595794553125 0.6652148666666666 0.5733631921875 0.63663436875 0.451797146875
1 0.761557775 0.5336539890625 0.5948854083333334 0.555695615625 0.6225420916666666 0.673332253125 0.7892144583333334 0.6512906265625 0.761557775 0.5336539890625
1 0.7371725812500001 0.7430028203125 0.5606766937500001 0.7663435609375 0.59601258125 0.9166433968750001 0.77250846875 0.89330265625 0.7371725812500001 0.7430028203125
1 0.5855562479166667 0.7472268828125 0.44704463541666667 0.7655443828124999 0.47447036458333336 0.8821986687500001 0.6129819791666667 0.8638811671875001 0.5855562479166667 0.7472268828125
1 0.64465928125 0.8528549578125 0.50025355625 0.8719519281249999 0.5285453625 0.9922900328125 0.6729510875 0.9731930625 0.64465928125 0.8528549578125
0 0.49520174375 0.900727825 0.40973713125 0.9120301124999999 0.42694316875 0.9852153265625001 0.51240778125 0.9739130390625 0.49520174375 0.900727825
1 0.06821523333333333 0.7525900921875001 0.05217015208333333 0.754711978125 0.06002257291666667 0.7881119421875 0.07606765416666667 0.78599005625 0.06821523333333333 0.7525900921875001
2 0.7145139791666666 0.367303428125 0.6342885770833333 0.3779128546875 0.6472797124999999 0.43317014687500005 0.7275051145833333 0.42256072031249997 0.7145139791666666 0.367303428125