4 0.8717152104166667 0.9647783515624999 0.8731993229166667 0.9860172625000001 0.9622513583333333 0.982516996875 0.9607672458333333 0.9612780875 0.8717152104166667 0.9647783515624999
4 0.95830963125 0.8724352468750001 0.8867117937500001 0.8752494593750001 0.8922375458333334 0.9543276687500001 0.96383538125 0.9515134562500001 0.95830963125 0.8724352468750001
3 0.8962895583333333 0.851298690625 0.7445448916666667 0.857263140625 0.7523481479166667 0.96893439375 0.9040928145833332 0.9629699437499999 0.8962895583333333 0.851298690625
3 0.7754792604166667 0.791351834375 0.6618488604166667 0.7958181718749999 0.6688680583333333 0.89626886875 0.7824984583333333 0.89180253125 0.7754792604166667 0.791351834375
3 0.7647254229166667 0.7039066453125 0.6706864729166667 0.707602925 0.67720163125 0.8008404062500001 0.77124058125 0.797144128125 0.7647254229166667 0.7039066453125
4 0.8300194916666667 0.684998925 0.700359725 0.6900953109375 0.7070428958333334 0.785737196875 0.8367026625 0.7806408125 0.8300194916666667 0.684998925
5 0.9169337854166667 0.6202359046875 0.79475439375 0.6250382671875 0.8012882208333333 0.71854290625 0.9234676125 0.71374054375 0.9169337854166667 0.6202359046875
4 0.8062035104166667 0.61253320625 0.67654374375 0.6176295921875 0.6821628354166667 0.69804358125 0.8118226020833333 0.6929471953124999 0.8062035104166667 0.61253320625
4 1 0.4901802828125 0.9981480125 0.463676759375 0.8725846416666666 0.46861213125 0.880313225 0.5792147609375 1 0.574510371875 1 0.4901802828125
4 0.9736339666666667 0.5320146078125 0.8347127895833334 0.537475021875 0.8418439958333334 0.6395286546875 0.9807651729166668 0.6340682421875 0.9736339666666667 0.5320146078125
4 0.7890692041666667 0.5462342171875 0.6579846083333333 0.55138660625 0.6636783729166668 0.6328692203124999 0.79476296875 0.6277168296875 0.7890692041666667 0.5462342171875
3 0.5344328625 0.5058796140624999 0.37627644791666665 0.512096084375 0.38463974791666666 0.631782021875 0.5427961625 0.6255655515625 0.5344328625 0.5058796140624999
3 0.4736739104166666 0.43633936406249996 0.32442269791666667 0.44220580781249996 0.33155390416666664 0.5442594421875 0.48080511666666664 0.5383929984375 0.4736739104166666 0.43633936406249996
3 0.39024020833333334 0.5227986015625 0.23600208125 0.5288610593749999 0.24410402708333334 0.6448068109375 0.3983421541666667 0.6387443515625 0.39024020833333334 0.5227986015625
3 0.3395310229166667 0.41817159843749996 0.19633534791666665 0.42380002499999997 0.20361589791666665 0.5279909078125 0.34681157500000004 0.52236248125 0.3395310229166667 0.41817159843749996
3 0.2435253375 0.5419598453125001 0.11493419583333334 0.547014228125 0.12167337083333334 0.643457584375 0.2502645125 0.6384032015625001 0.2435253375 0.5419598453125001
3 0.2003833125 0.3973877078125 0.04080206458333333 0.4036601828125 0.048773333333333335 0.517735840625 0.20835458125 0.5114633671875 0.2003833125 0.3973877078125
5 0.3036917791666667 0.24009407500000002 0.16370197708333334 0.24559649062500002 0.17129988333333335 0.3543290265625 0.3112896854166667 0.3488266109375 0.3036917791666667 0.24009407500000002
4 0.18563931666666666 0.1736094640625 0.0367443125 0.17946190625 0.04413687291666667 0.2852557265625 0.19303187708333333 0.279403284375 0.18563931666666666 0.1736094640625
4 0 0.320688925 0.0034761479166666664 0.3704355703125 0.15130252916666667 0.3646251296875 0.14374195625 0.25642690625000003 0 0.262076803125 0 0.320688925
4 0 0.2501557046875 0.047803652083333335 0.2482767421875 0.04145650625 0.15744366406250002 0 0.15907314687500002 0 0.2501557046875
5 0.35612757083333335 0.055064257812499996 0.3526366416666667 0.0051060671875 0.25752906666666664 0.008844349999999999 0.26101999583333335 0.058802540625 0.35612757083333335 0.055064257812499996
4 0.5837321562500001 0.3398593171875 0.4715265895833333 0.34426965 0.4780977520833333 0.43830860156250007 0.59030331875 0.43389826718749996 0.5837321562500001 0.3398593171875
4 0.6389868104166666 0.2897352 0.5417419833333333 0.2935574890625 0.5466330208333333 0.3635523890625 0.6438778458333334 0.3597301 0.6389868104166666 0.2897352
4 0.78987195 0.46315680312499996 0.6630618520833333 0.4681411796875 0.6701743895833334 0.56992765625 0.7969844875 0.5649432796875 0.78987195 0.46315680312499996
4 0.7265859895833333 0.38045533125 0.6019131416666668 0.3853557015625 0.6081669479166667 0.47485299843749995 0.7328397958333334 0.469952628125 0.7265859895833333 0.38045533125
4 0.7583228416666666 0.29535835625 0.6286630770833334 0.3004547421875 0.6348795458333334 0.38941772812500003 0.7645393125 0.38432134218749997 0.7583228416666666 0.29535835625
4 0.8582911583333334 0.46341431875000005 0.9977466479166667 0.45793290468750003 0.9906901145833333 0.35694789375 0.851234625 0.3624293078125 0.8582911583333334 0.46341431875000005
4 0.8685715166666667 0.3779552046875 0.7292941312500001 0.38342961875000003 0.7358092895833334 0.4766671015625 0.875086675 0.4711926875 0.8685715166666667 0.3779552046875
4 0.8554354750000001 0.2947559421875 0.7318312479166666 0.299614309375 0.7379917125 0.3877758265625 0.8615959395833334 0.382917459375 0.8554354750000001 0.2947559421875
3 0.9495894833333334 0.1879175390625 0.8794164770833334 0.1906757484375 0.8836541312499999 0.2513201859375 0.9538271354166666 0.2485619765625 0.9495894833333334 0.1879175390625
3 0.9269178 0.144606840625 0.8403592229166666 0.148009096875 0.8437941479166666 0.197165821875 0.9303527270833333 0.1937635640625 0.9269178 0.144606840625
3 0.9183009479166666 0.12096938906250002 0.84100378125 0.12400761874999999 0.8450920895833334 0.18251480625 0.9223892583333334 0.1794765765625 0.9183009479166666 0.12096938906250002
5 0.8302428666666667 0.123359025 0.7597136520833333 0.1261312359375 0.7636712854166666 0.1827683296875 0.8342004979166667 0.1799961203125 0.8302428666666667 0.123359025
5 0.8922995145833333 0.1475748796875 0.975830325 0.14429163125 0.9710512979166667 0.07589966718749999 0.8875204875 0.079182915625 0.8922995145833333 0.1475748796875
5 0.9610590666666667 0.012132796875 0.86773253125 0.0158010734375 0.8727729125 0.087933221875 0.9660994458333333 0.08426494531249999 0.9610590666666667 0.012132796875
4 0.8066122958333334 0.0893282171875 0.7364392916666667 0.092086425 0.7406209416666666 0.15192939375 0.8107939458333333 0.1491711859375 0.8066122958333334 0.0893282171875
4 0.8706626624999999 0.060289565625 0.7887347895833333 0.063509809375 0.7932151291666667 0.1276272765625 0.8751430020833334 0.12440703281250001 0.8706626624999999 0.060289565625
4 0.82144430625 0 0.8240349708333333 0.037074603125 0.9013321395833334 0.0340363734375 0.8989537791666666 0 0.82144430625 0
4 0.7964412541666667 0 0.7995764375000001 0.0448671578125 0.8686808166666666 0.0421509515625 0.8657354333333332 0 0.7964412541666667 0
4 0.79132285625 0.028984234375 0.7272053895833334 0.031504425 0.7310510145833333 0.086538584375 0.7951684812500001 0.08401839375 0.79132285625 0.028984234375
4 0.744292025 0 0.7446764958333334 0.005502115625 0.78777768125 0.0038079875 0.7875115895833333 0 0.744292025 0
4 1 0.6574222890625 0.9778145916666666 0.6582943046875 0.97986808125 0.687681478125 1 0.686890175 1 0.6574222890625
4 1 0.5775911078125 0.9929115791666666 0.5778697234375 0.99563711875 0.616874515625 1 0.6167030296875 1 0.5775911078125