3 0.3537503979166667 0.443867740625 0.48961811666666666 0.424060234375 0.455577075 0.29271575312500003 0.31970935624999997 0.312523259375 0.3537503979166667 0.443867740625
3 0.4828135229166667 0.5495354921875 0.6398465625 0.52664239375 0.6047438125000001 0.391201396875 0.44771077291666667 0.41409449531250003 0.4828135229166667 0.5495354921875
5 0.41681393333333333 0.5040232687499999 0.5342473354166667 0.4869032125 0.5074391854166667 0.38346623125 0.39000578333333336 0.4005862875 0.41681393333333333 0.5040232687499999
5 0.45838318541666667 0.5892330859375 0.57923035 0.5716153546875 0.5565363229166667 0.48405236562500004 0.43568915625 0.5016700984375 0.45838318541666667 0.5892330859375
5 0.5757646854166667 0.6265903203125001 0.7201668083333334 0.6055386234375 0.6884482541666667 0.4831552671875 0.5440461333333333 0.5042069640625 0.5757646854166667 0.6265903203125001
4 0.549698225 0.6709105875 0.666448875 0.6538900671875 0.64017158125 0.5525013421875 0.5234209291666666 0.5695218625 0.549698225 0.6709105875
4 0.6967010729166667 0.6769803109375 0.8243757625 0.6583672265625 0.7915955 0.531887353125 0.6639208104166666 0.5505004375 0.6967010729166667 0.6769803109375
4 0.6302375125 0.738349528125 0.7439157770833333 0.721776915625 0.7176384812500001 0.6203881921875001 0.6039602166666668 0.6369608046875 0.6302375125 0.738349528125
3 0.33802121874999996 0.8752759671874999 0.37318296458333333 0.8701499046875 0.3619686645833333 0.8268804734374999 0.32680691875 0.8320065375000001 0.33802121874999996 0.8752759671874999
3 0.36249800833333334 0.9047880062500001 0.39834250833333334 0.8995624078125 0.38785813124999996 0.85910933125 0.35201363333333335 0.8643349296875 0.36249800833333334 0.9047880062500001
3 0.29381543541666666 0.9097524968749999 0.33409782499999996 0.9038799203125001 0.32825842499999996 0.8813490921874999 0.2879760375 0.8872216703125 0.29381543541666666 0.9097524968749999
3 0.3291114708333333 0.8860074390625 0.3642732166666667 0.8808813750000001 0.35405426874999996 0.8414524265625 0.31889252291666664 0.846578490625 0.3291114708333333 0.8860074390625
3 0.23792888333333334 0.9230811984375 0.2754802625 0.9176067625 0.26433231875 0.8745933640624999 0.22678094166666665 0.8800678 0.23792888333333334 0.9230811984375
5 0.24021142708333335 0.9564930953124999 0.2781041833333333 0.9509688921875 0.26874787291666663 0.9148683609375 0.23085511666666667 0.920392565625 0.24021142708333335 0.9564930953124999
5 0.27617786666666666 0.9674577843750001 0.31372924375 0.9619833484375 0.3049701458333333 0.92818710625 0.26741876666666664 0.9336615437500001 0.27617786666666666 0.9674577843750001
3 0.9799595229166667 0.443978553125 0.9942973229166667 0.4418883125 0.9808932499999999 0.3901698234375 0.96655545 0.3922600625 0.9799595229166667 0.443978553125
3 1 0.4638916046875 0.9924725124999999 0.43484742968749995 0.974379575 0.4374851125 0.9830723166666666 0.471025321875 1 0.468557515625 1 0.4638916046875
3 0.9301761583333333 0.4432650546875 0.9923066208333334 0.43420735 0.9794334 0.38453711562500004 0.9173029375 0.39359482031250004 0.9301761583333333 0.4432650546875
3 0.9612670125 0.4730085359375 0.9913081145833333 0.4686289875 0.9803592416666667 0.4263836859375 0.9503181395833333 0.4307632359375 0.9612670125 0.4730085359375
4 0.7408958208333334 0 0.7471072625 0.023966321875 0.7976309354166666 0.016600715625 0.7933284666666667 0 0.7408958208333334 0
3 0.18006844166666666 0.6096136109375 0.23434725416666666 0.6017005625 0.2220048875 0.5540785859375 0.16772607708333334 0.5619916359375 0.18006844166666666 0.6096136109375
3 0.10891023125 0.5653848499999999 0.1683096875 0.5567252875 0.15556918125000002 0.50756711875 0.096169725 0.5162266828125001 0.10891023125 0.5653848499999999
4 0.48454903958333334 0.08668838125 0.5173211520833333 0.0819106921875 0.5071685604166667 0.0427377765625 0.4743964479166667 0.047515465624999996 0.48454903958333334 0.08668838125
4 0.5203675875 0.1087014296875 0.5545052041666667 0.10372466875 0.54574610625 0.0699284265625 0.5116084895833334 0.0749051875 0.5203675875 0.1087014296875
4 0.4774964958333333 0.114154284375 0.5092444791666667 0.109525896875 0.5001535958333333 0.07444949375 0.46840561458333335 0.07907788125000001 0.4774964958333333 0.114154284375
4 0.70062701875 0.0995603015625 0.7432990395833333 0.09333935 0.7325492375 0.051862146875 0.6898772166666666 0.058083096875 0.70062701875 0.0995603015625
4 0.5117980354166667 0.133731428125 0.5421805125 0.1293021125 0.5338859125000001 0.0972980953125 0.5035034333333334 0.1017274109375 0.5117980354166667 0.133731428125
4 0.21001684375000002 0.6369994390625 0.24859235 0.6313757 0.23930239791666666 0.595531203125 0.20072689166666666 0.6011549421875 0.21001684375000002 0.6369994390625