3 0.5050568434237995 0.10366589687500001 0.21243802505219206 0.1151435609375 0.22808537369519832 0.33860394843749997 0.5207041920668058 0.3271262828125 0.5050568434237995 0.10366589687500001
3 0.7682058079331942 0.29036127500000003 0.5469915824634655 0.29903816875 0.5582180501043841 0.45936379218749995 0.7794322755741127 0.450686896875 0.7682058079331942 0.29036127500000003
3 0.5176568329853862 0.4765847890625 0.32549447599164927 0.48412215468750003 0.33593215657620046 0.63318306875 0.5280945135699373 0.6256457015625 0.5176568329853862 0.4765847890625
4 0.7039630041753654 0.49318186875 0.5303518392484342 0.499991584375 0.5394504133611691 0.629928690625 0.7130615782881001 0.623118975 0.7039630041753654 0.49318186875
4 0.5403170417536535 0.6272678015625 0.3705561252609603 0.6339264953125 0.37985648434237995 0.766745271875 0.549617400835073 0.7600865796875 0.5403170417536535 0.6272678015625
4 0.7064071691022964 0.6985091828125001 0.5485470167014614 0.7047010796875 0.5570585866388308 0.8262551468750001 0.714918739039666 0.8200632484374999 0.7064071691022964 0.6985091828125001
3 0.3936035657620042 0.6598168125 0.3354998288100209 0.6620958703125 0.34124146972860125 0.7440924718749999 0.39934520668058454 0.7418134140625 0.3936035657620042 0.6598168125
3 0.3376532463465553 0.7304420171875 0.21724550313152402 0.7351648843749999 0.22375758872651358 0.8281642250000001 0.3441653319415449 0.8234413578125 0.3376532463465553 0.7304420171875
3 0.4539628392484343 0.7849850328125 0.3405555448851774 0.7894333140625001 0.346994254697286 0.8813847750000001 0.4604015490605428 0.87693649375 0.4539628392484343 0.7849850328125
3 0.4096939018789144 0.8495042234374999 0.3039871043841336 0.8536504609375 0.3100772797494781 0.9406244921875 0.41578407933194156 0.9364782546875 0.4096939018789144 0.8495042234374999
4 0.3006993235908142 0.8518092484374999 0.20374308559498958 0.8556122546875 0.20913619415448853 0.9326314281249999 0.3060924300626305 0.928828421875 0.3006993235908142 0.8518092484374999
4 0.3728492338204593 1 0.3679807223382046 0.9304726062500001 0.26997441753653445 0.9343168000000001 0.27457374739039664 1 0.3728492338204593 1
4 0.6333396993736952 0.810391315625 0.4698791878914405 0.8168028812499999 0.479216235908142 0.9501455984374999 0.6426767453027139 0.9437340328125 0.6333396993736952 0.810391315625
4 0.49868291022964506 0.8447002765624999 0.4570302338204593 0.8463340593750001 0.4630837202505219 0.9327841484375 0.5047363987473904 0.9311503671875 0.49868291022964506 0.8447002765624999
4 0.6626620020876827 0.8908062671874999 0.5573052254697286 0.8949387765625 0.5629918350730689 0.9761494671875001 0.668348611691023 0.9720169593750001 0.6626620020876827 0.8908062671874999
3 0 0.3753954421875 0.03506729018789144 0.374019965625 0.029839277661795408 0.29935852343749997 0 0.3005289375 0 0.3753954421875
4 0.051834620041753654 0.5483134859375001 0.0028314697286012528 0.5502355828125001 0.007234006263048017 0.6131083765625001 0.05623715657620042 0.6111862796875001 0.051834620041753654 0.5483134859375001
4 0.049435513569937375 0.6243248515625 0.008132858037578287 0.62594490625 0.01191170146137787 0.67991071875 0.05321435699373695 0.678290665625 0.049435513569937375 0.6243248515625
4 0 0.46313373437500005 0.01371738413361169 0.4625956828125 0.008691156576200417 0.390815909375 0 0.3911568109375 0 0.46313373437500005
4 0.06009559081419624 0.5835838843750001 0.005317068893528184 0.5857325140625 0.007811839248434239 0.6213604296875 0.0625903611691023 0.6192118 0.06009559081419624 0.5835838843750001