5 0.79281591875 0.44604641875000006 0.6264028208333333 0.477165003125 0.6781834770833334 0.6329256515624999 0.8445965729166667 0.6018070671875 0.79281591875 0.44604641875000006
4 0.5919034333333334 0.4146592203125 0.44260135625 0.44257811093750005 0.48969749375 0.5842473265625 0.63899956875 0.556328434375 0.5919034333333334 0.4146592203125
4 0.6056788541666667 0.339250746875 0.47348780208333335 0.36396994375 0.5144773354166666 0.487269971875 0.6466683854166667 0.46255077499999997 0.6056788541666667 0.339250746875
4 0.7391494854166667 0.2889011171875 0.5844792458333333 0.3178238328125 0.6350887708333333 0.47006162187499995 0.7897590104166666 0.44113890624999996 0.7391494854166667 0.2889011171875
4 0.5864059520833333 0.320403575 0.5011863395833334 0.33633930156249997 0.5195898020833334 0.3916984984375 0.6048094145833333 0.37576277187499996 0.5864059520833333 0.320403575
4 0.7377010145833334 0.2164730890625 0.6018193520833334 0.24188241562499999 0.6420560145833334 0.36291775 0.7779376770833333 0.337508421875 0.7377010145833334 0.2164730890625
4 0.5763556333333334 0.2547959265625 0.4824127541666667 0.27236286875000004 0.50976699375 0.3546467640625 0.6037098708333333 0.337079821875 0.5763556333333334 0.2547959265625
4 0.7113100166666667 0.18532593125000002 0.6113279562499999 0.20402217656250002 0.6323246333333333 0.2671819875 0.7323066958333333 0.248485740625 0.7113100166666667 0.18532593125000002
4 0.08913595625000001 0.06753681406249999 0.05055227291666667 0.0747518078125 0.06335104583333333 0.1132516125 0.10193472708333333 0.10603661874999999 0.08913595625000001 0.06753681406249999
4 0.05314999583333333 0.0772060734375 0.05034765 0.06877637656249999 0.014783560416666668 0.07542671875 0.01758590625 0.083856415625 0.05314999583333333 0.0772060734375
4 0.17253889791666666 0.11742325 0.1289225625 0.12557932968750002 0.14180498541666667 0.1643307671875 0.18542132291666666 0.1561746859375 0.17253889791666666 0.11742325
4 0.10544496041666668 0.1203476375 0.0745780125 0.1261196328125 0.08428165833333333 0.155309028125 0.11514860416666667 0.14953703125 0.10544496041666668 0.1203476375
3 0.72859375625 0.1762138828125 0.6937006875 0.182738746875 0.7038225937499999 0.21318630624999999 0.7387156604166666 0.20666144218750002 0.72859375625 0.1762138828125
3 0.6643620270833334 0.166308384375 0.62779140625 0.17314694375 0.6371604416666667 0.2013298078125 0.6737310625 0.19449124843750001 0.6643620270833334 0.166308384375
4 1 0.6865760515625 0.9912678958333333 0.6603091296875 0.9362442104166667 0.6705983390625 0.9463661145833334 0.7010458984375 1 0.6910165765625 1 0.6865760515625
4 1 0.6386306125 0.9591596979166667 0.6462675875 0.9732132520833333 0.68854188125 1 0.6835328671875 1 0.6386306125
4 0.9752008291666667 0.6189459046875 0.9362816375 0.6262236375 0.9481602354166667 0.6619554828124999 0.9870794291666667 0.6546777500000001 0.9752008291666667 0.6189459046875
4 0.31277331041666667 0.449749815625 0.2607692166666667 0.4594743734375 0.2844427625 0.5306864296875 0.33644685625000004 0.520961871875 0.31277331041666667 0.449749815625
4 0.2994886375 0.4901870921875 0.21359800833333334 0.5062482968750001 0.2376061625 0.5784668828124999 0.32349679166666667 0.562405678125 0.2994886375 0.4901870921875
4 0.352787875 0.5358136140624999 0.25985152708333337 0.5531923390625 0.2829395104166667 0.6226429671875 0.3758758583333333 0.6052642421875001 0.352787875 0.5358136140624999
5 0.30909318750000003 0.587149309375 0.19300663124999998 0.60885703125 0.21927339375 0.6878697015624999 0.33535995 0.6661619796875 0.30909318750000003 0.587149309375
5 0.32568550625000003 0.6520681796875001 0.239794875 0.668129384375 0.24974947500000003 0.698073678125 0.3356401083333333 0.6820124734374999 0.32568550625000003 0.6520681796875001
4 0.35458854166666665 0.588397409375 0.29017056874999997 0.6004433140625001 0.31016342291666665 0.66058353125 0.37458139583333333 0.6485376281249999 0.35458854166666665 0.588397409375
5 0.6377804208333333 0.7091706171875 0.60053878125 0.7161346546875 0.6113299020833334 0.748595275 0.6485715416666668 0.7416312375 0.6377804208333333 0.7091706171875
5 0.5789618375 0.6946446640625 0.5417201979166666 0.701608703125 0.5508382770833333 0.7290366671874999 0.5880799166666667 0.7220726296875 0.5789618375 0.6946446640625
5 0.5738644708333334 0.67287945 0.5413199729166667 0.678965140625 0.5494342270833333 0.7033735125 0.581978725 0.697287821875 0.5738644708333334 0.67287945
4 0.5402465833333333 0.6092733640625 0.5150833125000001 0.6139787953125 0.5221937416666667 0.635367575 0.5473570124999999 0.63066214375 0.5402465833333333 0.6092733640625
4 0.5256791729166667 0.679083515625 0.49380569583333334 0.6850437281249999 0.5015016895833333 0.7081939390625 0.5333751666666667 0.7022337265624999 0.5256791729166667 0.679083515625
5 0.59922334375 0.6848421484375 0.56902741875 0.690488665625 0.5763888041666667 0.71263234375 0.6065847291666666 0.706985828125 0.59922334375 0.6848421484375
3 0.27157026874999995 0.679025859375 0.24540046875000002 0.6839195078125 0.2521762875 0.70430175625 0.27834608958333334 0.6994081078125001 0.27157026874999995 0.679025859375
3 0.19965787708333332 0.6277925625 0.17986277083333332 0.6314941671875001 0.1864712875 0.6513731515625001 0.20626639375 0.6476715453125 0.19965787708333332 0.6277925625
3 0.21004201041666667 0.64562914375 0.18554976041666665 0.6502090953125 0.19132175624999997 0.6675717546875 0.21581400625 0.6629918015625 0.21004201041666667 0.64562914375
4 0.6231251541666667 0.2368292140625 0.5845414729166667 0.24404420781249997 0.59750755 0.283047278125 0.6360912312500001 0.2758322828125 0.6231251541666667 0.2368292140625