4 0.5583333333333333 0.0003605765625 0.4285256416666667 0.0003605765625 0.4285256416666667 0.038341346875 0.5583333333333333 0.038341346875 0.5583333333333333 0.0003605765625
4 0.41458333333333336 0.00048076875000000005 0.27419871875 0.00048076875000000005 0.27419871875 0.1048076921875 0.41458333333333336 0.1048076921875 0.41458333333333336 0.00048076875000000005
4 0.7809294875 0.01875 0.63125 0.01875 0.63125 0.155528846875 0.7809294875 0.155528846875 0.7809294875 0.01875
4 0.8017628208333334 0.046634615625 0.6963141020833333 0.046634615625 0.6963141020833333 0.134134615625 0.8017628208333334 0.134134615625 0.8017628208333334 0.046634615625
5 0.9514423083333334 0.063822115625 0.7809294875 0.063822115625 0.7809294875 0.19963942343750002 0.9514423083333334 0.19963942343750002 0.9514423083333334 0.063822115625
4 0.8658653854166667 0.13713942343750002 0.7982371791666666 0.13713942343750002 0.7982371791666666 0.1912259609375 0.8658653854166667 0.1912259609375 0.8658653854166667 0.13713942343750002
4 0.6644230770833333 0.13798076875 0.5480769229166668 0.13798076875 0.5480769229166668 0.2389423078125 0.6644230770833333 0.2389423078125 0.6644230770833333 0.13798076875
4 0.8466346145833333 0.0322115390625 0.8046474354166667 0.0322115390625 0.8046474354166667 0.066346153125 0.8466346145833333 0.066346153125 0.8466346145833333 0.0322115390625
4 0.5403846145833333 0.12271634687499999 0.41282051249999996 0.12271634687499999 0.41282051249999996 0.22055288437499998 0.5403846145833333 0.22055288437499998 0.5403846145833333 0.12271634687499999
4 0.40817307708333334 0.150240384375 0.29342948750000003 0.150240384375 0.29342948750000003 0.23725961562500003 0.40817307708333334 0.23725961562500003 0.40817307708333334 0.150240384375
4 0.50673076875 0.24194711562500001 0.4092948708333333 0.24194711562500001 0.4092948708333333 0.3140625 0.50673076875 0.3140625 0.50673076875 0.24194711562500001
4 0.6160256416666667 0.3493990390625 0.5397435895833333 0.3493990390625 0.5397435895833333 0.40228365312500003 0.6160256416666667 0.40228365312500003 0.6160256416666667 0.3493990390625
4 0.6522435895833334 0.3703125 0.5910256416666667 0.3703125 0.5910256416666667 0.4162259609375 0.6522435895833334 0.4162259609375 0.6522435895833334 0.3703125
4 0.60625 0.40625 0.5479166666666667 0.40625 0.5479166666666667 0.4490384609375 0.60625 0.4490384609375 0.60625 0.40625
3 0.7559294875 0.3777644234375 0.6463141020833334 0.3777644234375 0.6463141020833334 0.4621394234375 0.7559294875 0.4621394234375 0.7559294875 0.3777644234375
3 0.6480769229166667 0.47139423125 0.5432692312499999 0.47139423125 0.5432692312499999 0.5514423078124999 0.6480769229166667 0.5514423078124999 0.6480769229166667 0.47139423125
3 0.35 0.4490384609375 0.24166666666666667 0.4490384609375 0.24166666666666667 0.527403846875 0.35 0.527403846875 0.35 0.4490384609375
3 0.35480769166666665 0.5693509609375 0.2650641020833333 0.5693509609375 0.2650641020833333 0.649158653125 0.35480769166666665 0.649158653125 0.35480769166666665 0.5693509609375
3 0.30032051249999997 0.5514423078124999 0.17756410208333331 0.5514423078124999 0.17756410208333331 0.6449519234375 0.30032051249999997 0.6449519234375 0.30032051249999997 0.5514423078124999
3 0.3161858979166666 0.6657451921875001 0.21009615416666666 0.6657451921875001 0.21009615416666666 0.7453125 0.3161858979166666 0.7453125 0.3161858979166666 0.6657451921875001
3 0.41923076875000004 0.7447115390625 0.3342948708333333 0.7447115390625 0.3342948708333333 0.8110576921874999 0.41923076875000004 0.8110576921874999 0.41923076875000004 0.7447115390625
3 0.4910256416666667 0.750721153125 0.41378205208333335 0.750721153125 0.41378205208333335 0.803125 0.4910256416666667 0.803125 0.4910256416666667 0.750721153125
3 0.47467948750000005 0.79423076875 0.3990384625 0.79423076875 0.3990384625 0.8367788468749999 0.47467948750000005 0.8367788468749999 0.47467948750000005 0.79423076875
3 0.8426282041666667 0.7044471156250001 0.724358975 0.7044471156250001 0.724358975 0.7931490390625 0.8426282041666667 0.7931490390625 0.8426282041666667 0.7044471156250001
5 0.7256410249999999 0.731490384375 0.6044871791666666 0.731490384375 0.6044871791666666 0.818028846875 0.7256410249999999 0.818028846875 0.7256410249999999 0.731490384375
5 0.8155448708333334 0.7799278843749999 0.70625 0.7799278843749999 0.70625 0.85829326875 0.8155448708333334 0.85829326875 0.8155448708333334 0.7799278843749999
4 0.4711538458333333 0.8295673078125001 0.41730769166666665 0.8295673078125001 0.41730769166666665 0.877884615625 0.4711538458333333 0.877884615625 0.4711538458333333 0.8295673078125001
4 0.41875 0.82391826875 0.33990384583333333 0.82391826875 0.33990384583333333 0.8876201921875 0.41875 0.8876201921875 0.41875 0.82391826875
4 0.40641025625 0.89326923125 0.35929487083333334 0.89326923125 0.35929487083333334 0.9379807687499999 0.40641025625 0.9379807687499999 0.40641025625 0.89326923125
4 0.7342948708333333 0.800721153125 0.6621794875 0.800721153125 0.6621794875 0.8641826921875 0.7342948708333333 0.8641826921875 0.7342948708333333 0.800721153125
4 0.7424679479166667 0.8652644234375 0.6530448708333334 0.8652644234375 0.6530448708333334 0.9193509609375001 0.7424679479166667 0.9193509609375001 0.7424679479166667 0.8652644234375
4 0.6493589750000001 0.8800480765625001 0.5830128208333334 0.8800480765625001 0.5830128208333334 0.9451923078125001 0.6493589750000001 0.9451923078125001 0.6493589750000001 0.8800480765625001
4 0.6455128208333334 0.9421875 0.5455128208333334 0.9421875 0.5455128208333334 0.9996394234375 0.6455128208333334 0.9996394234375 0.6455128208333334 0.9421875
5 0.7477564104166666 0.8832932687499999 0.6089743583333332 0.8832932687499999 0.6089743583333332 0.9933894234375 0.7477564104166666 0.9933894234375 0.7477564104166666 0.8832932687499999