1 0.7103594029227558 1 0.7216840354906053 0.9632873671875 0.63194524217119 0.9477813640624999 0.6158375219206681 1 0.7103594029227558 1
1 0.8017537202505219 1 0.8182030960334029 0.9466737734375 0.7027303862212944 0.9267211968750001 0.6801263006263049 1 0.8017537202505219 1
1 0.8285370855949895 0.8084024281250001 0.7783889373695199 0.799737309375 0.7652117870563675 0.8424555093749999 0.8153599352818371 0.8511206296875 0.8285370855949895 0.8084024281250001
1 0.9014992881002087 0.8315431296875 0.817039248434238 0.8169492453125 0.8004345156576201 0.870779115625 0.8848945553235907 0.8853730000000001 0.9014992881002087 0.8315431296875
0 0.8220597954070981 0.6508407625 0.7336406951983298 0.6355627890625 0.7146747369519834 0.6970473671875 0.8030938392484341 0.712325340625 0.8220597954070981 0.6508407625
0 0.8701960584551148 0.6136429859375 0.8200479102296451 0.6049778671875 0.8085464676409186 0.6422636953125 0.8586946158663884 0.6509288140625 0.8701960584551148 0.6136429859375
0 0.6608575741127348 0.196703634375 0.5882747286012526 0.184162015625 0.5715176576200417 0.2384857390625 0.644100503131524 0.251027359375 0.6608575741127348 0.196703634375
0 0.4720489185803758 0.401538928125 0.35228722129436324 0.38084525468749997 0.32722778496868477 0.46208391562499995 0.44698948225469726 0.48277758750000005 0.4720489185803758 0.401538928125
1 0.43232450313152404 0.34837940624999997 0.3122328872651357 0.32762872656250003 0.28656410229645096 0.4108427953125 0.4066557181628393 0.431593475 0.43232450313152404 0.34837940624999997
1 0.47655559290187893 0.285538484375 0.3604230396659708 0.2654718921875 0.33841034237995826 0.336833509375 0.45454289770354905 0.3569001015625 0.47655559290187893 0.285538484375
1 0.5802578308977036 0.2619733265625 0.47072372025052195 0.2430468828125 0.44337922755741127 0.3316933234375 0.5529133382045929 0.3506197671875 0.5802578308977036 0.2619733265625
1 0.6654911189979122 0.2830729578125 0.5645349791231733 0.2656287046875 0.5407704070981211 0.3426696234375 0.6417265469728601 0.360113875 0.6654911189979122 0.2830729578125
2 0.5336642463465553 0.3426121390625 0.42775927557411275 0.324312775 0.4026236701461378 0.40579836093750005 0.5085286409185804 0.4240977234375 0.5336642463465553 0.3426121390625
2 0.6248252025052192 0.35069130625 0.5344265678496869 0.33507128750000004 0.5109666701461378 0.4111245015625 0.6013653048016702 0.42674451874999997 0.6248252025052192 0.35069130625