4 0.35381989166666666 0.105609228125 0.24043915208333333 0.095168175 0.2258330875 0.18438580625 0.3392138291666667 0.194826859375 0.35381989166666666 0.105609228125
4 0.24918282291666666 0.1385661265625 0.14546732499999998 0.12901513125 0.13277830833333332 0.20652294843750002 0.23649380625 0.21607394375000002 0.24918282291666666 0.1385661265625
4 0.38472000208333335 0.21996007187500002 0.25089355625 0.20763620624999998 0.23322934791666666 0.315533778125 0.3670557958333333 0.32785764375 0.38472000208333335 0.21996007187500002
4 0.27009088124999997 0.22751659375000002 0.15485143958333333 0.216904375 0.14102132291666666 0.3013823203125 0.25626076458333336 0.3119945375 0.27009088124999997 0.22751659375000002
4 0.44173273541666663 0.320018090625 0.30158670625 0.30711226406250003 0.28328348124999997 0.4189131078125 0.4234295125 0.431818934375 0.44173273541666663 0.320018090625
4 0.29842786666666665 0.3390843265625 0.16906230208333334 0.32717125625 0.15450188125 0.41611008125 0.28386744583333334 0.428023153125 0.29842786666666665 0.3390843265625
4 0.33083422916666666 0.44423460156249994 0.19366211875 0.43160263906249996 0.17882783541666666 0.5222142953125 0.3159999458333333 0.5348462578125 0.33083422916666666 0.44423460156249994
5 0.2964250041666666 0.536864246875 0.15479201458333333 0.5238214890624999 0.13703651875 0.6322766718749999 0.2786695083333333 0.6453194296875 0.2964250041666666 0.536864246875
5 0.4601466458333333 0.5336870734375 0.33375500208333336 0.5220478671875 0.31677545208333335 0.6257633640625 0.4431670958333333 0.6374025703124999 0.4601466458333333 0.5336870734375
5 0.5625951479166668 0.48298211406249997 0.4373187229166666 0.47144560625 0.42125205416666667 0.5695850015625 0.5465284791666666 0.581121509375 0.5625951479166668 0.48298211406249997
5 0.55092093125 0.693738825 0.41077490208333334 0.6808329984375 0.3913762229166667 0.799325165625 0.5315222541666667 0.8122309921875001 0.55092093125 0.693738825
5 0.6438244125 0.627579946875 0.5081392645833334 0.615084915625 0.4912053604166667 0.718521609375 0.62689050625 0.7310166390624999 0.6438244125 0.627579946875
4 0.65476479375 0.412086021875 0.5380383916666667 0.401336871875 0.5224281625 0.496688215625 0.6391545625 0.507437365625 0.65476479375 0.412086021875
4 0.7440808145833333 0.5499288296875 0.6173174291666667 0.5382553890625 0.6023918583333334 0.62942465625 0.72915524375 0.641098096875 0.7440808145833333 0.5499288296875
4 0.7569429645833333 0.37225199062500003 0.64467744375 0.36191363593750003 0.6296149416666666 0.45391931718749995 0.7418804625 0.464257671875 0.7569429645833333 0.37225199062500003
4 0.8073429625 0.4827383796875 0.6876426395833334 0.471715365625 0.6731735083333333 0.5600965828125 0.79287383125 0.5711195953125 0.8073429625 0.4827383796875
4 0.8636883854166667 0.40132657656250004 0.7558837458333334 0.39139901718750003 0.7413689708333333 0.48005903906249997 0.8491736104166667 0.48998659843750003 0.8636883854166667 0.40132657656250004