3 0.3155746576200417 0.6728068203124999 0.14700148643006264 0.64367899375 0.09636095824634656 0.8078474296874999 0.26493412943632566 0.8369752578125 0.3155746576200417 0.6728068203124999
4 0.3976415135699373 0.5310135140625001 0.24430085594989562 0.5045177187500001 0.1995215010438413 0.6496851765625 0.3528621586638831 0.676180971875 0.3976415135699373 0.5310135140625001
4 0.4680674384133612 0.400951525 0.3184502860125261 0.375099115625 0.27695318789144047 0.5096260265625 0.4265703402922756 0.5354784359375 0.4680674384133612 0.400951525
5 0.5832995887265136 0.6376779515625 0.4387599436325678 0.6127028859375 0.39437133194154483 0.7566036140625 0.5389109791231732 0.781578678125 0.5832995887265136 0.6376779515625
4 0.6377235908141963 0.5149912734375001 0.49724594780793324 0.490718084375 0.457077382045929 0.620938109375 0.5975550229645095 0.6452112984375 0.6377235908141963 0.5149912734375001
4 0.7188737724425887 0.41546868281249993 0.577380630480167 0.3910200234375 0.5441673215031315 0.4986922234375 0.6856604634655532 0.52314088125 0.7188737724425887 0.41546868281249993
4 0.5457085386221294 0.25212252031250004 0.4113239018789144 0.2289021421875 0.37170237787056365 0.35734874375 0.5060870146137787 0.3805691203125 0.5457085386221294 0.25212252031250004
4 0.640098872651357 0.1582233203125 0.5358407661795407 0.1402085203125 0.5046593319415449 0.2412937140625 0.6089174363256785 0.259308515625 0.640098872651357 0.1582233203125
4 0.7237970521920668 0.29663726874999996 0.5982134237995825 0.27493762187500004 0.5624211983298538 0.39097024999999996 0.6880048267223382 0.41266989687500005 0.7237970521920668 0.29663726874999996
4 0.8082128350730688 0.2154244484375 0.6961692233820459 0.1960643875 0.6622525741127349 0.30601670312499996 0.7742961858037578 0.325376765625 0.8082128350730688 0.2154244484375
4 0.7453397202505219 0.1262401796875 0.6380351106471815 0.107698971875 0.6044310584551148 0.2166379015625 0.7117356659707724 0.23517910937500003 0.7453397202505219 0.1262401796875