5 0.5333063979166667 0.4168633828125 0.42314565833333334 0.435937840625 0.44996972083333336 0.5230786703125 0.5601304583333333 0.5040042125 0.5333063979166667 0.4168633828125
3 0.37329033125 0.5191625546874999 0.25643289166666666 0.539396553125 0.2868901833333333 0.63834031875 0.40374762291666666 0.61810631875 0.37329033125 0.5191625546874999
3 0.6533232479166667 0.6354651171875 0.5029822979166666 0.6614968250000001 0.5411698645833333 0.78555321875 0.6915108145833333 0.7595215125 0.6533232479166667 0.6354651171875
4 0.4676286625 0.5426367265625001 0.3544544083333333 0.5622329781250001 0.3807373479166667 0.6476159218750001 0.4939116041666667 0.6280196703125001 0.4676286625 0.5426367265625001
4 0.6931841208333334 0.5466968921875 0.56728613125 0.5684962734375001 0.59851645 0.6699513015624999 0.7244144395833333 0.6481519203125 0.6931841208333334 0.5466968921875
4 0.6040498458333333 0.7377661437499999 0.50962635625 0.7541156796874999 0.5264783583333333 0.8088612140624999 0.62090185 0.792511678125 0.6040498458333333 0.7377661437499999
4 0.520225875 0.65507243125 0.39600206041666663 0.6765819265624999 0.4281600125 0.7810504703125 0.5523838249999999 0.759540975 0.520225875 0.65507243125
4 0.5308079520833333 0.6224245578125001 0.43939797708333334 0.6382523 0.4565591916666667 0.694002340625 0.5479691666666666 0.6781745984375 0.5308079520833333 0.6224245578125001
4 0.3922468458333333 0.6162622765625 0.2881131375 0.6342931468749999 0.30906218750000003 0.7023483749999999 0.4131958958333334 0.6843175046875001 0.3922468458333333 0.6162622765625
4 0.3951006979166667 0.6776637890625 0.26618919375 0.6999849640625 0.2995066875 0.8082204000000001 0.42841819166666667 0.7858992265625 0.3951006979166667 0.6776637890625
4 0.73923040625 0.59030364375 0.6585351541666667 0.60427611875 0.67886578125 0.6703223359375 0.7595610333333334 0.6563498609375 0.73923040625 0.59030364375
4 0.47991851666666663 0.7779076765624999 0.36306107708333335 0.7981416765625 0.3891894125 0.8830223671875 0.5060468520833333 0.8627883671875001 0.47991851666666663 0.7779076765624999
4 0.3897718708333333 0.803568103125 0.3264880416666667 0.8145257703125001 0.3482874229166667 0.8853433890625 0.41157125208333334 0.874385721875 0.3897718708333333 0.803568103125
4 0.5981362874999999 0.6165858296875 0.537865975 0.6270217046875 0.5481472416666667 0.6604215015625 0.60841755625 0.6499856281249999 0.5981362874999999 0.6165858296875
4 0.5670838312500001 0.49565842031249996 0.4887324229166667 0.50922505625 0.50713048125 0.568993115625 0.5854818895833334 0.5554264812499999 0.5670838312500001 0.49565842031249996
4 0.5097362708333333 0.5006947562499999 0.45147496875000004 0.5107827671875 0.4708779625 0.5738154703125 0.5291392666666667 0.5637274578125 0.5097362708333333 0.5006947562499999