4 0.24425434166666668 0.09569660937499999 0.2273293625 0.030393004687500003 0.13887580416666667 0.0432882265625 0.15580078333333333 0.10859183125 0.24425434166666668 0.09569660937499999
4 0.21546478958333332 0.11051653749999998 0.25070800416666666 0.105378596875 0.24352160416666668 0.0776504796875 0.2082783895833333 0.08278841875000001 0.21546478958333332 0.11051653749999998
3 0.29359645208333335 0.150492221875 0.41729322708333333 0.1324590578125 0.3893535770833333 0.024656284375 0.26565680416666665 0.042689446874999995 0.29359645208333335 0.150492221875
3 0.5206750375 0.131506478125 0.6222584208333333 0.116697121875 0.5992216437500001 0.0278116625 0.49763826041666664 0.04262101875 0.5206750375 0.131506478125
3 0.35731495416666664 0.217176465625 0.45855281458333336 0.2024174796875 0.43356832083333335 0.106016921875 0.33233046041666664 0.1207759078125 0.35731495416666664 0.217176465625
3 0.43285719791666666 0.23332571406249997 0.51751001875 0.22098458281250002 0.49460756666666666 0.13261740625000001 0.40995474583333336 0.1449585375 0.43285719791666666 0.23332571406249997
3 0.57618035 0.2266847421875 0.7043689041666668 0.2079967453125 0.6781083208333333 0.10667250312500001 0.5499197666666666 0.1253605015625 0.57618035 0.2266847421875
5 0.550521575 0.2764128890625 0.6693810437500001 0.259084934375 0.6496352333333333 0.1828973953125 0.5307757645833333 0.20022535000000002 0.550521575 0.2764128890625
5 0.5983998708333333 0.3331699671875 0.7255518625 0.314633084375 0.70029871875 0.2171959609375 0.5731467270833334 0.23573284375 0.5983998708333333 0.3331699671875
4 0.45967689375000004 0.3049858609375 0.5578050583333333 0.2906802234375 0.538193575 0.2150109671875 0.44006541041666664 0.2293166046875 0.45967689375000004 0.3049858609375
4 0.5208168833333333 0.3319750546875 0.6037420916666666 0.319885784375 0.5911155208333334 0.271167221875 0.5081903104166667 0.2832564921875 0.5208168833333333 0.3319750546875
4 0.5015591666666667 0.38910693125 0.6079798541666667 0.3735923671875 0.5879653958333333 0.2963682640625 0.48154470833333335 0.311882828125 0.5015591666666667 0.38910693125
4 0.6023435166666666 0.4037277140625 0.7108373333333333 0.38791091718750004 0.691628825 0.3137965109375 0.5831350083333333 0.3296133078125 0.6023435166666666 0.4037277140625
4 0.5880128770833333 0.418994609375 0.6681739145833333 0.4073083125 0.6535324625 0.3508155125 0.5733714249999999 0.3625018078125 0.5880128770833333 0.418994609375
4 0.5361413312500001 0.427766909375 0.60179045625 0.41819623593750005 0.5890295583333334 0.36895939218749996 0.5233804333333334 0.378530065625 0.5361413312500001 0.427766909375
4 0.5265715916666667 0.4959917890625 0.6278094520833334 0.481232803125 0.60860094375 0.4071183953125 0.5073630833333334 0.42187738125 0.5265715916666667 0.4959917890625
4 0.6112778062499999 0.476247225 0.6568866729166667 0.4695981265625 0.6421108979166666 0.41258704531249996 0.5965020312499999 0.41923614374999996 0.6112778062499999 0.476247225
3 0.9056811875 0.32064480156249997 0.9467982729166666 0.3146505375 0.9399476854166667 0.2882181265625 0.8988306020833333 0.2942123890625 0.9056811875 0.32064480156249997
4 0.5681402604166668 0.54223908125 0.6531386020833333 0.5298475781249999 0.6379598520833334 0.4712816484375 0.5529615104166666 0.48367315 0.5681402604166668 0.54223908125
4 0.6707157229166667 0.5430176515625 0.7450028916666667 0.532187678125 0.7313017166666668 0.47932285625000004 0.6570145479166667 0.4901528296875 0.6707157229166667 0.5430176515625
4 0.63559473125 0.579065021875 0.6977886395833334 0.56999806875 0.6846919291666667 0.5194655171875 0.6224980208333334 0.5285324703125001 0.63559473125 0.579065021875
3 0.6072334958333333 0.8120613156250001 0.73611309375 0.7932725734375 0.7095838604166667 0.690911765625 0.5807042625 0.7097005078125 0.6072334958333333 0.8120613156250001
3 0.5441502458333333 0.7817248296875 0.6198195020833333 0.77069336875 0.6036333104166667 0.7082403203125 0.52796405625 0.7192717796875 0.5441502458333333 0.7817248296875
3 0.44635191041666666 0.869938846875 0.5341144250000001 0.85714436875 0.5121522479166667 0.77240516875 0.4243897354166667 0.785199646875 0.44635191041666666 0.869938846875
3 0.5028957125 0.8833446703125001 0.6307387479166666 0.86470704375 0.6036722124999999 0.76027310625 0.47582917916666667 0.7789107328125 0.5028957125 0.8833446703125001
3 0.5641926958333333 1 0.6959648166666667 0.980789571875 0.6633909479166668 0.8551060484375 0.5110158729166667 0.8773200843750001 0.5428112854166667 1 0.5641926958333333 1
3 1 0.4683885390625 0.9546503833333334 0.4749998421875 0.9653292395833333 0.51620330625 1 0.5111488203125 1 0.4683885390625