1 0.314302884375 0.0048076916666666665 0.2597355765625 0.0048076916666666665 0.2597355765625 0.08429487083333333 0.314302884375 0.08429487083333333 0.314302884375 0.0048076916666666665
2 0.318990384375 0 0.318990384375 0.11987179583333334 0.39927884687500004 0.11987179583333334 0.39927884687500004 0 0.318990384375 0
1 0.360697115625 0.05673076875 0.2873798078125 0.05673076875 0.2873798078125 0.16955128125 0.360697115625 0.16955128125 0.360697115625 0.05673076875
1 0.427884615625 0.10384615416666666 0.3509615390625 0.10384615416666666 0.3509615390625 0.20416666666666666 0.427884615625 0.20416666666666666 0.427884615625 0.10384615416666666
0 0.3300480765625 0.25512820416666665 0.2293269234375 0.25512820416666665 0.2293269234375 0.37211538541666667 0.3300480765625 0.37211538541666667 0.3300480765625 0.25512820416666665
0 0.24230769218749998 0.25673076875 0.14423076875000002 0.25673076875 0.14423076875000002 0.38942307708333335 0.24230769218749998 0.38942307708333335 0.24230769218749998 0.25673076875
2 0.2996394234375 0.35753205208333333 0.21983173125 0.35753205208333333 0.21983173125 0.45048076875000004 0.2996394234375 0.45048076875000004 0.2996394234375 0.35753205208333333
1 0.18653846093749998 0.45705128125 0.134375 0.45705128125 0.134375 0.5192307687500001 0.18653846093749998 0.5192307687500001 0.18653846093749998 0.45705128125
1 0.1681490390625 0.5169871791666666 0.1109375 0.5169871791666666 0.1109375 0.5814102562500001 0.1681490390625 0.5814102562500001 0.1681490390625 0.5169871791666666
0 0.1322115390625 0.6375 0.08533653906250001 0.6375 0.08533653906250001 0.6891025645833333 0.1322115390625 0.6891025645833333 0.1322115390625 0.6375
1 0.267908653125 0.7620192312499999 0.22512019218749998 0.7620192312499999 0.22512019218749998 0.8100961541666667 0.267908653125 0.8100961541666667 0.267908653125 0.7620192312499999
1 0.4802884609375 0.7767628208333334 0.415625 0.7767628208333334 0.415625 0.8607371791666666 0.4802884609375 0.8607371791666666 0.4802884609375 0.7767628208333334
2 0.4954326921875 0.8602564104166667 0.428846153125 0.8602564104166667 0.428846153125 0.9496794875 0.4954326921875 0.9496794875 0.4954326921875 0.8602564104166667
0 0.6582932687499999 0.56826923125 0.6152644234375 0.56826923125 0.6152644234375 0.6201923083333334 0.6582932687499999 0.6201923083333334 0.6582932687499999 0.56826923125
1 0.715384615625 0.39038461458333334 0.6353365390625 0.39038461458333334 0.6353365390625 0.49551282083333337 0.715384615625 0.49551282083333337 0.715384615625 0.39038461458333334
0 0.7182692312500001 0.39375 0.6185096156250001 0.39375 0.6185096156250001 0.531891025 0.7182692312500001 0.531891025 0.7182692312500001 0.39375
2 0.6219951921875 0.38333333333333336 0.558533653125 0.38333333333333336 0.558533653125 0.4826923083333333 0.6219951921875 0.4826923083333333 0.6219951921875 0.38333333333333336
2 0.6895432687499999 0.344391025 0.6032451921875001 0.344391025 0.6032451921875001 0.42868589791666667 0.6895432687499999 0.42868589791666667 0.6895432687499999 0.344391025