4 0.7880290999999999 0.32366071406249997 0.7027116395833333 0.32366071406249997 0.7027116395833333 0.4169146828125 0.7880290999999999 0.4169146828125 0.7880290999999999 0.32366071406249997
5 0.6926256604166666 0.2765376984375 0.6288029104166667 0.2765376984375 0.6288029104166667 0.3529265875 0.6926256604166666 0.3529265875 0.6926256604166666 0.2765376984375
4 0.83779761875 0.4820188484375 0.7888558208333334 0.4820188484375 0.7888558208333334 0.52294146875 0.83779761875 0.52294146875 0.83779761875 0.4820188484375
4 0.8268849208333333 0.5275297625 0.8050595229166666 0.5275297625 0.8050595229166666 0.5486111109375 0.8268849208333333 0.5486111109375 0.8268849208333333 0.5275297625
3 0.999338625 0.892733134375 0.9573412708333334 0.892733134375 0.9573412708333334 0.9765625 0.999338625 0.9765625 0.999338625 0.892733134375
4 0.7675264541666666 0.5349702375 0.7152777770833333 0.5349702375 0.7152777770833333 0.5917658734375 0.7675264541666666 0.5917658734375 0.7675264541666666 0.5349702375
4 0.7152777770833333 0.5063244046875 0.6583994708333333 0.5063244046875 0.6583994708333333 0.552207340625 0.7152777770833333 0.552207340625 0.7152777770833333 0.5063244046875
4 0.7071759249999999 0.45262896875 0.6595568791666667 0.45262896875 0.6595568791666667 0.5195932546875001 0.7071759249999999 0.5195932546875001 0.7071759249999999 0.45262896875
5 0.6565806875 0.4232390875 0.5467923270833333 0.4232390875 0.5467923270833333 0.526165675 0.6565806875 0.526165675 0.6565806875 0.4232390875
4 0.5849867729166667 0.5146329359374999 0.4904100520833333 0.5146329359374999 0.4904100520833333 0.6019345234375 0.5849867729166667 0.6019345234375 0.5849867729166667 0.5146329359374999
4 0.5021494708333333 0.38963293593750004 0.39699074166666665 0.38963293593750004 0.39699074166666665 0.48784722187499996 0.5021494708333333 0.48784722187499996 0.5021494708333333 0.38963293593750004
4 0.468088625 0.6630704359374999 0.4022817458333333 0.6630704359374999 0.4022817458333333 0.730034721875 0.468088625 0.730034721875 0.468088625 0.6630704359374999
4 0.42179232708333336 0.5138888890625 0.3295304229166666 0.5138888890625 0.3295304229166666 0.606398809375 0.42179232708333336 0.606398809375 0.42179232708333336 0.5138888890625
4 0.36706349166666663 0.6116071421875 0.29298941875 0.6116071421875 0.29298941875 0.687748015625 0.36706349166666663 0.687748015625 0.36706349166666663 0.6116071421875
4 0.35830026458333336 0.7027529765625 0.33845899375 0.7027529765625 0.33845899375 0.7243303578125 0.35830026458333336 0.7243303578125 0.35830026458333336 0.7027529765625
3 0.7847222229166667 0.564112103125 0.7427248687500001 0.564112103125 0.7427248687500001 0.6015625 0.7847222229166667 0.6015625 0.7847222229166667 0.564112103125