4 0.7157051291666666 0.38701923125 0.5038461541666667 0.38701923125 0.5038461541666667 0.5240384609375 0.7157051291666666 0.5240384609375 0.7157051291666666 0.38701923125
4 0.44198717916666663 0.31742788437499997 0.2836538458333333 0.31742788437499997 0.2836538458333333 0.436658653125 0.44198717916666663 0.436658653125 0.44198717916666663 0.31742788437499997
4 0.4733974354166667 0.46454326874999996 0.2858974354166667 0.46454326874999996 0.2858974354166667 0.58954326875 0.4733974354166667 0.58954326875 0.4733974354166667 0.46454326874999996
4 0.3663461541666667 0.5769230765625 0.21378205208333334 0.5769230765625 0.21378205208333334 0.68389423125 0.3663461541666667 0.68389423125 0.3663461541666667 0.5769230765625
4 0.026762820833333333 0.47896634687499995 0.0011217958333333334 0.47896634687499995 0.0011217958333333334 0.5275240390625 0.026762820833333333 0.5275240390625 0.026762820833333333 0.47896634687499995
4 0.024358975 0.5229567312500001 0.0009615375 0.5229567312500001 0.0009615375 0.5681490390625 0.024358975 0.5681490390625 0.024358975 0.5229567312500001
4 0.05016025625 0.544591346875 0.00016025625 0.544591346875 0.00016025625 0.58858173125 0.05016025625 0.58858173125 0.05016025625 0.544591346875
4 0.03381410208333333 0.5813701921875001 0.00048076875 0.5813701921875001 0.00048076875 0.6193509609375 0.03381410208333333 0.6193509609375 0.03381410208333333 0.5813701921875001
4 0.74326923125 0.513822115625 0.5416666666666666 0.513822115625 0.5416666666666666 0.66141826875 0.74326923125 0.66141826875 0.74326923125 0.513822115625
4 0.6488782041666667 0.638822115625 0.4767628208333334 0.638822115625 0.4767628208333334 0.7799278843749999 0.6488782041666667 0.7799278843749999 0.6488782041666667 0.638822115625
4 0.4600961541666667 0.672115384375 0.30272435833333333 0.672115384375 0.30272435833333333 0.7875 0.4600961541666667 0.7875 0.4600961541666667 0.672115384375
4 0.56794871875 0.738341346875 0.4025641020833334 0.738341346875 0.4025641020833334 0.8563701921875 0.56794871875 0.8563701921875 0.56794871875 0.738341346875