5 0.5729166666666666 0.0014423078125 0.4344551291666667 0.0014423078125 0.4344551291666667 0.06947115312499999 0.5729166666666666 0.06947115312499999 0.5729166666666666 0.0014423078125
4 0.62516025625 0 0.62516025625 0.090865384375 0.73669871875 0.090865384375 0.73669871875 0 0.62516025625 0
4 0.6512820520833333 0.062259615625 0.5474358979166667 0.062259615625 0.5474358979166667 0.14735576875 0.6512820520833333 0.14735576875 0.6512820520833333 0.062259615625
4 0.7118589750000001 0.0881009609375 0.6137820520833334 0.0881009609375 0.6137820520833334 0.17079326875 0.7118589750000001 0.17079326875 0.7118589750000001 0.0881009609375
4 0.7381410249999999 0.188822115625 0.65673076875 0.188822115625 0.65673076875 0.25108173125 0.7381410249999999 0.25108173125 0.7381410249999999 0.188822115625
3 0.6653846145833333 0.183052884375 0.51794871875 0.183052884375 0.51794871875 0.3277644234375 0.6653846145833333 0.3277644234375 0.6653846145833333 0.183052884375
4 0.7043269229166668 0.2775240390625 0.6459935895833334 0.2775240390625 0.6459935895833334 0.32704326875 0.7043269229166668 0.32704326875 0.7043269229166668 0.2775240390625
5 0.44567307708333337 0.32920673125 0.29823717916666664 0.32920673125 0.29823717916666664 0.44242788437499997 0.44567307708333337 0.44242788437499997 0.44567307708333337 0.32920673125
4 0.4147435895833333 0.4090144234375 0.2602564104166667 0.4090144234375 0.2602564104166667 0.533533653125 0.4147435895833333 0.533533653125 0.4147435895833333 0.4090144234375
4 0.39951923125 0.5032451921875001 0.26586538541666666 0.5032451921875001 0.26586538541666666 0.5753605765625001 0.39951923125 0.5753605765625001 0.39951923125 0.5032451921875001
3 0.3052884625 0.54951923125 0.19086538541666667 0.54951923125 0.19086538541666667 0.6360576921875001 0.3052884625 0.6360576921875001 0.3052884625 0.54951923125
5 0.20817307708333335 0.5484375 0.12003205208333334 0.5484375 0.12003205208333334 0.6193509609375 0.20817307708333335 0.6193509609375 0.20817307708333335 0.5484375
5 0.23605769166666668 0.6087740390625 0.13125 0.6087740390625 0.13125 0.6873798078125 0.23605769166666668 0.6873798078125 0.23605769166666668 0.6087740390625
4 0.30432692291666663 0.6998798078124999 0.24054487083333334 0.6998798078124999 0.24054487083333334 0.76454326875 0.30432692291666663 0.76454326875 0.30432692291666663 0.6998798078124999
4 0.438141025 0.5772836531250001 0.2977564104166667 0.5772836531250001 0.2977564104166667 0.689302884375 0.438141025 0.689302884375 0.438141025 0.5772836531250001
4 0.46330128125 0.571875 0.36875 0.571875 0.36875 0.6504807687499999 0.46330128125 0.6504807687499999 0.46330128125 0.571875
4 0.48092948750000003 0.676802884375 0.36618589791666667 0.676802884375 0.36618589791666667 0.7777644234375 0.48092948750000003 0.7777644234375 0.48092948750000003 0.676802884375
4 0.49423076875 0.7109375 0.40192307708333336 0.7109375 0.40192307708333336 0.7849759609375 0.49423076875 0.7849759609375 0.49423076875 0.7109375
4 0.5083333333333333 0.7712740390625 0.46282051249999995 0.7712740390625 0.46282051249999995 0.80733173125 0.5083333333333333 0.80733173125 0.5083333333333333 0.7712740390625
4 0.5357371791666666 0.6167067312500001 0.43701923125 0.6167067312500001 0.43701923125 0.7037259609375 0.5357371791666666 0.7037259609375 0.5357371791666666 0.6167067312500001
4 0.6293269229166667 0.59891826875 0.5097756416666667 0.59891826875 0.5097756416666667 0.697716346875 0.6293269229166667 0.697716346875 0.6293269229166667 0.59891826875
5 0.7022435895833333 0.5867788468749999 0.5983974354166667 0.5867788468749999 0.5983974354166667 0.6567307687499999 0.7022435895833333 0.6567307687499999 0.7022435895833333 0.5867788468749999
4 0.6389423083333334 0.6699519234375 0.5847756416666667 0.6699519234375 0.5847756416666667 0.7079326921875 0.6389423083333334 0.7079326921875 0.6389423083333334 0.6699519234375
4 0.6815705125 0.658052884375 0.6277243583333333 0.658052884375 0.6277243583333333 0.7200721156250001 0.6815705125 0.7200721156250001 0.6815705125 0.658052884375
5 0.7802884625 0.6463942312500001 0.6738782041666667 0.6463942312500001 0.6738782041666667 0.7290865390625 0.7802884625 0.7290865390625 0.7802884625 0.6463942312500001
5 0.8269230770833332 0.572716346875 0.7211538458333333 0.572716346875 0.7211538458333333 0.658533653125 0.8269230770833332 0.658533653125 0.8269230770833332 0.572716346875
4 0.7302884625 0.4900240390625 0.58733974375 0.4900240390625 0.58733974375 0.5962740390625 0.7302884625 0.5962740390625 0.7302884625 0.4900240390625
4 0.6080128208333334 0.5171875 0.49423076875 0.5171875 0.49423076875 0.6015625 0.6080128208333334 0.6015625 0.6080128208333334 0.5171875