3 0.6358992020833334 1 0.6412805916666666 0.76877528125 0.34898640625 0.764948771875 0.3435618520833333 0.9980281859375 0.4941820979166666 1 0.6358992020833334 1
3 0.6619923520833333 0.61529316875 0.4335325291666667 0.6123023328125 0.42949783333333336 0.785663021875 0.65795765625 0.7886538578125 0.6619923520833333 0.61529316875
5 0.81164566875 0.56041403125 0.600992275 0.5576563046875 0.5975381520833333 0.706071196875 0.8081915479166667 0.7088289234375 0.81164566875 0.56041403125
3 0.4897101541666667 0.48726256718750005 0.30660632499999996 0.4848655 0.3033515916666667 0.6247131484375 0.4864554208333333 0.6271102156249999 0.4897101541666667 0.48726256718750005
3 0.4241718395833333 0.3574786984375 0.21351844375 0.354720971875 0.20995290000000003 0.5079234421875001 0.42060629374999997 0.5106811687499999 0.4241718395833333 0.3574786984375
3 0.60879973125 0.3882518515625 0.42569590208333336 0.385854784375 0.42240011875 0.5274662765625 0.6055039479166666 0.52986334375 0.60879973125 0.3882518515625
3 0.79613441875 0.281060590625 0.5683465375 0.2780785515625 0.5645874666666667 0.43959628593750005 0.7923753479166666 0.44257832500000005 0.79613441875 0.281060590625
5 0.5917768770833334 0.2604894140625 0.44831754583333333 0.25861134531249996 0.44531498125 0.38762395 0.5887743125 0.38950201875 0.5917768770833334 0.2604894140625
4 0.42688441041666664 0.168725375 0.2884646375 0.16691328125 0.2855910895833333 0.2903823765625 0.42401086250000003 0.2921944703125 0.42688441041666664 0.168725375
4 0.56634303125 0.1331209734375 0.37551188541666664 0.130622746875 0.371940475 0.28407719375 0.5627716208333333 0.28657542187499996 0.56634303125 0.1331209734375
4 0.7090295833333333 0.20430391874999998 0.546083975 0.20217075 0.54326320625 0.3233720453125 0.7062088145833333 0.3255052140625 0.7090295833333333 0.20430391874999998
4 0.7378047187500001 0.1014642984375 0.5762029895833333 0.099348721875 0.5733998145833333 0.219794084375 0.7350015416666668 0.22190965937499998 0.7378047187500001 0.1014642984375
4 0.4770628041666667 0.07763443125 0.35208184374999996 0.07599826875 0.34992375000000003 0.1687260796875 0.4749047125 0.1703622421875 0.4770628041666667 0.07763443125
4 0.5853847625 0.087496334375 0.46443544583333335 0.08591295 0.4622538958333333 0.179648671875 0.5832032125000001 0.1812320546875 0.5853847625 0.087496334375