5 0.38359788333333333 0.273189484375 0.21428571458333331 0.273189484375 0.21428571458333331 0.4063740078125 0.38359788333333333 0.4063740078125 0.38359788333333333 0.273189484375
5 0.40839947083333333 0.3883928578125 0.28174603125 0.3883928578125 0.28174603125 0.486855159375 0.40839947083333333 0.486855159375 0.40839947083333333 0.3883928578125
4 0.48826058125 0.5171130953125 0.43005952291666666 0.5171130953125 0.43005952291666666 0.6014384921875 0.48826058125 0.6014384921875 0.48826058125 0.5171130953125
4 0.4573412708333333 0.5114087296875 0.325396825 0.5114087296875 0.325396825 0.6173115078125 0.4573412708333333 0.6173115078125 0.4573412708333333 0.5114087296875
4 0.5342261895833332 0.607266865625 0.44031084583333335 0.607266865625 0.44031084583333335 0.6749751984375 0.5342261895833332 0.6749751984375 0.5342261895833332 0.607266865625
4 0.5342261895833332 0.637648809375 0.41550925833333335 0.637648809375 0.41550925833333335 0.7366071421875 0.5342261895833332 0.7366071421875 0.5342261895833332 0.637648809375
4 0.5653108458333332 0.7198660718750001 0.46345899375 0.7198660718750001 0.46345899375 0.8024553578125 0.5653108458333332 0.8024553578125 0.5653108458333332 0.7198660718750001
4 0.5543981479166666 0.796130953125 0.4674272479166667 0.796130953125 0.4674272479166667 0.86532738125 0.5543981479166666 0.86532738125 0.5543981479166666 0.796130953125
4 0.4861111104166667 0.78311011875 0.4371693125 0.78311011875 0.4371693125 0.8408978171875001 0.4861111104166667 0.8408978171875001 0.4861111104166667 0.78311011875
5 0.76240079375 0.5631200390625 0.6956018520833334 0.5631200390625 0.6956018520833334 0.6067708328125 0.76240079375 0.6067708328125 0.76240079375 0.5631200390625
3 0.7716600520833333 0.5089285718750001 0.71345899375 0.5089285718750001 0.71345899375 0.550347221875 0.7716600520833333 0.550347221875 0.7716600520833333 0.5089285718750001
5 0.6846891541666668 0.5130208328125 0.6235119041666667 0.5130208328125 0.6235119041666667 0.557167659375 0.6846891541666668 0.557167659375 0.6846891541666668 0.5130208328125
4 0.6537698416666667 0.5577876984375 0.5985449729166666 0.5577876984375 0.5985449729166666 0.5979662703125 0.6537698416666667 0.5979662703125 0.6537698416666667 0.5577876984375
4 0.6273148145833333 0.6014384921875 0.575396825 0.6014384921875 0.575396825 0.639880953125 0.6273148145833333 0.639880953125 0.6273148145833333 0.6014384921875
4 0.7367724875 0.61904761875 0.674603175 0.61904761875 0.674603175 0.6545138890625 0.7367724875 0.6545138890625 0.7367724875 0.61904761875
4 0.7205687833333333 0.6586061515625 0.66931216875 0.6586061515625 0.66931216875 0.6930803578125 0.7205687833333333 0.6930803578125 0.7205687833333333 0.6586061515625
5 0.6987433854166666 0.4898313484375 0.6405423270833333 0.4898313484375 0.6405423270833333 0.5270337296875 0.6987433854166666 0.5270337296875 0.6987433854166666 0.4898313484375