3 0.5171474354166666 0.23581730781250002 0.35753205208333333 0.23581730781250002 0.35753205208333333 0.36370192343749996 0.5171474354166666 0.36370192343749996 0.5171474354166666 0.23581730781250002
4 0.09663461458333332 0.3271634609375 0.0011217958333333334 0.3271634609375 0.0011217958333333334 0.39735576875 0.09663461458333332 0.39735576875 0.09663461458333332 0.3271634609375
5 0.5834935895833334 0.3813701921875 0.44887820416666663 0.3813701921875 0.44887820416666663 0.485697115625 0.5834935895833334 0.485697115625 0.5834935895833334 0.3813701921875
4 0.043108975 0.3969951921875 0.00048076875 0.3969951921875 0.00048076875 0.4537259609375 0.043108975 0.4537259609375 0.043108975 0.3969951921875
5 0.4083333333333333 0.3947115390625 0.2323717958333333 0.3947115390625 0.2323717958333333 0.5262019234374999 0.4083333333333333 0.5262019234374999 0.4083333333333333 0.3947115390625
3 0.48173076875000004 0.5061298078124999 0.3878205125 0.5061298078124999 0.3878205125 0.57704326875 0.48173076875000004 0.57704326875 0.48173076875000004 0.5061298078124999
5 0.4233974354166667 0.5538461531250001 0.35641025625 0.5538461531250001 0.35641025625 0.6079326921875 0.4233974354166667 0.6079326921875 0.4233974354166667 0.5538461531250001
4 0.69423076875 0.5191105765625 0.5538461541666667 0.5191105765625 0.5538461541666667 0.6316105765625 0.69423076875 0.6316105765625 0.69423076875 0.5191105765625
4 0.5556089750000001 0.5237980765625 0.41298076875 0.5237980765625 0.41298076875 0.63701923125 0.5556089750000001 0.63701923125 0.5556089750000001 0.5237980765625
4 0.5926282041666667 0.6027644234375 0.45256410208333336 0.6027644234375 0.45256410208333336 0.7056490390625 0.5926282041666667 0.7056490390625 0.5926282041666667 0.6027644234375
4 0.6701923083333334 0.668028846875 0.5573717958333333 0.668028846875 0.5573717958333333 0.7543269234375 0.6701923083333334 0.7543269234375 0.6701923083333334 0.668028846875
4 0.45657051249999997 0.6258413468749999 0.3774038458333333 0.6258413468749999 0.3774038458333333 0.6895432687499999 0.45657051249999997 0.6895432687499999 0.45657051249999997 0.6258413468749999
4 0.5746794875 0.6956730765625 0.49358974375000003 0.6956730765625 0.49358974375000003 0.7586538468749999 0.5746794875 0.7586538468749999 0.5746794875 0.6956730765625
4 0.37788461458333333 0.6649038468749999 0.30544871875 0.6649038468749999 0.30544871875 0.72139423125 0.37788461458333333 0.72139423125 0.37788461458333333 0.6649038468749999
4 0.40977564166666663 0.7022836531250001 0.3527243583333333 0.7022836531250001 0.3527243583333333 0.7402644234375 0.40977564166666663 0.7402644234375 0.40977564166666663 0.7022836531250001
4 0.4774038458333333 0.7110576921875 0.42195512916666666 0.7110576921875 0.42195512916666666 0.75 0.4774038458333333 0.75 0.4774038458333333 0.7110576921875
4 0.42307692291666665 0.7224759609375 0.3538461541666667 0.7224759609375 0.3538461541666667 0.77704326875 0.42307692291666665 0.77704326875 0.42307692291666665 0.7224759609375
4 0.5169871791666666 0.746875 0.37756410208333335 0.746875 0.37756410208333335 0.85576923125 0.5169871791666666 0.85576923125 0.5169871791666666 0.746875
4 0.6110576916666666 0.76983173125 0.5014423083333334 0.76983173125 0.5014423083333334 0.8623798078125 0.6110576916666666 0.8623798078125 0.6110576916666666 0.76983173125