1 0.7149038458333333 0.138221153125 0.5934294875 0.138221153125 0.5934294875 0.23581730781250002 0.7149038458333333 0.23581730781250002 0.7149038458333333 0.138221153125
1 0.21346153750000002 0.41021634687499997 0.1602564104166667 0.41021634687499997 0.1602564104166667 0.45204326874999995 0.21346153750000002 0.45204326874999995 0.21346153750000002 0.41021634687499997
1 0.029967947916666668 0.42992788437499996 0.00016025625 0.42992788437499996 0.00016025625 0.503966346875 0.029967947916666668 0.503966346875 0.029967947916666668 0.42992788437499996
1 0.13653846249999999 0.37788461562500003 0.0003205125 0.37788461562500003 0.0003205125 0.46298076874999994 0.13653846249999999 0.46298076874999994 0.13653846249999999 0.37788461562500003
2 0.41746794791666664 0.4954326921875 0.344391025 0.4954326921875 0.344391025 0.5264423078125 0.41746794791666664 0.5264423078125 0.41746794791666664 0.4954326921875
1 0.45080128125 0.5068509609375 0.331891025 0.5068509609375 0.331891025 0.597716346875 0.45080128125 0.597716346875 0.45080128125 0.5068509609375
1 0.67451923125 0.4837740390625 0.5402243583333333 0.4837740390625 0.5402243583333333 0.5941105765625 0.67451923125 0.5941105765625 0.67451923125 0.4837740390625
1 0.38830128125 0.56766826875 0.28413461458333333 0.56766826875 0.28413461458333333 0.6525240390625 0.38830128125 0.6525240390625 0.38830128125 0.56766826875
2 0.5777243583333332 0.5551682687499999 0.38701923125 0.5551682687499999 0.38701923125 0.682572115625 0.5777243583333332 0.682572115625 0.5777243583333332 0.5551682687499999
1 0.11762820416666667 0.705408653125 0.03910256458333334 0.705408653125 0.03910256458333334 0.7681490390625 0.11762820416666667 0.7681490390625 0.11762820416666667 0.705408653125
2 0.0559294875 0.716346153125 0.00048076875 0.716346153125 0.00048076875 0.7862980765625001 0.0559294875 0.7862980765625001 0.0559294875 0.716346153125
2 0.43333333333333335 0.8457932687499999 0.3288461541666667 0.8457932687499999 0.3288461541666667 0.9296875 0.43333333333333335 0.9296875 0.43333333333333335 0.8457932687499999
2 0.40240384583333333 0.8787259609375001 0.2975961541666667 0.8787259609375001 0.2975961541666667 0.963341346875 0.40240384583333333 0.963341346875 0.40240384583333333 0.8787259609375001