3 0.45531293736951983 0.3850193359375 0.5953561941544885 0.3960356921875 0.6119745762004176 0.2776977296875 0.47193131941544886 0.2666813734375 0.45531293736951983 0.3850193359375
3 0.47129978705636744 0.49420180625 0.6026306743215032 0.5045328125 0.6165019373695197 0.40575684062499995 0.4851710501043841 0.395425834375 0.47129978705636744 0.49420180625
3 0.28739193736951985 0.5341856765624999 0.44970013361169103 0.54695348125 0.46855691231732777 0.41267611875 0.3062487139874739 0.399908315625 0.28739193736951985 0.5341856765624999
3 0.34913005427974947 0.5998415515625 0.48755990605427973 0.610730990625 0.5023468768267223 0.5054343546875 0.36391702296450934 0.49454491562499997 0.34913005427974947 0.5998415515625
3 0.4691433528183716 0.5769292234375001 0.5753051753653444 0.5852803328125 0.587311108559499 0.4997871921875 0.4811492860125261 0.49143608437499997 0.4691433528183716 0.5769292234375001
5 0.5223982693110647 0.6414294296875 0.6114580354906054 0.648435221875 0.6238370334029228 0.5602855156250001 0.5347772693110647 0.5532797234375 0.5223982693110647 0.6414294296875
5 0.41293411273486436 0.6775023765625 0.5384567536534447 0.687376484375 0.5527349979123173 0.5857024390625 0.42721235490605425 0.5758283328125 0.41293411273486436 0.6775023765625
4 0.4728465678496868 0.7027259390625 0.5732001440501043 0.710620146875 0.5841207954070982 0.6328552000000001 0.4837672212943633 0.624960990625 0.4728465678496868 0.7027259390625
5 0.8736467870563674 0.96402214375 0.9368921273486429 0.9689972718750001 0.9502546638830898 0.873843890625 0.8870093235908143 0.8688687625 0.8736467870563674 0.96402214375
4 0.9325383674321504 1 0.9399783987473904 0.9470202203125 0.8402701837160752 0.939176778125 0.8317286847599165 1 0.9325383674321504 1
3 0.7873593736951984 1 0.7878729791231733 0.9963426671875 0.7188193924843423 0.9909106390625 0.7175429582463466 1 0.7873593736951984 1