4 0.99983465625 0.1811755953125 0.92542989375 0.1811755953125 0.92542989375 0.40414186562500004 0.99983465625 0.40414186562500004 0.99983465625 0.1811755953125
3 0.9907407416666667 0.8059275796875 0.9262566145833334 0.8059275796875 0.9262566145833334 0.8810763890625 0.9907407416666667 0.8810763890625 0.9907407416666667 0.8059275796875
3 0.9394841270833333 0.7867063484375 0.8128306875 0.7867063484375 0.8128306875 0.8856646828124999 0.9394841270833333 0.8856646828124999 0.9394841270833333 0.7867063484375
3 0.5333994708333333 0.184523809375 0.4163359791666667 0.184523809375 0.4163359791666667 0.3365575390625 0.5333994708333333 0.3365575390625 0.5333994708333333 0.184523809375
3 0.66848545 0.29873511875 0.4651124333333333 0.29873511875 0.4651124333333333 0.460689484375 0.66848545 0.460689484375 0.66848545 0.29873511875
3 0.4479166666666667 0.2597966265625 0.24751984166666666 0.2597966265625 0.24751984166666666 0.3937251984375 0.4479166666666667 0.3937251984375 0.4479166666666667 0.2597966265625
3 0.4214616395833334 0.3888888890625 0.1800595229166667 0.3888888890625 0.1800595229166667 0.5763888890625 0.4214616395833334 0.5763888890625 0.4214616395833334 0.3888888890625
5 0.625 0.450148809375 0.3968253958333333 0.450148809375 0.3968253958333333 0.6319444437499999 0.625 0.6319444437499999 0.625 0.450148809375
5 0.5590277770833333 0.627108134375 0.3540013229166667 0.627108134375 0.3540013229166667 0.7803819437499999 0.5590277770833333 0.7803819437499999 0.5590277770833333 0.627108134375
4 0.3920304229166666 0.573040675 0.20486111041666666 0.573040675 0.20486111041666666 0.711681546875 0.3920304229166666 0.711681546875 0.3920304229166666 0.573040675
4 0.6802248687500001 0.613715278125 0.5264550270833334 0.613715278125 0.5264550270833334 0.7441716265625 0.6802248687500001 0.7441716265625 0.6802248687500001 0.613715278125
4 0.6180555562500001 0.7528521828125 0.462632275 0.7528521828125 0.462632275 0.8634672625 0.6180555562500001 0.8634672625 0.6180555562500001 0.7528521828125
4 0.40294312083333333 0.7302827375 0.23363095208333334 0.7302827375 0.23363095208333334 0.8629712296875001 0.40294312083333333 0.8629712296875001 0.40294312083333333 0.7302827375