5 0.45608974375 0.302283653125 0.3336538458333333 0.302283653125 0.3336538458333333 0.4150240390625 0.45608974375 0.4150240390625 0.45608974375 0.302283653125
4 0.6137820520833334 0.36430288437499997 0.51826923125 0.36430288437499997 0.51826923125 0.45300480781249997 0.6137820520833334 0.45300480781249997 0.6137820520833334 0.36430288437499997
4 0.5089743583333334 0.44362980781249994 0.42051282083333336 0.44362980781249994 0.42051282083333336 0.5248798078125 0.5089743583333334 0.5248798078125 0.5089743583333334 0.44362980781249994
4 0.4083333333333333 0.361658653125 0.3108974354166667 0.361658653125 0.3108974354166667 0.43762019218750003 0.4083333333333333 0.43762019218750003 0.4083333333333333 0.361658653125
4 0.41105769166666667 0.41141826875 0.33701923125 0.41141826875 0.33701923125 0.46382211562500003 0.41105769166666667 0.46382211562500003 0.41105769166666667 0.41141826875
4 0.40240384583333333 0.4512019234375 0.33253205208333336 0.4512019234375 0.33253205208333336 0.510096153125 0.40240384583333333 0.510096153125 0.40240384583333333 0.4512019234375
4 0.5488782041666667 0.488822115625 0.48413461458333334 0.488822115625 0.48413461458333334 0.5498798078125 0.5488782041666667 0.5498798078125 0.5488782041666667 0.488822115625
4 0.6815705125 0.48725961562500003 0.5402243583333333 0.48725961562500003 0.5402243583333333 0.583653846875 0.6815705125 0.583653846875 0.6815705125 0.48725961562500003
4 0.7650641020833333 0.48004807656250004 0.6608974354166667 0.48004807656250004 0.6608974354166667 0.565865384375 0.7650641020833333 0.565865384375 0.7650641020833333 0.48004807656250004
4 0.8051282041666667 0.52860576875 0.6708333333333333 0.52860576875 0.6708333333333333 0.618990384375 0.8051282041666667 0.618990384375 0.8051282041666667 0.52860576875
4 0.7488782041666667 0.603365384375 0.6431089750000001 0.603365384375 0.6431089750000001 0.674759615625 0.7488782041666667 0.674759615625 0.7488782041666667 0.603365384375
4 0.75544871875 0.6558894234375 0.6826923083333334 0.6558894234375 0.6826923083333334 0.698677884375 0.75544871875 0.698677884375 0.75544871875 0.6558894234375
4 0.755608975 0.7512019234375 0.6536858979166666 0.7512019234375 0.6536858979166666 0.8230769234374999 0.755608975 0.8230769234374999 0.755608975 0.7512019234375
4 0.8115384625 0.6717548078125 0.7291666666666666 0.6717548078125 0.7291666666666666 0.73858173125 0.8115384625 0.73858173125 0.8115384625 0.6717548078125
4 0.8653846145833334 0.595552884375 0.7605769229166667 0.595552884375 0.7605769229166667 0.674158653125 0.8653846145833334 0.674158653125 0.8653846145833334 0.595552884375
4 0.506891025 0.42572115312500003 0.4283653854166667 0.42572115312500003 0.4283653854166667 0.46490384687499997 0.506891025 0.46490384687499997 0.506891025 0.42572115312500003
3 0.7549679479166667 0.3891826921875 0.62580128125 0.3891826921875 0.62580128125 0.4762019234375 0.7549679479166667 0.4762019234375 0.7549679479166667 0.3891826921875
3 0.83701923125 0.43365384687499997 0.7828525645833333 0.43365384687499997 0.7828525645833333 0.4769230765625 0.83701923125 0.4769230765625 0.83701923125 0.43365384687499997
3 0.9266025645833333 0.40637019218750003 0.8653846145833334 0.40637019218750003 0.8653846145833334 0.4474759609375 0.9266025645833333 0.4474759609375 0.9266025645833333 0.40637019218750003
3 0.8836538458333333 0.44134615312500003 0.8426282041666667 0.44134615312500003 0.8426282041666667 0.48605769218750006 0.8836538458333333 0.48605769218750006 0.8836538458333333 0.44134615312500003
3 0.8597756416666668 0.47139423125 0.8097756416666667 0.47139423125 0.8097756416666667 0.510096153125 0.8597756416666668 0.510096153125 0.8597756416666668 0.47139423125
4 0.9645833333333333 0.1579326921875 0.9174679479166666 0.1579326921875 0.9174679479166666 0.20024038437499997 0.9645833333333333 0.20024038437499997 0.9645833333333333 0.1579326921875
4 0.9786858979166666 0.20625 0.93733974375 0.20625 0.93733974375 0.2396634609375 0.9786858979166666 0.2396634609375 0.9786858979166666 0.20625
4 0.8881410249999999 0.1540865390625 0.8461538458333333 0.1540865390625 0.8461538458333333 0.190625 0.8881410249999999 0.190625 0.8881410249999999 0.1540865390625
5 0.9990384625 0.11995192343750001 0.9535256416666668 0.11995192343750001 0.9535256416666668 0.171153846875 0.9990384625 0.171153846875 0.9990384625 0.11995192343750001
3 0.30432692291666663 0.29230769218749997 0.26426282083333336 0.29230769218749997 0.26426282083333336 0.3262019234375 0.30432692291666663 0.3262019234375 0.30432692291666663 0.29230769218749997
3 0.2844551291666667 0.272716346875 0.24054487083333334 0.272716346875 0.24054487083333334 0.3056490390625 0.2844551291666667 0.3056490390625 0.2844551291666667 0.272716346875
4 0.6219551291666666 0.588341346875 0.5713141020833333 0.588341346875 0.5713141020833333 0.6215144234375 0.6219551291666666 0.6215144234375 0.6219551291666666 0.588341346875
4 0.6149038458333334 0.5709134609375 0.5543269229166667 0.5709134609375 0.5543269229166667 0.6009615390625 0.6149038458333334 0.6009615390625 0.6149038458333334 0.5709134609375