5 0.4522702317327766 0.305837478125 0.3217850041753654 0.3126665328125 0.3329874947807933 0.432568515625 0.4634727223382046 0.4257394609375 0.4522702317327766 0.305837478125
4 0.6264923048016702 0.3630008140625 0.5247001649269311 0.3683281921875 0.5335140626304802 0.46266472031249994 0.6353062045929019 0.4573373421875 0.6264923048016702 0.3630008140625
4 0.5226765657620042 0.4532126296875 0.42839928183716075 0.4581467109375 0.4364727181628393 0.54455795 0.5307500020876826 0.5396238671875 0.5226765657620042 0.4532126296875
4 0.40727398121085595 0.371647840625 0.30343233402922754 0.37708248125 0.31098027974947806 0.4578693171875 0.4148219269311065 0.4524346765625 0.40727398121085595 0.371647840625
4 0.41512183089770355 0.42441637656250003 0.3362158413361169 0.4285459875 0.34142296868475996 0.4842786796875 0.42032895824634653 0.48014906875 0.41512183089770355 0.42441637656250003
4 0.40985216910229644 0.46720988593749996 0.33538677870563677 0.47110709531249995 0.3412388267223382 0.5337424609375 0.4157042171189979 0.5298452515625 0.40985216910229644 0.46720988593749996
4 0.569694369519833 0.49904998437500003 0.5006943277661795 0.5026611609375 0.5067613486430063 0.5675974171875 0.5757613903966597 0.563986240625 0.569694369519833 0.49904998437500003
4 0.7109550396659707 0.4899871078125 0.5603163340292275 0.4978709125 0.5698945824634656 0.6003883859375 0.7205332860125261 0.5925045812499999 0.7109550396659707 0.4899871078125
4 0.7992211899791232 0.477660484375 0.6882062693110647 0.48347054375000004 0.6967335386221294 0.57473921875 0.8077484572025052 0.568929159375 0.7992211899791232 0.477660484375
4 0.8467441878914405 0.527068065625 0.7036203382045928 0.5345585734375 0.7126014384133612 0.630684684375 0.8557252881002088 0.6231941765625 0.8467441878914405 0.527068065625
4 0.7942246471816284 0.6097140624999999 0.6815018079331941 0.6156135078125 0.6885959206680584 0.6915429078125 0.8013187620041753 0.6856434625000001 0.7942246471816284 0.6097140624999999
4 0.8064461983298539 0.6652081 0.7289065469728601 0.6692662046875 0.7331582379958246 0.7147727125000001 0.8106978893528184 0.710714609375 0.8064461983298539 0.6652081
4 0.8160877536534447 0.7665661906250001 0.7074639248434238 0.7722511109375 0.7146058100208768 0.8486918203125 0.8232296388308977 0.8430069 0.8160877536534447 0.7665661906250001
4 0.8677999331941545 0.6789528078125 0.7800127494780793 0.6835472234375 0.7866530313152401 0.7546191875 0.8744402150313152 0.7500247703125 0.8677999331941545 0.6789528078125
4 0.9176142734864301 0.594906959375 0.8059161858037579 0.6007527734375 0.8137268768267223 0.6843518125 0.9254249645093945 0.6785059984374999 0.9176142734864301 0.594906959375
4 0.5186767682672233 0.43428256718749997 0.43498859707724424 0.43866245781249996 0.438882 0.48033415 0.5225701711899792 0.4759542578125 0.5186767682672233 0.43428256718749997
3 0.7794324091858037 0.38158619374999997 0.641773910229645 0.3887906671875 0.6504206096033402 0.48133761562500005 0.7880791085594989 0.47413314062499995 0.7794324091858037 0.38158619374999997
3 0.8712968997912318 0.4243057453125 0.8135691419624217 0.42732697656249996 0.8178686054279749 0.4733447953125 0.8755963611691023 0.47032356406250003 0.8712968997912318 0.4243057453125
3 0.9640586805845511 0.39029230312499996 0.8988160647181628 0.39370683125 0.9029005553235908 0.437423759375 0.9681431691022965 0.43400923125 0.9640586805845511 0.39029230312499996
3 0.9217617724425887 0.429885571875 0.8780389749478079 0.4321738421875 0.8824817536534446 0.4797255890625 0.9262045511482254 0.47743731875 0.9217617724425887 0.429885571875
3 0.899299478079332 0.4631742359375 0.8460123152400835 0.4659630640625 0.8498579457202505 0.507123446875 0.903145108559499 0.50433461875 0.899299478079332 0.4631742359375
4 0.9338413611691022 0.171578025 0.9703577974947808 0.16966690625 0.9661538768267224 0.1246717046875 0.9296374425887265 0.1265828234375 0.9338413611691022 0.171578025
4 0.9589368810020876 0.212396990625 0.9742750855949897 0.2115942515625 0.9709549457202505 0.17605826875 0.9556167390396659 0.1768610078125 0.9589368810020876 0.212396990625
4 0.8980002985386221 0.12412810625 0.8532527453027139 0.1264700078125 0.8568834029227558 0.1653295 0.901630956158664 0.1629875984375 0.8980002985386221 0.12412810625
3 0.2895387703549061 0.30369262343750003 0.24684072651356992 0.3059272625 0.25020863883089767 0.34197455468750004 0.2929066826722338 0.339739915625 0.2895387703549061 0.30369262343750003
3 0.26641383924843426 0.2839651578125 0.21961678079331942 0.28641432187500004 0.22288914822546974 0.3214389953125 0.2696862066805845 0.31898983125 0.26641383924843426 0.2839651578125
4 0.657464369519833 0.6008149875 0.6034940417536534 0.6036395703124999 0.6067902964509395 0.6389198984375 0.660760624217119 0.6360953140625 0.657464369519833 0.6008149875
4 0.6482177849686849 0.5826733281250001 0.5836583423799582 0.5860521015625 0.5866440793319416 0.618008921875 0.6512035240083508 0.6146301484375 0.6482177849686849 0.5826733281250001