5 0.45226710020876826 0.741623290625 0.27195551565762005 0.710467178125 0.2287564300626305 0.8505116562499999 0.40906801461377873 0.8816677687500001 0.45226710020876826 0.741623290625
5 0.4747485845511482 0.8268612515625 0.31295957411273484 0.7989056609375 0.2770039707724426 0.9154679343750001 0.43879298121085597 0.9434235234375 0.4747485845511482 0.8268612515625
4 0.3454865720250522 0.6611891171875001 0.1999520668058455 0.63604215 0.16696367432150314 0.7429852046875001 0.3124981816283925 0.7681321718749999 0.3454865720250522 0.6611891171875001
4 0.4673524425887265 0.6765844140625 0.340340509394572 0.6546379703125 0.3135483486430063 0.7414938375 0.4405602839248434 0.7634402828125 0.4673524425887265 0.6765844140625
4 0.436218866388309 0.6013243671875 0.3662867014613779 0.589240759375 0.3512761106471816 0.6379026796875 0.4212082755741128 0.6499862875 0.436218866388309 0.6013243671875
4 0.33801762421711895 0.5117936921874999 0.21100569311064718 0.48984724843749994 0.18220630271398747 0.583210234375 0.30921823590814196 0.605156678125 0.33801762421711895 0.5117936921874999
4 0.27896952400835073 0.43022029531249995 0.17955244467640918 0.41304197656249997 0.15677474530271399 0.48688361249999995 0.25619182463465556 0.5040619296875 0.27896952400835073 0.43022029531249995
4 0.18055922129436325 0.38460815937500004 0.05241325260960334 0.36246576406250003 0.02544655114822547 0.44988746874999996 0.15359251983298539 0.47202986406249997 0.18055922129436325 0.38460815937500004
4 0.05498458455114823 0.379299940625 0.025643787056367433 0.37423013125 0.012727697286012528 0.41610201562500004 0.04206849478079332 0.4211718234375 0.05498458455114823 0.379299940625
4 0.12153348434237997 0.3565292140625 0.06520974112734865 0.3467970125 0.0543881503131524 0.38187886249999997 0.11071189561586638 0.3916110640625 0.12153348434237997 0.3565292140625
4 0.45918630062630483 0.5217045625 0.34653881210855947 0.50224015625 0.31948483924843424 0.5899447796875 0.43213232776617955 0.6094091859375 0.45918630062630483 0.5217045625
4 0.45498344676409186 0.413997171875 0.36048051983298535 0.39766797343750004 0.3379646325678497 0.47066085312499994 0.43246755949895616 0.48699005156249997 0.45498344676409186 0.413997171875
4 0.5359009269311065 0.36078045312499996 0.44177601252609605 0.3445165703125 0.4196092087682672 0.41637777812500004 0.5137341231732776 0.4326416609375 0.5359009269311065 0.36078045312499996
4 0.5814278747390397 0.43971952812500004 0.4699144217118998 0.42045107187499997 0.44591492901878915 0.498253559375 0.5574283841336117 0.517522015625 0.5814278747390397 0.43971952812500004
4 0.5892883277661796 0.597526534375 0.4724827077244259 0.57734364375 0.4453414655532359 0.6653311859375 0.5621470835073069 0.6855140765625001 0.5892883277661796 0.597526534375
4 0.5443202442588727 0.6994196390625 0.4551094822546973 0.6840048750000001 0.42988819832985387 0.765768215625 0.5190989603340292 0.78118298125 0.5443202442588727 0.6994196390625
4 0.5556796805845512 0.66517571875 0.4978438872651357 0.6551822484375001 0.48964042588726514 0.681776553125 0.5474762171189979 0.6917700234375 0.5556796805845512 0.66517571875
5 0.6958317098121085 0.8297495671874999 0.5748679645093946 0.8088481906249999 0.544061344467641 0.9087182921875 0.6650250897703549 0.9296196671875 0.6958317098121085 0.8297495671874999
5 0.6535455720250523 0.762247390625 0.5374959770354907 0.7421951328125 0.5104420041753653 0.8298997546875 0.6264915991649269 0.8499520125 0.6535455720250523 0.762247390625
5 0.725232394572025 0.695068796875 0.5963304029227557 0.67279576875 0.5677928267223382 0.76531 0.6966948162839248 0.787583028125 0.725232394572025 0.695068796875
4 0.8264856910229644 0.5623735515625 0.7055219457202505 0.5414721765625 0.6779443486430062 0.63087430625 0.7989080939457203 0.65177568125 0.8264856910229644 0.5623735515625
4 0.8217102192066806 0.7308110937500001 0.7064166492693111 0.7108894703125 0.6764827369519834 0.807930390625 0.7917763068893529 0.8278520140625 0.8217102192066806 0.7308110937500001
4 0.9177224008350731 0.6538297984375 0.8115011106471816 0.635475778125 0.7873270772442589 0.7138441015625 0.8935483674321503 0.732198121875 0.9177224008350731 0.6538297984375
4 1 0.4955059046875 0.9862077974947807 0.49312274375 0.9784406889352818 0.5183024578125 1 0.5220277 1 0.4955059046875