1 0.2995438458333333 0.1577362578125 0.18962890833333335 0.1490718640625 0.17437148958333332 0.257945334375 0.28428642916666663 0.266609728125 0.2995438458333333 0.1577362578125
1 0.3529905166666667 0.195968490625 0.20173730625 0.1840454765625 0.1852336979166667 0.3018114828125 0.33648690833333333 0.313734496875 0.3529905166666667 0.195968490625
1 0.40821409166666667 0.2226770921875 0.29669689375 0.2138863953125 0.28100162708333337 0.3258842703125 0.3925188229166666 0.3346749671875 0.40821409166666667 0.2226770921875
1 0.8539749604166667 0.2773766078125 0.6774060645833334 0.2634580046875 0.6586795229166668 0.3970863703125 0.8352484166666667 0.4110049734375 0.8539749604166667 0.2773766078125
1 0.7043413791666667 0.3082266765625 0.53866784375 0.2951669328125 0.5220631916666666 0.41365395468750005 0.6877367291666666 0.426713696875 0.7043413791666667 0.3082266765625
1 0.5619615979166667 0.6283251625 0.40077438541666666 0.6156190671874999 0.38369820208333333 0.7374708328125 0.5448854166666667 0.7501769265625 0.5619615979166667 0.6283251625
1 0.6792984145833334 0.6418270015624999 0.5591290208333334 0.6323542671875 0.5457914104166667 0.727528425 0.6659608041666666 0.737001159375 0.6792984145833334 0.6418270015624999
1 0.5967485104166667 0.716479665625 0.48619266875 0.70776475 0.47383180208333336 0.795969084375 0.5843876437500001 0.804684 0.5967485104166667 0.716479665625
2 0.4852531291666667 0.8520289968749999 0.38975852083333334 0.8445013296875 0.3784754416666667 0.9250148234375001 0.47397005000000003 0.9325424890624999 0.4852531291666667 0.8520289968749999
1 0.5242294354166667 0.8917934890625 0.4421937958333333 0.8853267703125001 0.43235899375000003 0.9555056953125 0.5143946333333334 0.9619724156249999 0.5242294354166667 0.8917934890625
1 0.2513639916666667 0.5847663062499999 0.20778255833333334 0.5813308625 0.19919394791666667 0.642617253125 0.24277537916666667 0.6460526984375 0.2513639916666667 0.5847663062499999
1 0.2684514416666667 0.63738496875 0.19058167499999998 0.6312466359375 0.18145416875 0.6963784468750001 0.25932393541666665 0.7025167796875 0.2684514416666667 0.63738496875
1 0.29145950625 0.653535284375 0.25428710625 0.6506050531249999 0.24876345000000002 0.6900206140625 0.28593585000000005 0.692950846875 0.29145950625 0.653535284375
1 0.2709819041666667 0.680594340625 0.19503484791666667 0.674607571875 0.18961223333333335 0.713302115625 0.2655592895833333 0.7192888843749999 0.2709819041666667 0.680594340625
1 0.10246844166666666 0.556019578125 0.05600294166666667 0.5523567875000001 0.052702220833333334 0.5759099890625 0.09916771875 0.5795727796875 0.10246844166666666 0.556019578125
1 0.12723850625 0.5700003484375 0.09679559375 0.5676005890625 0.09369695625 0.589711759375 0.12413986875 0.5921115171875 0.12723850625 0.5700003484375
2 0.09843298541666666 0.5744119921874999 0.058696972916666666 0.571279675 0.05600250625 0.5905067765625 0.09573851875 0.59363909375 0.09843298541666666 0.5744119921874999
2 0.11257515624999999 0.53591880625 0.08982308541666667 0.5341253015625 0.08564666250000001 0.5639273109375 0.10839873333333333 0.565720815625 0.11257515624999999 0.53591880625
1 0.10465276458333334 0.43639582812500005 0.056905460416666664 0.4326319953125 0.0511460375 0.4737299265625 0.09889334166666666 0.477493759375 0.10465276458333334 0.43639582812500005
1 0.07631476458333333 0.2975994875 0.028887910416666666 0.293860915625 0.02437467916666667 0.32606631406250003 0.07180153333333333 0.3298048859375 0.07631476458333333 0.2975994875
1 0.1218338125 0.29183241249999997 0.06543431250000001 0.28738654218750004 0.06169573958333333 0.314064146875 0.11809523958333333 0.3185100171875 0.1218338125 0.29183241249999997