4 0 0.9366175906249999 0.06819455949895616 0.9465386390624999 0.0743545490605428 0.9228203531249999 0 0.912003140625 0 0.9366175906249999
4 0.1047561356993737 0.8547604640625 0.028953964509394574 0.8437326484375 0.013105144050104385 0.9047565828125 0.08890731524008351 0.9157843968750001 0.1047561356993737 0.8547604640625
4 0.11693660542797495 0.8320417375 0.050689329853862215 0.8224039828124999 0.0418981878914405 0.8562531953124999 0.10814546346555323 0.86589095 0.11693660542797495 0.8320417375
4 0.1434084112734864 0.796930321875 0.08225707724425887 0.7880339328125 0.06944182254697286 0.837377503125 0.13059315448851774 0.8462738921874999 0.1434084112734864 0.796930321875
4 0.11656784759916493 0.7590105703125001 0.06560840501043841 0.7515969124999999 0.05471234029227558 0.7935508671875 0.10567178496868476 0.800964525 0.11656784759916493 0.7590105703125001
4 0.10440717536534447 0.7536543874999999 0.056632699373695194 0.7467040828125 0.04759391858037578 0.7815067953125 0.09536839665970773 0.7884570984375 0.10440717536534447 0.7536543874999999
4 0.08631778705636743 0.733582325 0.04268376409185804 0.72723438125 0.03352116492693111 0.7625138437500001 0.0771551878914405 0.7688617875 0.08631778705636743 0.733582325
4 0.2942227035490605 0.9473856609375 0.2862054300626305 0.9782551906249999 0.34226081837160754 0.9864102125 0.3502780918580376 0.9555406828124999 0.2942227035490605 0.9473856609375
4 0.2922580918580376 0.8868624703125001 0.232380745302714 0.8781514234375001 0.21876066597077246 0.9305938671874999 0.27863801252609605 0.9393049140624999 0.2922580918580376 0.8868624703125001
4 0.33555204384133613 0.84615846875 0.27917815866388307 0.8379571109375 0.26679626722338207 0.885632059375 0.3231701524008351 0.8938334171875001 0.33555204384133613 0.84615846875
4 0.2876018872651357 0.85452025625 0.2532042630480167 0.8495160390625 0.24497030480167015 0.881219878125 0.27936793110647185 0.8862240968749999 0.2876018872651357 0.85452025625
4 0.3239612442588726 0.8316083890625 0.279371732776618 0.8251214390625 0.27095204592901884 0.857540403125 0.3155415594989562 0.8640273531249999 0.3239612442588726 0.8316083890625
4 0.3895812150313152 0.85129751875 0.32683740083507307 0.8421694531249999 0.314455509394572 0.8898444015625 0.37719932359081415 0.8989724671875001 0.3895812150313152 0.85129751875
4 0.30274953862212944 0.8197404374999999 0.27249236743215033 0.815338578125 0.2652489624217119 0.8432284234375 0.29550613152400834 0.8476302812500001 0.30274953862212944 0.8197404374999999
4 0.37338233194154485 0.7978566171875 0.3211489018789144 0.79025761875 0.30994329227557416 0.8334034484374999 0.36217672025052194 0.841002446875 0.37338233194154485 0.7978566171875
4 0.33503408768267223 0.7877011015625001 0.2961775135699374 0.7820481874999999 0.2862100918580376 0.8204265203125001 0.32506666597077244 0.826079434375 0.33503408768267223 0.7877011015625001
4 0.31505572651356994 0.7659936296875001 0.2685552338204593 0.75922866875 0.25765917118997916 0.8011826234375 0.3041596617954071 0.807947584375 0.31505572651356994 0.7659936296875001
5 0.6684606617954071 0.6282844171875 0.5330996388308977 0.608591890625 0.5060452066805846 0.7127616546875 0.6414062317327767 0.73245418125 0.6684606617954071 0.6282844171875
3 0.6463569686847599 0.5282189125000001 0.5422086054279749 0.5130672515625 0.5211593903966597 0.5941146640625 0.6253077536534447 0.609266325 0.6463569686847599 0.5282189125000001
5 0.4893404509394572 0.479277171875 0.38391810229645096 0.46394016875000005 0.36472617118997913 0.537836340625 0.4701485198329854 0.5531733421875 0.4893404509394572 0.479277171875
4 0.5554501169102296 0.48308144375 0.4688190626304802 0.4704782265625 0.4588516409185804 0.5088565593750001 0.5454826951983298 0.5214597765625 0.5554501169102296 0.48308144375
4 0.47610353862212945 0.4042502359375 0.3808730772442589 0.390395965625 0.3618049665970772 0.46381538593749994 0.45703542588726515 0.47766965624999996 0.47610353862212945 0.4042502359375
4 0.5893875887265136 0.43322373281250004 0.4976605908141962 0.41987915156250005 0.4798925782881002 0.48829270156250004 0.5716195762004175 0.501637284375 0.5893875887265136 0.43322373281250004
4 0.5737439916492694 0.40818878906249995 0.46641066388308977 0.3925737734375 0.4455471795407098 0.4729060609375 0.5528805073068894 0.48852107499999997 0.5737439916492694 0.40818878906249995
4 0.6967302338204593 0.4545298765625 0.6113731670146139 0.4421120015625 0.5945957056367432 0.5067115546875 0.6799527724425888 0.51912943125 0.6967302338204593 0.4545298765625
4 0.6207882463465554 0.41095106406250004 0.5666438371607515 0.403074053125 0.5549429498956159 0.44812687812499996 0.6090873590814195 0.4560038890625 0.6207882463465554 0.41095106406250004
4 0.5230784655532359 0.3710084296875 0.4514167494780793 0.3605829734375 0.43742521294363257 0.41445566562499997 0.5090869290187892 0.42488112187500005 0.5230784655532359 0.3710084296875
4 0.5522429039665971 0.3738907171875 0.5111568517745303 0.36791345625 0.5019323423799582 0.40343129375000003 0.543018394572025 0.40940855468750004 0.5522429039665971 0.3738907171875
4 0.6179270501043841 0.3672430625 0.5395769060542798 0.355844565625 0.5230470814196242 0.41949062187499997 0.6013972254697286 0.43088911875 0.6179270501043841 0.3672430625
4 0.7161403173277662 0.397611071875 0.6390641607515658 0.38639791562500003 0.6240201628392484 0.4443229765625 0.7010963215031315 0.45553613281249994 0.7161403173277662 0.397611071875
4 0.6738787849686848 0.3522528453125 0.6022170688935282 0.341827390625 0.5866158872651357 0.401897825 0.6582776033402923 0.41232327968750004 0.6738787849686848 0.3522528453125
4 0.540608158663883 0.30923950625 0.44060025052192064 0.294690203125 0.4230179645093946 0.36238862968749996 0.5230258747390396 0.3769379328125 0.540608158663883 0.30923950625
4 0.420918745302714 0.2788393859375 0.3075339832985386 0.2623439984375 0.28728959290187894 0.3402925375 0.40067435490605424 0.356787925 0.420918745302714 0.2788393859375
4 0.394546611691023 0.2352980078125 0.30186412317327765 0.2218144203125 0.28682012526096035 0.2797394828125 0.37950261377870564 0.2932230703125 0.394546611691023 0.2352980078125
4 0.24589228183716075 0.20761070625000003 0.20799119415448852 0.2020967984375 0.2001906033402923 0.2321320171875 0.23809168893528182 0.23764592499999998 0.24589228183716075 0.20761070625000003
4 0.21317963674321502 0.198027684375 0.17559704801670145 0.1925601125 0.16717736116910228 0.2249790765625 0.20475994989561586 0.23044664843749998 0.21317963674321502 0.198027684375
3 0.1804863611691023 0.20873275625 0.1323933841336117 0.2017361171875 0.1239117891440501 0.23439345625 0.1720047661795407 0.24139009531250002 0.1804863611691023 0.20873275625
4 0.5247509436325679 0.2150303765625 0.43334244050104387 0.2017321296875 0.4146457870563674 0.2737213 0.5060542881002088 0.287019546875 0.5247509436325679 0.2150303765625
4 0.4401920167014614 0.172177009375 0.36343435699373694 0.1610101890625 0.34566634237995825 0.229423740625 0.4224240041753653 0.2405905609375 0.4401920167014614 0.172177009375
3 0.6319348329853862 0.135134421875 0.5519922045929019 0.12350424687499999 0.5349671064718162 0.1890573015625 0.614909732776618 0.200687475 0.6319348329853862 0.135134421875
3 0.7478781127348643 0.065418528125 0.6864082839248433 0.0564758046875 0.6726643862212943 0.10939499687500001 0.7341342129436326 0.1183377203125 0.7478781127348643 0.065418528125
5 0.680149114822547 0.057667953125000004 0.6237752317327766 0.049466593749999996 0.6104646993736952 0.1007171640625 0.6668385824634656 0.108918521875 0.680149114822547 0.057667953125000004
5 0.1750738121085595 0.4987421921875 0.1308027974947808 0.49230157812500003 0.1218878350730689 0.5266275406250001 0.16615885177453027 0.5330681546875 0.1750738121085595 0.4987421921875
4 0.11548253862212944 0.472384990625 0.0664340751565762 0.46524934531250006 0.057395294363256785 0.500052059375 0.10644375782881002 0.507187703125 0.11548253862212944 0.472384990625
4 0.26938317327766176 0.4467826921875 0.23434855323590814 0.44168580312500005 0.22747660542797493 0.46814539843749997 0.2625112233820459 0.4732422875 0.26938317327766176 0.4467826921875
4 0.22681724008350732 0.46495720625 0.18987164300626305 0.4595823046875 0.18287587473903966 0.48651865 0.21982147181628392 0.4918935515625 0.22681724008350732 0.46495720625
4 0.18342607515657622 0.3997678140625 0.14138453444676408 0.3936515484375 0.13376967014613778 0.422971640625 0.17581121294363258 0.4290879078125 0.18342607515657622 0.3997678140625
4 0.22089532776617954 0.371946096875 0.17821679331941545 0.365737159375 0.17084956993736952 0.39410375468750003 0.21352810229645094 0.40031269218750004 0.22089532776617954 0.371946096875
4 0.10997793110647182 0.3974934375 0.06602541127348643 0.3910991578125 0.05902964300626305 0.41803550312500004 0.1029821649269311 0.4244297828125 0.10997793110647182 0.3974934375
5 0.10801619832985386 0.425409521875 0.061197210855949896 0.41859822500000005 0.05407762212943633 0.4460113203125 0.10089661169102296 0.45282261718749994 0.10801619832985386 0.425409521875
4 0.09675738413361169 0.3599471671875 0.055671334029227554 0.35396990625 0.048799384133611685 0.3804295015625 0.0898854363256785 0.3864067625 0.09675738413361169 0.3599471671875
5 0.12459775365344468 0.45255997499999995 0.08128222755741128 0.446258365625 0.07416264091858038 0.4736714609375 0.11747816701461378 0.4799730703125 0.12459775365344468 0.45255997499999995
4 0.042091524008350735 0.41198428906249995 0.014541576200417537 0.40797628125 0.0066790751565762 0.4382498734375 0.034229025052192066 0.4422578828125 0.042091524008350735 0.41198428906249995
4 0.22288421294363256 0.40501348281249994 0.1875310981210856 0.3998702578125 0.18115442588726513 0.4244228546875 0.2165075407098121 0.42956607968749994 0.22288421294363256 0.40501348281249994
4 0.08736013987473903 0.44640044687499997 0.047548075156576206 0.440608528125 0.039747484342379964 0.47064374375 0.0795595490605428 0.47643566406250004 0.08736013987473903 0.44640044687499997
4 0.12912394989561587 0.3568633875 0.08835639457202506 0.3509324625 0.08389891440501043 0.36809544375000003 0.12466646972860125 0.37402636875 0.12912394989561587 0.3568633875
4 0.12542764926931108 0.37809520937499996 0.08211212108559499 0.37179360156249996 0.0749925344467641 0.399206696875 0.11830806263048016 0.4055083046875 0.12542764926931108 0.37809520937499996
4 0.8004479311064718 0.39688874531249996 0.7708277536534447 0.3925795578125 0.7647606263048017 0.41594028281249995 0.7943808037578288 0.4202494703125 0.8004479311064718 0.39688874531249996
4 0.21891863674321502 0.43300911875 0.18229153653444677 0.4276805515625 0.17554340709812108 0.45366339843750003 0.21217050730688936 0.45899196406250004 0.21891863674321502 0.43300911875
5 0.19078649478079332 0.44969644999999997 0.15352239874739038 0.44427521406250003 0.1453503528183716 0.4757406796875 0.18261444676409186 0.4811619171875 0.19078649478079332 0.44969644999999997
4 0.16013138622129436 0.44746313125 0.12541526513569937 0.442412578125 0.11810994989561586 0.4705407984375 0.15282607098121084 0.4755913515625 0.16013138622129436 0.44746313125
4 0.175907878914405 0.3676276875 0.13514032359081418 0.3616967625 0.13012565762004175 0.3810051171875 0.17089321294363258 0.3869360421875 0.175907878914405 0.3676276875