1 0.14425464300626303 0.2053437515625 0.09800777661795408 0.1967137890625 0.08751678496868477 0.22820584375 0.13376365344467642 0.23683580625 0.14425464300626303 0.2053437515625
1 0.087615375782881 0.232744475 0.07453736951983299 0.2303040359375 0.06858302296450938 0.24817790468749998 0.08166102922755741 0.25061834374999997 0.087615375782881 0.232744475
1 0.6472671377870564 0.22311848906249998 0.5960923277661796 0.213568940625 0.584089121085595 0.249600390625 0.6352639311064718 0.2591499390625 0.6472671377870564 0.22311848906249998
1 0.61989824217119 0.2406124546875 0.5573512526096034 0.22894078437499998 0.5427016722338204 0.272916175 0.6052486597077245 0.28458784531250003 0.61989824217119 0.2406124546875
1 0.5837104342379958 0.1939308328125 0.5495938956158664 0.1875644671875 0.5408986597077244 0.21366598906249998 0.5750152004175365 0.2200323546875 0.5837104342379958 0.1939308328125
1 0.5584152296450939 0.1985524046875 0.4992798956158664 0.1875173703125 0.4843467724425887 0.2323438984375 0.543482108559499 0.24337893125 0.5584152296450939 0.1985524046875
1 0.5020722400835073 0.2401718203125 0.43952525052192065 0.22850014999999999 0.4242140751565762 0.274461525 0.48676106471816283 0.28613319531250003 0.5020722400835073 0.2401718203125
1 0.5770114237995824 0.563942740625 0.5262156868475991 0.5544639296875 0.5121331858037578 0.5967370468750001 0.562928922755741 0.6062158578125 0.5770114237995824 0.563942740625
1 0.6261413361169103 0.508320659375 0.5958155198329853 0.5026616671874999 0.5883489603340292 0.5250749296875 0.6186747745302714 0.530733921875 0.6261413361169103 0.508320659375
1 0.5845281753653444 0.4888027640625 0.5151578768267223 0.4758578203125 0.4962551920668058 0.5326002609375 0.565625490605428 0.5455452046875 0.5845281753653444 0.4888027640625
1 0.5314662776617954 0.5447458328125 0.4321492379958246 0.526212634375 0.40672512526096033 0.6025312171875 0.5060421649269311 0.6210644140625 0.5314662776617954 0.5447458328125
1 0.4502589979123173 0.5963408390625 0.3752026096033403 0.582334834375 0.3561108956158664 0.6396446984375 0.43116728601252613 0.6536507031250001 0.4502589979123173 0.5963408390625
1 0.37111356784968685 0.5649975984375 0.3161480313152401 0.554740675 0.30272712317327766 0.5950278078125 0.3576926617954071 0.6052847296875 0.37111356784968685 0.5649975984375
1 0.44288313569937365 0.5018476109375001 0.32233802713987475 0.47935311875000003 0.29199921503131526 0.570424734375 0.4125443235908142 0.5929192265625 0.44288313569937365 0.5018476109375001