3 0.77562830625 0.36049107187499996 0.6086309520833333 0.36049107187499996 0.6086309520833333 0.489211309375 0.77562830625 0.489211309375 0.77562830625 0.36049107187499996
5 0.5046296291666666 0.19977678593749998 0.28571428541666666 0.19977678593749998 0.28571428541666666 0.380332340625 0.5046296291666666 0.380332340625 0.5046296291666666 0.19977678593749998
4 0.7040343916666667 0.44184027812500004 0.5092592583333333 0.44184027812500004 0.5092592583333333 0.583457340625 0.7040343916666667 0.583457340625 0.7040343916666667 0.44184027812500004
4 0.46825396875 0.49789186562500004 0.33630952291666666 0.49789186562500004 0.33630952291666666 0.6154513890625 0.46825396875 0.6154513890625 0.46825396875 0.49789186562500004
4 0.3920304229166666 0.45895337343750003 0.17080026458333333 0.45895337343750003 0.17080026458333333 0.61669146875 0.3920304229166666 0.61669146875 0.3920304229166666 0.45895337343750003
4 0.5768849208333333 0.638144840625 0.4098875666666667 0.638144840625 0.4098875666666667 0.775545634375 0.5768849208333333 0.775545634375 0.5768849208333333 0.638144840625
4 0.4697420625 0.7627728171875 0.32457010625000005 0.7627728171875 0.32457010625000005 0.8892609125 0.4697420625 0.8892609125 0.4697420625 0.7627728171875
4 0.46891534375 0.7342509921875 0.38194444375000003 0.7342509921875 0.38194444375000003 0.8024553578125 0.46891534375 0.8024553578125 0.46891534375 0.7342509921875
4 0.9285714291666667 0.397693453125 0.8214285708333333 0.397693453125 0.8214285708333333 0.489211309375 0.9285714291666667 0.489211309375 0.9285714291666667 0.397693453125
4 0.46428571458333334 0.6258680562500001 0.33300264583333333 0.6258680562500001 0.33300264583333333 0.7354910718750001 0.46428571458333334 0.7354910718750001 0.46428571458333334 0.6258680562500001
5 0.7041997354166667 0.173487103125 0.6063161375 0.173487103125 0.6063161375 0.2659970234375 0.7041997354166667 0.2659970234375 0.7041997354166667 0.173487103125