5 0.7701510855949896 0.233991590625 0.5000064864300626 0.2481298375 0.5186626597077244 0.44780974375 0.7888072588726514 0.433671496875 0.7701510855949896 0.233991590625
5 0.7524117807933194 0.42032416718750004 0.5410589832985386 0.43138549531250003 0.5524296200417537 0.5530871953125 0.7637824175365345 0.5420258671875 0.7524117807933194 0.42032416718750004
5 0.8474099645093947 0.23246687968750002 0.703779363256785 0.23998390781249998 0.7181682943632568 0.393990865625 0.8617988956158664 0.3864738359375 0.8474099645093947 0.23246687968750002
5 0.5701956137787056 0.513117575 0.4630308121085595 0.5187261359375 0.4699000292275574 0.59224844375 0.5770648308977036 0.5866398828125 0.5701956137787056 0.513117575
4 0.9340316367432151 0.127045603125 0.7565399373695199 0.13633478125 0.7677544572025052 0.25636552031250004 0.9452461565762005 0.24707634218750002 0.9340316367432151 0.127045603125
4 0.7358288726513571 0.0607383453125 0.6148963736951983 0.06706745 0.6230405594989561 0.1542359453125 0.7439730584551147 0.14790684062499998 0.7358288726513571 0.0607383453125
4 0.6082928580375783 0.226510821875 0.527919260960334 0.23071724218749998 0.532498739039666 0.279732115625 0.612872338204593 0.2755256953125 0.6082928580375783 0.226510821875
4 0.6029019269311066 0.08476636562499999 0.4536898288100209 0.0925755078125 0.4646701711899791 0.210099803125 0.6138822693110647 0.2022906625 0.6029019269311066 0.08476636562499999
4 0.4898762192066806 0.0176394125 0.3905255198329854 0.022839017187499998 0.39731667849686847 0.09552584374999999 0.49666737787056364 0.090326240625 0.4898762192066806 0.0176394125
3 0.9309473423799582 0.31415040312500003 0.983599490605428 0.31139480937499997 0.9699911524008351 0.165742659375 0.9173390041753653 0.1684982546875 0.9309473423799582 0.31415040312500003
4 0.39531408559498954 0.16013731250000002 0.2621022860125261 0.16710906406249998 0.26725419832985386 0.222250796875 0.400466 0.21527904375 0.39531408559498954 0.16013731250000002
4 0.4333266993736952 0.1887920515625 0.229788 0.199444421875 0.244098872651357 0.35261589843749996 0.44763757202505217 0.341963528125 0.4333266993736952 0.1887920515625