4 0.2581979208333333 0.698614040625 0.15879599166666666 0.7158255984374999 0.19224067083333332 0.8244742171875 0.29164260000000003 0.807262659375 0.2581979208333333 0.698614040625
5 0.36725647499999997 0.758255475 0.29289766666666667 0.7711307875 0.32029384166666663 0.8601301890625 0.39465264791666665 0.8472548765625 0.36725647499999997 0.758255475
4 0.11980726041666667 0.592462365625 0.062786 0.6023356609375 0.07746252083333333 0.6500139125 0.13448378125000002 0.640140615625 0.11980726041666667 0.592462365625
4 0.09172241875 0.5658239609375 0.06629401666666666 0.5702269171875 0.07385465 0.5947884390625 0.09928305 0.5903854828124999 0.09172241875 0.5658239609375
4 0.18084855 0.49743291562499997 0.11997450000000001 0.5079733265625 0.14034373333333333 0.5741449578125 0.20121778333333334 0.563604546875 0.18084855 0.49743291562499997
4 0.26130380625 0.53204751875 0.19503585625 0.543521890625 0.21149135000000002 0.5969793218749999 0.2777593 0.58550495 0.26130380625 0.53204751875
4 0.27165207500000005 0.5702791296874999 0.21617192708333333 0.5798855796875 0.24018805416666666 0.6579045359375 0.29566820208333333 0.6482980859375 0.27165207500000005 0.5702791296874999
5 0.4006750041666667 0.5398731046874999 0.2727624458333333 0.5620213109375001 0.30967612083333335 0.681939334375 0.43758868125 0.659791128125 0.4006750041666667 0.5398731046874999
4 0.4391912375 0.44022179687499996 0.3290015020833333 0.45930127656249997 0.3603114145833333 0.5610148765625 0.47050115 0.5419353984375 0.4391912375 0.44022179687499996
4 0.5889488583333333 0.5542969921875 0.46643020416666664 0.5755112375 0.50165385625 0.6899390390625 0.6241725104166667 0.6687247937499999 0.5889488583333333 0.5542969921875
4 0.4959260729166666 0.2731958203125 0.41925559166666665 0.2864714015625 0.44327171875 0.36449035625000004 0.5199422 0.351214775 0.4959260729166666 0.2731958203125
4 0.62502829375 0.4025654078125 0.5175355104166667 0.42117790624999996 0.5507133437499999 0.528959646875 0.6582061270833334 0.5103471484375001 0.62502829375 0.4025654078125
4 0.6384264520833334 0.30041520625 0.5521240020833333 0.315358575 0.5794312291666667 0.404069015625 0.6657336770833333 0.38912564843749997 0.6384264520833334 0.30041520625
4 0.5723306958333333 0.2669665671875 0.54921396875 0.2709692546875 0.5569525 0.296108696875 0.5800692270833333 0.292106009375 0.5723306958333333 0.2669665671875
3 0.14535694166666666 0.49155608281249996 0.09642653541666667 0.5000284374999999 0.109857775 0.5436612609375 0.15878818125 0.5351889046875 0.14535694166666666 0.49155608281249996