0 0.5812900020833334 0.5699297140625 0.8291423020833334 0.5927540421875 0.8584180666666666 0.41393006562499995 0.6105657666666667 0.3911057390625 0.5812900020833334 0.5699297140625
2 0.74614899375 1 0.7545311770833333 0.9487994375 0.6447355291666667 0.9386885296875 0.6346980604166668 1 0.74614899375 1
1 0.34336508958333334 0.7362166828125 0.5441157104166667 0.7547034906250001 0.5701208854166667 0.595857125 0.36937026458333333 0.5773703171875 0.34336508958333334 0.7362166828125
2 0.53082484375 0.721082946875 0.7403461208333333 0.7403774296875001 0.7675079687499999 0.5744658125 0.5579866916666667 0.5551713296874999 0.53082484375 0.721082946875
2 0.8534057374999999 0.6026547953125 0.92064745 0.608846978125 0.92802621875 0.5637755421875 0.86078450625 0.5575833578125 0.8534057374999999 0.6026547953125
0 0.19749825208333333 0.5365653578125 0.29592452708333333 0.5456292781250001 0.3060952625 0.48350378281250006 0.20766898958333335 0.4744398625 0.19749825208333333 0.5365653578125
2 0.39032034583333336 0.6065028375 0.6037396958333333 0.6261562875 0.6294257895833333 0.46925895781250004 0.41600643958333333 0.44960550781249997 0.39032034583333336 0.6065028375
1 1 0.3599491828125 0.98925505 0.358959696875 0.9772097083333333 0.432535775 1 0.43463449687500005 1 0.3599491828125
1 1 0.3798570234375 0.9418661583333333 0.37450356875 0.9342879624999999 0.420793153125 0.9973067645833333 0.42659645625 1 0.4101454765625 1 0.3798570234375
1 0.43124923541666665 0 0.424240775 0.042809501562500005 0.49862894999999996 0.049659790625 0.5059279479166666 0.0050756109375 0.45081123125 0 0.43124923541666665 0
1 0.36233431041666664 0 0.35892198125 0.02084339375 0.4245394979166666 0.0268860078125 0.4289410791666667 0 0.36233431041666664 0
1 0.4904765104166666 0.045075859375 0.5258839854166667 0.048336478125 0.5325049333333334 0.007893998437499999 0.4970974604166667 0.0046333796875 0.4904765104166666 0.045075859375
1 0.357341475 0.342685525 0.44927096666666666 0.35115116562500004 0.4598006708333333 0.28683300625 0.36787117708333333 0.2783673640625 0.357341475 0.342685525
1 0.5684721416666666 0.3430859328125 0.62142093125 0.34796190312499997 0.6281216500000001 0.3070321640625 0.5751728625 0.30215619375 0.5684721416666666 0.3430859328125
1 0.32612441666666664 0.300737021875 0.3953151645833334 0.30710868750000003 0.40321244166666664 0.2588700671875 0.33402169374999996 0.2524984 0.32612441666666664 0.300737021875
2 0.46457544791666666 0.449008453125 0.5220719854166667 0.4543032171875 0.5286929333333333 0.41386073906250004 0.4711963979166667 0.40856597343749995 0.46457544791666666 0.449008453125