5 1 0.7729993937499999 0.973388325 0.6865485234375 0.7167901479166667 0.730978790625 0.7783838895833333 0.93107264375 1 0.8926995609375 1 0.7729993937499999
4 0.6504999312499999 0.7056644609375 0.44276085625 0.7416347187500001 0.49364264166666666 0.906929640625 0.7013817166666667 0.8709593812499999 0.6504999312499999 0.7056644609375
4 0.5327422395833333 0.5883252171875 0.35136599166666665 0.619730721875 0.3939703583333333 0.7581355609375 0.5753466041666666 0.72673005625 0.5327422395833333 0.5883252171875
4 0.6913163604166667 0.49366944375 0.47865622708333333 0.5304917890625 0.5275903854166667 0.68945963125 0.7402505166666666 0.6526372859375 0.6913163604166667 0.49366944375
4 0.7860270020833333 0.4272878453125 0.6141413750000001 0.4570500375 0.6538243 0.5859642578125001 0.825709925 0.556202065625 0.7860270020833333 0.4272878453125
4 0.5620666229166668 0.373877184375 0.39826559375 0.4022395203125 0.43705585625 0.52825383125 0.6008568833333333 0.49989149531250004 0.5620666229166668 0.373877184375
4 0.46477281875000004 0.43306986875 0.34772186875 0.453337375 0.379289675 0.5558887703125001 0.49634062500000004 0.535621265625 0.46477281875000004 0.43306986875
4 0.41325946041666667 0.4064464671875 0.3218683291666667 0.422270946875 0.33915352916666663 0.4784237671875 0.43054466041666667 0.46259928749999996 0.41325946041666667 0.4064464671875
4 0.63826214375 0.36221108125 0.5271867666666666 0.381443909375 0.5615137145833333 0.49295866562499996 0.6725890895833333 0.47372583749999997 0.63826214375 0.36221108125
4 0.5557793270833333 0.2608394875 0.42677722916666666 0.2831763484375 0.457695825 0.38361871718749996 0.586697925 0.36128185625000003 0.5557793270833333 0.2608394875
4 0.4439886229166667 0.289776125 0.34451289166666665 0.3070004625 0.3686147895833333 0.38529805625 0.4680905208333333 0.36807371875 0.4439886229166667 0.289776125
4 0.44405044583333336 0.24367059218749998 0.36109541875 0.2580343515625 0.37959788541666667 0.3181415953125 0.4625529145833333 0.3037778375 0.44405044583333336 0.24367059218749998
4 0.4983537979166667 0.2017793828125 0.3967690395833333 0.2193689 0.42022172916666667 0.29555746875 0.5218064875 0.2779679515625 0.4983537979166667 0.2017793828125
3 0.6935577166666668 0 0.7023983416666667 0.028719714062500002 0.7821898291666667 0.0149037265625 0.7776021 0 0.6935577166666668 0
4 0.6474628895833334 0 0.6529554666666667 0.0178432265625 0.7102506749999999 0.0079224953125 0.7078119395833333 0 0.6474628895833334 0