4 0 0.9366175906249999 0.20916412943632567 0.9670471046875001 0.22300766597077246 0.9137442671875 0.01131462630480167 0.8829468437499999 0 0.9265124234375 0 0.9366175906249999
4 0.3234541169102296 0.68033285 0.1267545114822547 0.6517166953125 0.08435651148225469 0.8149649828125 0.28105611691022964 0.8435811390625 0.3234541169102296 0.68033285
4 0.3042713778705637 0.6215321078125 0.1554079770354906 0.5998752359374999 0.1365335803757829 0.6725487765625 0.2853969832985386 0.69420565 0.3042713778705637 0.6215321078125
3 0.5243491398747391 0.53944975625 0.391907121085595 0.520181890625 0.3647751774530271 0.6246501078125 0.4972171962421712 0.6439179734375 0.5243491398747391 0.53944975625
3 0.3871797974947808 0.492736896875 0.24260023382045928 0.47170324218750004 0.2134559457202505 0.5839197406250001 0.358035509394572 0.6049533953124999 0.3871797974947808 0.492736896875
4 0.3018136283924843 0.4591059859375 0.159019 0.43833200781250004 0.1329279227557411 0.5387924921875 0.2757225532359081 0.5595664703125001 0.3018136283924843 0.4591059859375
3 0.545241375782881 0.40551421718749997 0.38102755323590815 0.3816241421875 0.35091178914405013 0.49758119218749997 0.515125611691023 0.5214712671874999 0.545241375782881 0.40551421718749997
3 0.35775650521920666 0.4084618578125 0.1960415866388309 0.3849353265625 0.17564058455114823 0.4634868765625 0.3373555052192067 0.4870134078125 0.35775650521920666 0.4084618578125
3 0.6829053235908142 0.37757280937500004 0.5333279457202506 0.35581206718749997 0.5025182713987474 0.4744409375 0.6520956471816284 0.4962016796875 0.6829053235908142 0.37757280937500004
4 0.4834012860125261 0.3112548671875 0.3498883068893528 0.291831196875 0.323380885177453 0.39389477500000003 0.45689386221294365 0.41331844375 0.4834012860125261 0.3112548671875
4 0.3661666450939457 0.363241434375 0.2144473528183716 0.34116908281249997 0.1901604446764092 0.43468283281250003 0.34187973903966595 0.45675518437499996 0.3661666450939457 0.363241434375
4 0.40599208768267225 0.2683836515625 0.2789048643006263 0.24989481093750002 0.2550343068893528 0.34180546562499997 0.3821215281837161 0.3602943078125 0.40599208768267225 0.2683836515625
5 0.5957731189979123 0.27228607656250003 0.44583875782881005 0.2504733984375 0.41662507933194154 0.3629570796875 0.5665594384133612 0.38476975625 0.5957731189979123 0.27228607656250003
4 0.4853601795407098 0.25663895000000003 0.4078940918580376 0.2453690671875 0.3934607306889353 0.3009429515625 0.47092681628392485 0.3122128359375 0.4853601795407098 0.25663895000000003
5 0.6425475657620041 0.27049529843750003 0.5468751628392484 0.25657673281250004 0.5198126096033403 0.3607777671875 0.615485012526096 0.37469633281250003 0.6425475657620041 0.27049529843750003
4 0.5814946200417537 0.1617934046875 0.44976657411273485 0.142629409375 0.4216631524008351 0.25083817656249996 0.5533911983298538 0.2700021734375 0.5814946200417537 0.1617934046875
4 0.6536794885177454 0.1627289046875 0.5522953027139874 0.1479793796875 0.5285635260960334 0.2393556703125 0.6299477118997913 0.25410519531250003 0.6536794885177454 0.1627289046875
3 0.7964152421711901 0.130950275 0.6932461210855949 0.11594107499999999 0.6720818183716075 0.1974316265625 0.7752509373695198 0.21244082656250002 0.7964152421711901 0.130950275
3 0.6966120041753653 0.10797379062500001 0.5987976826722339 0.093743615625 0.578882419624217 0.170424890625 0.6766967411273487 0.184655065625 0.6966120041753653 0.10797379062500001
4 0.6265745511482255 0.0538361890625 0.4880637599164927 0.033685429687500004 0.46120937995824635 0.13708491875 0.5997201711899791 0.157235678125 0.6265745511482255 0.0538361890625
4 0.6996668643006263 0.11618197968749999 0.7238149874739039 0.023202595312499998 0.6074373653444676 0.006271803125 0.58328924217119 0.0992511875 0.6996668643006263 0.11618197968749999
3 0.7917088747390396 0.057064385937499996 0.6867548204592901 0.0417955109375 0.6640639123173278 0.12916406875 0.7690179645093945 0.14443294375 0.7917088747390396 0.057064385937499996
4 0.8499951085594989 0.04447088125 0.7864514968684759 0.035226460937499995 0.7730590020876826 0.0867926140625 0.8366026137787056 0.096037034375 0.8499951085594989 0.04447088125
4 0.8951501315240084 0.0653198828125 0.8994523841336117 0.0487545890625 0.8305539728601252 0.0387311453125 0.8262517223382047 0.0552964375 0.8951501315240084 0.0653198828125
4 0.7926270855949895 0.9094096609375001 0.7287264885177452 0.90011330625 0.713946171189979 0.9570231015624999 0.7778467682672233 0.9663194578125 0.7926270855949895 0.9094096609375001
4 0.7615442463465554 0.84222301875 0.707996260960334 0.8344327765624999 0.6971018475991649 0.8763803734375 0.7506498350730688 0.884170615625 0.7615442463465554 0.84222301875
4 0.7390385636743215 0.8910769859375 0.6840626325678497 0.8830790046875 0.6711558768267223 0.9327748828125 0.7261318079331942 0.9407728640625 0.7390385636743215 0.8910769859375
4 0.7592159352818371 0.8062541640625 0.7242312505219206 0.8011645390625001 0.7175696993736952 0.826814025 0.7525543841336116 0.8319036499999999 0.7592159352818371 0.8062541640625
4 0.6295558121085595 0.7919660890625 0.5802916659707724 0.784799065625 0.5700911649269311 0.8240748390625001 0.6193553131524009 0.8312418625 0.6295558121085595 0.7919660890625
4 0.5803915594989562 0.7936864703125 0.5264865866388309 0.78584429375 0.516008521920668 0.8261887968750001 0.5699134947807933 0.8340309749999999 0.5803915594989562 0.7936864703125
4 0.5894956137787056 0.7457942265625 0.5466572254697286 0.7395620328125 0.5402732379958246 0.764142790625 0.5831116263048017 0.770374984375 0.5894956137787056 0.7457942265625
4 0.7872414405010438 0.8352863109375 0.761895394572025 0.8315989296874999 0.7571074029227558 0.8500344984374999 0.7824534488517746 0.8537218796875001 0.7872414405010438 0.8352863109375