3 0.2020636158663883 0.398863684375 0.3990853507306889 0.4065916546875 0.4096970730688935 0.25504524375000004 0.21267533820459292 0.24731727343749998 0.2020636158663883 0.398863684375
5 0.5307610292275574 0.283217765625 0.7890350647181628 0.2933482921875 0.803920102296451 0.08077451875 0.5456460647181628 0.070643990625 0.5307610292275574 0.283217765625
4 0.2787597077244259 0.5131356015625 0.5085533736951984 0.5221490171875 0.5202283131524008 0.3554187640625 0.2904346471816284 0.34640535 0.2787597077244259 0.5131356015625
4 0.554293394572025 0.5617141828125 0.7099600709812108 0.5678200453125 0.7196517014613779 0.4294134953125 0.5639850250521921 0.42330763437499996 0.554293394572025 0.5617141828125
4 0.6441189039665971 0.5667014890625001 0.9051239331941545 0.5769391374999999 0.9181278935281837 0.3912290828125 0.6571228643006263 0.3809914359375 0.6441189039665971 0.5667014890625001
4 0.4129335281837161 0.7451712015624999 0.6099552630480167 0.752899171875 0.6212826116910231 0.5911328671875 0.4242608768267223 0.5834048968750001 0.4129335281837161 0.7451712015624999
4 0.5299648413361169 0.88400994375 0.7012372004175366 0.8907279203125 0.7116649060542798 0.74180948125 0.5403925448851774 0.7350915031249999 0.5299648413361169 0.88400994375
4 0.5380964655532359 0.781849271875 0.6407038225469729 0.7858739375 0.6463266054279749 0.705574778125 0.5437192463465553 0.7015501125 0.5380964655532359 0.781849271875
4 0.021622918580375784 0.3917860890625 0.14802894363256783 0.39674423124999997 0.1555736931106472 0.2889973609375 0.029167670146137786 0.28403921875 0.021622918580375784 0.3917860890625
4 0.5490790020876827 0.7032243375 0.7039653945720251 0.70929959375 0.713002739039666 0.5802369453125 0.5581163465553236 0.5741616890625 0.5490790020876827 0.7032243375
5 0.30473612943632566 0.13937186875000002 0.42021817745302714 0.1439015296875 0.42784471189979123 0.034986671875 0.31236266597077245 0.030457009375 0.30473612943632566 0.13937186875000002