2 0.1354813068893528 0.71827230625 0.21475826722338204 0.7276698640625 0.22835628601252608 0.6634131203125 0.14907932776617955 0.6540155624999999 0.1354813068893528 0.71827230625
2 0.18105065553235908 0.709198965625 0.320564254697286 0.7257370265625 0.3428255302713987 0.62054251875 0.2033119311064718 0.60400445625 0.18105065553235908 0.709198965625
2 0.11447985803757829 0.5768742625 0.31976910020876825 0.6012094234375 0.3477876012526096 0.46880943906250006 0.1424983611691023 0.44447427656249994 0.11447985803757829 0.5768742625
0 0.07180358246346555 0.5068763125 0.20058536534446764 0.522142215625 0.2202147661795407 0.4293844953125 0.09143298329853862 0.41411859375000004 0.07180358246346555 0.5068763125
2 0.021199396659707725 0.4391257765625 0.1416726784968685 0.4534067828125 0.1596571586638831 0.36842205625 0.039183876826722336 0.35414105 0.021199396659707725 0.4391257765625
2 0.20998777244258873 0.4936424453125 0.3346153068893528 0.5084158999999999 0.35057104801670147 0.43301786406250004 0.22594351565762005 0.4182444109375 0.20998777244258873 0.4936424453125
1 1 0.3645860265625 0.766763127348643 0.336937928125 0.7226243924843424 0.5455132468749999 0.9898963569937369 0.57719589375 1 0.5294516515625001 1 0.3645860265625
1 0.4979432296450939 0.4702746484375 0.745467356993737 0.4996163703125 0.7832457286012526 0.32109662499999997 0.5357216012526096 0.2917549046875 0.4979432296450939 0.4702746484375
1 0.4840812317327766 0 0.44839031106471816 0.16865561093749998 0.6734122442588726 0.195329903125 0.7107793841336116 0.01875340625 0.5525773423799583 0 0.4840812317327766 0
1 0.6022495762004175 0.0058881890625 0.586842139874739 0.0786952265625 0.7228938622129436 0.0948229140625 0.7383012985386221 0.0220158765625 0.6022495762004175 0.0058881890625
1 0.6752883110647182 0.1822723203125 0.8269184759916492 0.2002466890625 0.8533468851774529 0.07536059687499999 0.7017167223382047 0.05738622812500001 0.6752883110647182 0.1822723203125
2 0.8235667724425888 0.1699694359375 0.9544256826722338 0.1854815640625 0.9751516972860126 0.0875418484375 0.8442927891440501 0.072029721875 0.8235667724425888 0.1699694359375
2 0.8531695824634655 0.1818449609375 0.9532177974947807 0.1937047625 0.9638549582463466 0.14343940625 0.8638067432150314 0.13157960468750002 0.8531695824634655 0.1818449609375
1 0.7697228162839248 0.21059783125 0.8496921503131524 0.2200774640625 0.8633450020876827 0.1555616203125 0.783375668058455 0.1460819875 0.7697228162839248 0.21059783125
1 0.4564869916492693 0.14464904843749998 0.5316096993736952 0.153554159375 0.5493200250521921 0.06986493125 0.47419731732776615 0.0609598203125 0.4564869916492693 0.14464904843749998