4 0.04219144676409186 0.9061508343750001 0.033216308977035494 0.9608590921875001 0.11320250730688936 0.9682095500000001 0.12217764509394571 0.9135012921874999 0.04219144676409186 0.9061508343750001
4 0.13264833194154488 0.889186403125 0.06274442797494781 0.882762475 0.056884799582463466 0.91848005 0.12678870146137788 0.9249039781249999 0.13264833194154488 0.889186403125
4 0.15679158246346556 0.8511915015625 0.09226490396659709 0.8452617218749999 0.08372304801670147 0.8973288921875 0.1482497286012526 0.903258671875 0.15679158246346556 0.8511915015625
4 0.12516103340292276 0.8131776671875001 0.07138880167014613 0.808236184375 0.06412616075156576 0.8525058546875 0.11789839457202506 0.8574473375 0.12516103340292276 0.8131776671875001
4 0.11198024217118999 0.80826419375 0.06156877244258872 0.803631553125 0.05554408350730689 0.8403552578125 0.10595555114822548 0.8449878999999999 0.11198024217118999 0.80826419375
4 0.09119603340292275 0.78835383125 0.04515355949895616 0.7841226859375 0.03904634029227557 0.8213494546875 0.08508881419624217 0.8255806 0.09119603340292275 0.78835383125
4 0.2573159018789144 0.9308988578124999 0.24914543215031315 0.9807022390625001 0.31232780584551145 0.9865084812499999 0.32049827557411276 0.9367051015625 0.2573159018789144 0.9308988578124999
4 0.3616101962421712 0.891971521875 0.3021246638830898 0.88650500625 0.2938716638830897 0.9368114515625001 0.35335719624217116 0.9422779671875 0.3616101962421712 0.891971521875
4 0.31250517745302714 0.9032890484375 0.2762089185803758 0.8999535468750001 0.27072067432150315 0.9334073328124999 0.3070169331941545 0.9367428343749999 0.31250517745302714 0.9032890484375
4 0.3481284196242171 0.8774557281250001 0.3010777160751566 0.8731319296875 0.2954656764091858 0.9073403125 0.34251637995824635 0.9116641109374999 0.3481284196242171 0.8774557281250001
4 0.41835691858037577 0.894377784375 0.3521498559498956 0.8882935828124999 0.3438968559498956 0.9386000265625001 0.41010391858037576 0.944684228125 0.41835691858037577 0.894377784375
4 0.3248917098121086 0.8662563406249999 0.2929644446764092 0.8633223343750001 0.2881364384133612 0.8927516046875 0.32006370563674325 0.8956856109375 0.3248917098121086 0.8662563406249999
4 0.39629518162839245 0.8396259109375 0.34117864300626305 0.8345608906249999 0.3337096784968685 0.8800882218750001 0.3888262171189979 0.8851532437499999 0.39629518162839245 0.8396259109375
4 0.3553851043841336 0.8311429140625 0.3143837766179541 0.8273750328125 0.3077401106471816 0.8678717218750001 0.34874144050104383 0.871639603125 0.3553851043841336 0.8311429140625
4 0.33247531941544883 0.8096329359375 0.28340815657620044 0.8051238312500001 0.27614551565762 0.8493935015625 0.32521267849686847 0.8539026062499999 0.33247531941544883 0.8096329359375
5 0.686991885177453 0.6470163375 0.5441593903966597 0.633890521875 0.5261265866388309 0.7438101015624999 0.6689590814196242 0.75693591875 0.686991885177453 0.6470163375
3 0.6542480083507307 0.5440478093750001 0.5443510083507307 0.5339486515625 0.5303209081419624 0.6194696078125 0.6402179081419624 0.629568765625 0.6542480083507307 0.5440478093750001
5 0.48602620668058455 0.5016520859375 0.3747848997912317 0.49142939218750004 0.36199274947807936 0.5694043796875 0.47323405636743215 0.579627075 0.48602620668058455 0.5016520859375
4 0.5552194551148225 0.5020105859374999 0.46380665762004175 0.49361006406249996 0.457162993736952 0.5341067515625 0.5485757891440501 0.5425072734375 0.5552194551148225 0.5020105859374999
4 0.4649484446764092 0.4242667703125 0.36446158455114824 0.4150323734375 0.3517519645093946 0.49250429687499997 0.45223882463465553 0.5017386953125 0.4649484446764092 0.4242667703125
4 0.5857005073068894 0.44825735 0.48891048851774527 0.4393626796875 0.47706743215031316 0.5115524265625 0.5738574530271399 0.5204470984375 0.5857005073068894 0.44825735
4 0.5669797661795407 0.42304714062500004 0.4537219979123174 0.41263914062499996 0.43981569311064717 0.4974054984375 0.5530734613778706 0.5078134984375 0.5669797661795407 0.42304714062500004
4 0.6995215219206681 0.46458957187500005 0.6094530334029228 0.4563125859375 0.598270217118998 0.5244778171875 0.6883387056367433 0.532754803125 0.6995215219206681 0.46458957187500005
4 0.6162236847599165 0.42335963593750003 0.5590906868475992 0.418109309375 0.5512916033402923 0.46564889843749996 0.6084246012526096 0.470899225 0.6162236847599165 0.42335963593750003
4 0.5106182442588727 0.3871011265625 0.43500103966597076 0.380152165625 0.4256751503131524 0.436998446875 0.5012923528183716 0.44394740937500005 0.5106182442588727 0.3871011265625
4 0.541260121085595 0.3885127265625 0.4979062567849687 0.3845286546875 0.4917577724425887 0.42200695625 0.5351116346555324 0.4259910265625 0.541260121085595 0.3885127265625
4 0.6089937724425887 0.37801347343749997 0.5263189645093945 0.370415940625 0.5153012087682672 0.43757504375 0.5979760187891441 0.44517257656250003 0.6089937724425887 0.37801347343749997
4 0.7141920897703549 0.40427691875000005 0.6328615866388309 0.396802925 0.6228341920668059 0.4579252546875 0.7041646951983299 0.4653992484375 0.7141920897703549 0.40427691875000005
4 0.6657840918580376 0.3593594828125 0.5901668893528184 0.352410521875 0.5797681106471817 0.4157966421875 0.6553853110647182 0.422745603125 0.6657840918580376 0.3593594828125
4 0.5228594885177453 0.321841728125 0.4173314822546973 0.31214406562499997 0.40561222129436325 0.3835792171875 0.5111402275574113 0.3932768796875 0.5228594885177453 0.321841728125
4 0.395300388308977 0.29671495625 0.27565716910229643 0.2857201546875 0.2621635135699374 0.3679711921875 0.381806732776618 0.37896599375 0.395300388308977 0.29671495625
4 0.36361070563674325 0.252823228125 0.26581245511482254 0.243835903125 0.2557850605427975 0.304958234375 0.3535833110647182 0.3139455578125 0.36361070563674325 0.252823228125
4 0.20616164718162838 0.232098753125 0.1661685490605428 0.22842352500000002 0.16096916075156578 0.260116584375 0.20096225678496868 0.2637918125 0.20616164718162838 0.232098753125
4 0.17117417118997913 0.22390469999999998 0.1315171503131524 0.22026035624999998 0.12590511064718163 0.2544687390625 0.16556213152400834 0.2581130828125 0.17117417118997913 0.22390469999999998
3 0.13818018997912318 0.23683043750000002 0.0874326471816284 0.23216691093750003 0.08177934029227557 0.2666268265625 0.13252688517745304 0.2712903515625 0.13818018997912318 0.23683043750000002
4 0.49718810855949896 0.224629625 0.4007341628392484 0.2157658390625 0.388272133611691 0.2917285703125 0.4847260772442589 0.3005923578125 0.49718810855949896 0.224629625
4 0.4049902025052192 0.1846244 0.3239957745302714 0.17718129062500002 0.31215272025052193 0.2493710375 0.39314714613778706 0.256814146875 0.4049902025052192 0.1846244
3 0.6010003924843423 0.135614425 0.5166452004175365 0.127862471875 0.5052973256784968 0.197033834375 0.5896525177453027 0.20478578593750002 0.6010003924843423 0.135614425
3 0.7149217724425887 0.056719892187499996 0.6500590167014614 0.050759228125 0.6408981858037578 0.10659938124999999 0.7057609415448851 0.11256004687500001 0.7149217724425887 0.056719892187499996
5 0.6436588872651358 0.052341334375000007 0.5841733549060543 0.046874818750000005 0.5753013799582464 0.1009542453125 0.6347869123173278 0.10642076250000002 0.6436588872651358 0.052341334375000007
5 0.1607533528183716 0.5390385890625 0.11403872651356993 0.534745675 0.10809656576200417 0.5709663140625 0.15481119415448852 0.575259228125 0.1607533528183716 0.5390385890625
4 0.09615243423799581 0.5148462953124999 0.04439665970772442 0.5100901171875 0.03837197077244259 0.5468138234375 0.09012774321503131 0.5515700015625 0.09615243423799581 0.5148462953124999
4 0.2538799039665971 0.4798079890625 0.2169114947807933 0.47641071874999996 0.21233107933194154 0.5043307953125 0.2492994885177453 0.5077280656250001 0.2538799039665971 0.4798079890625
4 0.21133454906054278 0.5010476625 0.17234968058455116 0.4974650875 0.1676867348643006 0.5258882296875 0.20667160334029228 0.5294708046875 0.21133454906054278 0.5010476625
4 0.15982166388308977 0.43554661406250006 0.11545957202505219 0.43146988906250006 0.1103839770354906 0.462408353125 0.15474606889352818 0.466485078125 0.15982166388308977 0.43554661406250006
4 0.1961228037578288 0.4045414421875 0.1510885574112735 0.40040295 0.14617802296450938 0.4303352828125 0.19121226931106472 0.434473775 0.1961228037578288 0.4045414421875
4 0.08313752818371607 0.4371806328125 0.0367589770354906 0.43291860312499997 0.032096033402922754 0.4613417453125 0.07847458455114822 0.46560377500000005 0.08313752818371607 0.4371806328125
5 0.08381054279749478 0.46634945468750005 0.034407302713987474 0.461809465625 0.029661828810020878 0.490735671875 0.0790650668058455 0.495275659375 0.08381054279749478 0.46634945468750005
4 0.065722375782881 0.3988135359375 0.02236851356993737 0.39482946406249997 0.01778809812108559 0.42274954062500003 0.06114196033402923 0.42673361249999997 0.065722375782881 0.3988135359375
5 0.10371350730688936 0.4937109015625 0.05800711064718162 0.489510640625 0.05326163465553235 0.518436846875 0.09896803340292275 0.5226371078125001 0.10371350730688936 0.4937109015625
4 0 0.4871162171875 0.008633440501043841 0.48790959999999994 0.013874093945720251 0.45596500781250004 0.0036237620041753653 0.4550230375 0 0.47711180000000003 0 0.4871162171875
4 0.2014096388308977 0.4388577578125 0.16410515031315243 0.43542960312499995 0.15985485594989562 0.46133742343749995 0.19715934237995825 0.4647655765625 0.2014096388308977 0.4388577578125
4 0.06434831941544886 0.489327403125 0.022338762004175367 0.48546686875 0.017139371607515656 0.5171599296875 0.05914892901878914 0.5210204640625 0.06434831941544886 0.489327403125
4 0.09911752400835074 0.39383971875 0.056099736951983295 0.38988653281249996 0.05312865762004175 0.4079968515625 0.09614644467640919 0.41195003906250005 0.09911752400835074 0.39383971875
4 0.097334624217119 0.4161444171875 0.0516282254697286 0.41194415624999997 0.04688275156576201 0.4408703625 0.0925891503131524 0.4450706234375 0.097334624217119 0.4161444171875
4 0.8018899603340293 0.3989315234375 0.7706348496868476 0.3960592875 0.7665908810020876 0.42070944531250004 0.7978459895615866 0.4235816828125 0.8018899603340293 0.3989315234375
4 0.20000429436325678 0.46821857187499993 0.16135550104384136 0.4646668796875 0.15685761586638833 0.49208389218750004 0.19550640918580375 0.495635584375 0.20000429436325678 0.46821857187499993
5 0.17234053027139876 0.4871236109375 0.13301958455114823 0.48351015156250005 0.12757260542797494 0.5167124046875 0.1668935490605428 0.5203258640625 0.17234053027139876 0.4871236109375
4 0.14020992066805846 0.48646883750000003 0.1035775866388309 0.4831024515625 0.09870831524008351 0.5127832531250001 0.13534064926931105 0.5161496390625 0.14020992066805846 0.48646883750000003
4 0.14886875156576201 0.40249687500000003 0.10585096659707724 0.3985436890625 0.10250850104384134 0.4189177984375 0.1455262860125261 0.4228709859375 0.14886875156576201 0.40249687500000003