5 0.8149206979166668 0.45495736718749996 0.5794755479166667 0.46421173437499996 0.5906546125 0.6241936953125 0.8260997625000001 0.6149393265625 0.8149206979166668 0.45495736718749996
3 0.6416111770833334 0.49191150625 0.5178515458333333 0.49677598125 0.5270971249999999 0.62908810625 0.6508567562500001 0.62422363125 0.6416111770833334 0.49191150625
4 0.7780307020833334 0.2976255203125 0.5881988583333333 0.3050870203125 0.5966183104166666 0.4255765796875 0.78645015625 0.41811507968750006 0.7780307020833334 0.2976255203125
4 0.6954896291666667 0.180049375 0.5418801145833334 0.18608712656249998 0.5505983791666667 0.3108529328125 0.70420789375 0.30481518125 0.6954896291666667 0.180049375
4 0.5968995833333334 0.25152347812500003 0.5056729708333333 0.2551092171875 0.51210620625 0.34717430781249997 0.60333281875 0.34358856875 0.5968995833333334 0.25152347812500003
4 0.5729228375000001 0.358404540625 0.4303812583333333 0.3640072578125 0.43653325833333334 0.45204764375 0.5790748375 0.4464449265625 0.5729228375000001 0.358404540625
4 0.5553537291666667 0.2874604125 0.3843038333333333 0.2941836703125 0.39342637291666666 0.4247349890625 0.5644762687499999 0.4180117296875 0.5553537291666667 0.2874604125
4 0.42093234791666667 0.262475775 0.28073851041666664 0.2679862109375 0.28875368958333336 0.3826902578125 0.42894752708333334 0.377179821875 0.42093234791666667 0.262475775
4 0.4096715083333333 0.40694449062500004 0.292284325 0.41155849062499994 0.29901637291666666 0.5078998296874999 0.41640355625 0.503285828125 0.4096715083333333 0.40694449062500004
4 0.3640562958333333 0.4448070171875 0.18864630625 0.45170165312500005 0.19715364375 0.5734489328125 0.37256363541666665 0.5665542968749999 0.3640562958333333 0.4448070171875
4 0.41290140833333333 0.5566450359374999 0.228771225 0.563882425 0.23912416458333335 0.7120418203125001 0.4232543479166667 0.7048044296875 0.41290140833333333 0.5566450359374999