3 0.6329007083333333 0.5918766765625 0.6781848583333333 0.5834087218749999 0.66808756875 0.5530352078125 0.62280341875 0.5615031625 0.6329007083333333 0.5918766765625
3 0.566604625 0.58125068125 0.6056299875000001 0.5739530937499999 0.5968178083333334 0.5474452984375 0.5577924437499999 0.5547428859375 0.566604625 0.58125068125
5 0.6834038499999999 0.56028955625 0.72647901875 0.5522346734375 0.7167489020833333 0.5229656484375 0.6736737354166666 0.5310205328125 0.6834038499999999 0.56028955625
4 0.6636146770833334 0.6189815296875001 0.7063216812499999 0.6109954921874999 0.6967751520833333 0.5822787140625 0.6540681500000001 0.590264753125 0.6636146770833334 0.6189815296875001
4 0.7116379104166667 0.5816990984375 0.7506632750000001 0.5744015109375 0.74166750625 0.5473414703125 0.7026421416666667 0.5546390578125 0.7116379104166667 0.5816990984375
4 0.7046411916666667 0.6394653734375 0.7421939 0.6324431671874999 0.7328309583333333 0.6042786359375001 0.69527825 0.6113008421874999 0.7046411916666667 0.6394653734375
4 0.7496010958333332 0.6335509984375001 0.765063975 0.6306595015625 0.7613922333333334 0.6196145875 0.7459293541666666 0.622506084375 0.7496010958333332 0.6335509984375001
4 0.7667449583333333 0.601602953125 0.7961980645833333 0.5960953390625 0.7892217541666666 0.5751100015625 0.7597686479166667 0.580617615625 0.7667449583333333 0.601602953125
4 0.5562303479166667 0.6065070171875 0.5948875479166666 0.599278275 0.5862589541666666 0.5733227265624999 0.5476017541666667 0.5805514671875 0.5562303479166667 0.6065070171875
5 0.4608370729166667 0.5612882828125 0.4972852916666667 0.5544726109375 0.4890238708333333 0.5296215531249999 0.45257565208333334 0.536437225 0.4608370729166667 0.5612882828125
5 0.4753390895833334 0.5519774843749999 0.5147326166666667 0.5446110515625 0.5055532625 0.5169987671875 0.46615973541666667 0.5243652 0.4753390895833334 0.5519774843749999
4 0.5332794875 0.5404096421875 0.5645734104166666 0.5345578046874999 0.5572299270833334 0.5124679765625 0.5259360041666666 0.5183198140624999 0.5332794875 0.5404096421875
4 0.5331718604166666 0.5589069046875 0.5578388354166666 0.554294278125 0.5514132875000001 0.5349656796875 0.5267463125 0.5395783062499999 0.5331718604166666 0.5589069046875
5 0.5055965645833334 0.5747683828125 0.5390994708333333 0.5685034734375 0.5297365291666667 0.5403389421875 0.4962336229166667 0.5466038515625 0.5055965645833334 0.5747683828125
4 0.54216651875 0.6418384953125 0.5734604416666667 0.6359866578125 0.5663923375 0.6147251953125 0.5350984145833333 0.620577034375 0.54216651875 0.6418384953125
4 0.5400443791666666 0.648394371875 0.5499848020833333 0.646535553125 0.5478735520833333 0.640184728125 0.5379331291666667 0.642043546875 0.5400443791666666 0.648394371875
4 0.49086704375 0.5810422 0.5181111666666667 0.5759476578125 0.5103087145833334 0.552477215625 0.48306459166666665 0.5575717578125 0.49086704375 0.5810422
4 0.5006529520833333 0.59871591875 0.5223746166666666 0.5946540546875 0.5168670041666666 0.5780866812500001 0.4951453395833333 0.582148546875 0.5006529520833333 0.59871591875
4 0.49069026250000003 0.6269748109375 0.5227205145833334 0.6209852812500001 0.5140919208333333 0.5950297328125 0.48206166875 0.6010192609375 0.49069026250000003 0.6269748109375
4 0.48693996666666667 0.65451194375 0.5105024520833333 0.650105853125 0.505178425 0.6340907265625 0.4816159395833333 0.6384968171875001 0.48693996666666667 0.65451194375
5 0.40895467500000005 0.5369686890625001 0.43730328749999997 0.5316676109375 0.4312449125 0.5134435015625 0.4028963 0.5187445796875 0.40895467500000005 0.5369686890625001
4 0.43264779999999997 0.59588835 0.46946418125 0.5890038343749999 0.46083558750000003 0.5630482859375 0.42401920833333334 0.5699328015625 0.43264779999999997 0.59588835
4 0.44312166666666664 0.616219659375 0.47220660625 0.6107808921875 0.46513850416666663 0.5895194328125 0.43605356458333333 0.5949582 0.44312166666666664 0.616219659375
4 0.330442975 0.11611755312500001 0.35805526041666663 0.110954165625 0.35107895 0.089968828125 0.32346666458333334 0.095132215625 0.330442975 0.11611755312500001
4 0.32140031875 0.09009278750000001 0.3431219833333333 0.086030921875 0.3372471979166667 0.068359059375 0.31552553333333333 0.072420925 0.32140031875 0.09009278750000001
4 0.2953163604166667 0.138083703125 0.3166698625 0.134090684375 0.3094181729166667 0.11227697656249999 0.2880646708333333 0.11626999687499999 0.2953163604166667 0.138083703125
4 0.33543879374999996 0.139379603125 0.3505335104166667 0.1365569515625 0.34566845208333336 0.12192244062499999 0.3305737354166667 0.1247450921875 0.33543879374999996 0.139379603125
4 0.17857750208333334 0.08747129375 0.21023958958333333 0.0815506109375 0.19867360208333332 0.0467591296875 0.16701151458333333 0.0526798140625 0.17857750208333334 0.08747129375
4 0.18602206041666666 0.1533887625 0.22615191458333334 0.145884640625 0.216054625 0.1155111265625 0.17592477083333333 0.1230152484375 0.18602206041666666 0.1533887625
4 0.14750019583333335 0.1092668171875 0.18763005208333333 0.10176269375 0.177349175 0.0708369328125 0.13721931875 0.07834105625 0.14750019583333335 0.1092668171875
4 0.08682962083333333 0.1390891078125 0.1232778375 0.1322734375 0.11391489583333334 0.1041089046875 0.07746667916666666 0.11092457656250002 0.08682962083333333 0.1390891078125
4 0.12364204375 0.1368979375 0.16524455416666667 0.12911843437499998 0.15496367708333333 0.098192675 0.11336116666666667 0.105972178125 0.12364204375 0.1368979375
4 0.20131211875000002 0.1917365296875 0.22340194583333334 0.1876058203125 0.21725177708333332 0.1691055890625 0.19516195 0.1732362984375 0.20131211875000002 0.1917365296875
4 0.19535135416666666 0.2214467375 0.21965016666666667 0.21690295625 0.21313282500000003 0.197298234375 0.1888340125 0.20184201562499998 0.19535135416666666 0.2214467375
4 0.16291001041666667 0.223847040625 0.17947738124999998 0.2207490078125 0.17562205208333334 0.20915184843749998 0.15905468125000002 0.21224988125 0.16291001041666667 0.223847040625
4 0.14129349791666668 0.212344984375 0.16853762083333335 0.20725044218750002 0.16165310625 0.186541228125 0.13440898333333334 0.1916357703125 0.14129349791666668 0.212344984375
4 0.12912788541666667 0.1792787140625 0.16631243125 0.172325353125 0.15685769583333334 0.1438847 0.11967314999999999 0.15083806093750002 0.12912788541666667 0.1792787140625
3 0.10187831875 0.1908266078125 0.13832653749999999 0.1840109375 0.12822924791666665 0.1536374234375 0.09178102916666667 0.16045309375 0.10187831875 0.1908266078125
4 0.08504645416666667 0.1801895703125 0.11118608541666666 0.1753015640625 0.10466874375 0.155696840625 0.0785291125 0.16058484687500002 0.08504645416666667 0.1801895703125
4 0.13153963125 0.211236040625 0.14773883958333334 0.208206853125 0.14213943333333334 0.1913633578125 0.125940225 0.19439254374999998 0.13153963125 0.211236040625
4 0.10398412916666668 0.20363078437499998 0.12754661250000002 0.1992246953125 0.1214882375 0.18100058593749999 0.09792575416666667 0.1854066765625 0.10398412916666668 0.20363078437499998
4 0.10116116875 0.2227824484375 0.12582814375 0.21816982187499998 0.11921900833333333 0.1982889765625 0.09455203333333334 0.20290160156249998 0.10116116875 0.2227824484375
5 0.06692985208333332 0.21979835468750003 0.10080092291666666 0.2134646 0.09226412291666668 0.187785175 0.058393052083333334 0.1941189296875 0.06692985208333332 0.21979835468750003
5 0.24255007291666666 0.5616333499999999 0.26868970416666665 0.5567453437500001 0.2621723625 0.5371406203125 0.23603273125 0.5420286265625001 0.24255007291666666 0.5616333499999999
4 0.19698088958333332 0.47160987656250003 0.21907071874999998 0.467479165625 0.21365489791666667 0.4511879171875 0.19156506875 0.455318628125 0.19698088958333332 0.47160987656250003
3 0 0.32489728281249997 0.003655785416666667 0.335894196875 0.030163579166666666 0.3309373453125 0.024105204166666668 0.3127132359375 0 0.3172208125 0 0.32489728281249997
3 0.032804931249999995 0.30888676249999997 0.0556310875 0.30461836249999996 0.050490647916666666 0.2891554828125 0.02766449166666667 0.2934238828125 0.032804931249999995 0.30888676249999997
5 0 0.3507761796875 0.006525510416666667 0.370405471875 0.03708310625 0.3646913234375 0.030015002083333336 0.34342986249999996 0 0.34904254843750004 0 0.3507761796875
5 0.06383238125 0.2916465265625 0.08555404791666667 0.2875846625 0.07977105416666667 0.27018892031249997 0.0580493875 0.27425078593749996 0.06383238125 0.2916465265625
4 0 0.41018000312499997 0.0010597166666666666 0.413367721875 0.0209405625 0.40965008281250004 0.0148821875 0.39142597343749996 0 0.3942088828125 0 0.41018000312499997
4 0.0078401875 0.39376930625 0.03655696666666666 0.388399384375 0.0294888625 0.36713792343749996 0.0007720854166666667 0.372507846875 0.0078401875 0.39376930625
4 0.020230458333333333 0.378694353125 0.045265597916666664 0.37401288125 0.03975798541666666 0.357445509375 0.014722845833333333 0.36212698125 0.020230458333333333 0.378694353125
4 0.0544317125 0.36276699843750004 0.08093950833333333 0.3578101453125 0.07460575416666666 0.33875766875 0.04809795833333333 0.343714521875 0.0544317125 0.36276699843750004
4 0.08268370625 0.3083582671875 0.10072373333333333 0.3049848546875 0.09622585 0.29145483437499997 0.07818582291666668 0.294828246875 0.08268370625 0.3083582671875
5 0.0665565 0.335130309375 0.08717367291666665 0.33127498125 0.08166606041666666 0.314707609375 0.0610488875 0.3185629375 0.0665565 0.335130309375
4 0.036866366666666664 0.40344585468750005 0.06116517916666667 0.3989020734375 0.055473979166666666 0.38178245624999996 0.031175166666666664 0.38632623593750004 0.036866366666666664 0.40344585468750005
4 0.05116352083333333 0.41880954687500005 0.0695717125 0.4153672890625 0.06498203541666667 0.40156114687500005 0.046573843749999996 0.4050034046875 0.05116352083333333 0.41880954687500005
4 0.06601106041666667 0.381718434375 0.08957354375 0.3773123453125 0.08406593125 0.3607449734375 0.06050344791666666 0.36515106249999996 0.06601106041666667 0.381718434375
4 0.07372419166666666 0.40197941249999997 0.09581402083333333 0.397848703125 0.09085716875 0.38293806875 0.06876733958333332 0.387068778125 0.07372419166666666 0.40197941249999997
5 0.12089741041666667 0.44507016562499996 0.14151458333333336 0.4412148359375 0.13674131875 0.42685644843750004 0.11612414583333333 0.43071177812499994 0.12089741041666667 0.44507016562499996
5 0.12884348958333333 0.4619147734375 0.14430636875 0.4590232765625 0.13971669166666667 0.44521713281249997 0.12425381249999999 0.4481086296875 0.12884348958333333 0.4619147734375
4 0.13933715 0.45877935000000003 0.15774533958333334 0.45533709218749996 0.15333924791666667 0.44208319375 0.13493105833333333 0.44552545312499997 0.13933715 0.45877935000000003
4 0.10458252500000001 0.3124753375 0.11341845625000001 0.31082305312499997 0.11139899791666667 0.30474835 0.10256306666666666 0.306400634375 0.10458252500000001 0.3124753375
3 0.18787750625 0.68125328125 0.20444487916666668 0.67815525 0.2004059625 0.6660058453125 0.18383859166666666 0.6691038765624999 0.18787750625 0.68125328125
3 0.20813344375 0.6692534421875 0.22470081458333332 0.6661554109375001 0.22084548541666665 0.65455825 0.20427811458333334 0.65765628125 0.20813344375 0.6692534421875