4 0.33146231458333336 0.3702857109375 0.4543137395833333 0.34731298593750004 0.4171139375 0.235412790625 0.29426251249999996 0.25838551718749997 0.33146231458333336 0.3702857109375
4 0.5183991270833334 0.30594314375 0.6804444416666667 0.27564131718749996 0.6393850583333334 0.15213116875 0.47733974166666665 0.18243299531249998 0.5183991270833334 0.30594314375
4 0.52656353125 0.435735709375 0.6691765833333334 0.4090676390625 0.63329068125 0.30111976875 0.4906776291666667 0.32778783906250003 0.52656353125 0.435735709375
4 0.6338930770833334 0.4165838296875 0.7346773583333334 0.397737571875 0.7058536708333333 0.3110334484375 0.6050693875 0.32987970624999996 0.6338930770833334 0.4165838296875
4 0.6359162791666667 0.50685646875 0.7528392187499999 0.48499234687500004 0.72582214375 0.40372266874999996 0.6088992041666667 0.425586790625 0.6359162791666667 0.50685646875
4 0.25334658125 0.550452409375 0.42757823125 0.5178717875000001 0.38668308333333334 0.39485568125000003 0.21245143541666664 0.42743630312500003 0.25334658125 0.550452409375
4 0.3661623625 0.46887860156250005 0.47583937499999995 0.44836943749999997 0.4483295875 0.3656176390625 0.338652575 0.3861268015625 0.3661623625 0.46887860156250005
4 0.43615742916666667 0.5463095859375 0.5800879208333334 0.5193951593749999 0.54609075 0.4171287546875 0.40216025833333335 0.44404318125 0.43615742916666667 0.5463095859375
4 0.34011135625000005 0.559940609375 0.43957819375 0.5413407078125 0.4244683395833333 0.4958889734375 0.32500150208333334 0.514488875 0.34011135625000005 0.559940609375
4 0.37646185625 0.6050936953125 0.4894324708333333 0.583968640625 0.46750676041666667 0.518014221875 0.35453614375 0.5391392749999999 0.37646185625 0.6050936953125
4 0.41387326041666667 0.6613305703125001 0.499836325 0.6452558203125001 0.4803741770833333 0.5867120109374999 0.3944111125 0.6027867609374999 0.41387326041666667 0.6613305703125001
4 0.27437596249999996 0.6542254203125 0.4087550020833334 0.6290970765624999 0.37960283958333335 0.5414048734375 0.24522380000000002 0.566533215625 0.27437596249999996 0.6542254203125
4 0.2961784958333334 0.719809309375 0.3949866145833333 0.7013325859374999 0.37150064583333336 0.63068478125 0.27269252708333336 0.6491615046875 0.2961784958333334 0.719809309375
4 0.26505039583333334 0.729828159375 0.31873614166666664 0.7197891390625 0.29713890416666666 0.6548228015625 0.24345316041666668 0.6648618203125001 0.26505039583333334 0.729828159375
4 0.5992104229166666 0.63900494375 0.6726577895833333 0.6252705796875 0.6543453041666666 0.5701850515625 0.5808979354166667 0.5839194156249999 0.5992104229166666 0.63900494375
4 0.65201035 0.70312165 0.7366559708333333 0.68729325625 0.7134984791666666 0.617633534375 0.6288528583333334 0.6334619265625 0.65201035 0.70312165
4 0.7246520229166666 0.668547853125 0.8303767104166667 0.6487777593749999 0.80574108125 0.5746716703125 0.70001639375 0.5944417640624999 0.7246520229166666 0.668547853125
4 0.8196106458333333 0.8705310203125001 0.8976690583333333 0.8559344093749999 0.8753327520833333 0.7887448874999999 0.7972743395833334 0.8033414984375 0.8196106458333333 0.8705310203125001
4 0.7129824229166667 0.7902423703125 0.7890646770833333 0.77601529375 0.7697667645833334 0.7179655234375 0.6936845125000001 0.7321926000000001 0.7129824229166667 0.7902423703125
4 0.68287185 0.8627788546874999 0.7507200895833334 0.8500915046875 0.7344605729166667 0.801181484375 0.6666123333333334 0.8138688343749999 0.68287185 0.8627788546874999
4 0.82609570625 0.9416029765625 0.9015192375000001 0.9274990781250001 0.8827140395833334 0.8709314296875 0.8072905083333333 0.8850353296875 0.82609570625 0.9416029765625
4 0.8714871104166666 0.6629986890625 0.9439463979166667 0.6494490921875 0.9216922104166667 0.5825065921875 0.8492329229166666 0.5960561890625 0.8714871104166666 0.6629986890625
3 1 0.6954662953125 0.9837129020833333 0.6464733109374999 0.8895158291666667 0.6640877875 0.9112773020833332 0.729548165625 1 0.712957375 1 0.6954662953125
4 0.84880606875 0.7605146859375 0.9281819250000001 0.7456717171875 0.9074058770833333 0.6831755828125 0.8280300208333333 0.69801855 0.84880606875 0.7605146859375
4 0.7994046666666667 0.7666040359374999 0.8356343104166667 0.7598292375 0.8280793833333333 0.7371033703125 0.7918497395833334 0.74387816875 0.7994046666666667 0.7666040359374999
4 1 0.746672715625 0.9621762125 0.7537456125 0.9861548916666667 0.8258755375 1 0.8232865578125 1 0.746672715625
4 1 0.8029524046875001 0.9409261625 0.8139989765625 0.9613737354166666 0.87550703125 1 0.8682840734375 1 0.8029524046875001
4 1 0.8885694718750001 0.9941848270833333 0.8710769328125 0.9335825124999999 0.8824093234375001 0.9498009708333334 0.9311958312499999 1 0.9218088124999999 1 0.8885694718750001
4 0.47019951249999997 0.302493409375 0.5340954291666667 0.290545128125 0.5129909041666667 0.2270609125 0.4490949895833333 0.23900919375 0.47019951249999997 0.302493409375
4 0.5557496729166667 0.5319487875 0.6397365729166666 0.5162435734375 0.6192889979166666 0.45473551875 0.5353020979166666 0.4704407328125 0.5557496729166667 0.5319487875
4 0.5179709479166666 0.47197614374999997 0.6174377854166667 0.45337624375 0.59584055 0.3884099046875 0.49637371041666667 0.40700980624999994 0.5179709479166666 0.47197614374999997
4 0.23507203333333332 0.108748490625 0.29699178958333333 0.09716974375000001 0.2799110854166667 0.045789521875 0.2179913291666667 0.05736826874999999 0.23507203333333332 0.108748490625
4 0.29617259791666667 0.1899417203125 0.35545747083333334 0.1788556859375 0.3403476166666667 0.1334039515625 0.28106274375 0.1444899859375 0.29617259791666667 0.1899417203125
4 0.7180553895833334 0.3393186 0.76449520625 0.33063454062500003 0.7540661229166666 0.2992629640625 0.70762630625 0.3079470234375 0.7180553895833334 0.3393186