4 0.12823911691022966 0.4234564859375 0.053861551148225474 0.434277046875 0.06683460542797495 0.484228203125 0.1412121711899791 0.4734076421875 0.12823911691022966 0.4234564859375
4 0.1341374133611691 0.4793370453125 0.03850911482254697 0.49324919375 0.05516109603340292 0.5573656015624999 0.15078939457202506 0.5434534515625 0.1341374133611691 0.4793370453125
4 0.23655245720250523 0.5406478734375 0.16151080793319414 0.551565046875 0.1766137682672234 0.6097171375 0.2516554175365345 0.598799965625 0.23655245720250523 0.5406478734375
5 0.24327932776617955 0.614976903125 0.16558133402922753 0.6262805234375 0.18197514613778706 0.68940288125 0.25967313778705636 0.6780992593749999 0.24327932776617955 0.614976903125
5 0.3075961816283925 0.692791190625 0.21694852192066805 0.7059787484375 0.23560132359081418 0.7777990671875 0.32624898121085594 0.764611509375 0.3075961816283925 0.692791190625
4 0 0.45810289062500004 0.028643432150313154 0.4539358015625 0.015024949895615867 0.40149951250000004 0 0.403685365625 0 0.45810289062500004
4 0.0895218872651357 0.397109159375 0.03639505427974948 0.40483813125 0.04704457828810021 0.4458428109375 0.10017141127348643 0.4381138390625 0.0895218872651357 0.397109159375
4 0.06135583716075157 0.4299629796875 0.023502968684759918 0.4354698734375 0.03473337369519833 0.478711171875 0.07258624217118999 0.473204278125 0.06135583716075157 0.4299629796875
4 0 0.5209022609375 0.019954405010438415 0.5179992640625 0.00962759707724426 0.47823715 0 0.4796377875 0 0.5209022609375
4 0.2641084217118998 0.46829470625 0.19570762630480168 0.47824575625000004 0.2100360751565762 0.5334156890624999 0.27843687056367433 0.5234646374999999 0.2641084217118998 0.46829470625
4 0.33210215448851776 0.47336124531249996 0.263701356993737 0.483312296875 0.27725529645093944 0.535500071875 0.3456560918580376 0.5255490203125001 0.33210215448851776 0.47336124531249996
4 0.39502475991649266 0.56968948125 0.31367429645093947 0.5815244703125 0.32845454488517745 0.6384339953125 0.40980500835073064 0.62659900625 0.39502475991649266 0.56968948125
4 0.281526987473904 0.4079903625 0.218438872651357 0.4171685171875 0.22876568267223382 0.45693063125 0.29185379958246344 0.44775247656249995 0.281526987473904 0.4079903625
4 0.4423531774530271 0.46931425000000004 0.3829175344467641 0.4779610359375 0.39782686638830894 0.5353675875 0.457262509394572 0.5267208015625 0.4423531774530271 0.46931425000000004
4 0.4881284196242171 0.4691023703125 0.40212935908141967 0.48161364375 0.4189749686847599 0.5464755921875 0.5049740292275574 0.53396431875 0.4881284196242171 0.4691023703125
4 0.5624222108559499 0.6350864781250001 0.518924617954071 0.6414145734375001 0.5273796931106471 0.673969803125 0.5708772860125261 0.6676417078125 0.5624222108559499 0.6350864781250001
4 0.1581429561586639 0.232771140625 0.09505484342379958 0.24194929531249998 0.10835061169102296 0.293143015625 0.17143872442588726 0.2839648625 0.1581429561586639 0.232771140625
4 0.2063490918580376 0.28172298281249997 0.1452532338204593 0.2906113 0.1569354363256785 0.335592190625 0.21803129645093947 0.32670387343749996 0.2063490918580376 0.28172298281249997
4 0 0.4191595421875 0.045128876826722335 0.41259412500000003 0.03344667432150313 0.367613234375 0 0.3724791078125 0 0.4191595421875
4 0.2630238475991649 0.3108737828125 0.20524841753653444 0.3192790390625 0.21647882463465554 0.3625203390625 0.274254254697286 0.35411508125 0.2630238475991649 0.3108737828125
4 0.28804297494780795 0.355461815625 0.2584911711899791 0.35976105625 0.26384820459290187 0.380387653125 0.293400006263048 0.3760884125 0.28804297494780795 0.355461815625
4 0.40259968684759917 0.370646946875 0.33718727557411277 0.38016324375 0.34945036325678497 0.42738075468750003 0.41486277453027137 0.4178644578125 0.40259968684759917 0.370646946875
4 0.40903636951983297 0.3290908125 0.3519250250521921 0.3373994578125 0.36360722964509395 0.3823803484375 0.4207185720250522 0.374071703125 0.40903636951983297 0.3290908125
4 0.4216450438413361 0.3239037453125 0.39109711691022964 0.3283479046875 0.39742228810020874 0.3527021984375 0.42797021503131527 0.34825803906249997 0.4216450438413361 0.3239037453125
4 0.5191358141962422 0.3735516234375 0.45970016910229644 0.3821984109375 0.46963972442588725 0.42046944374999995 0.5290753695198329 0.41182265625000003 0.5191358141962422 0.3735516234375
5 0.2888169707724426 0.2529617375 0.22838519832985388 0.26175344375 0.2414227974947808 0.3119531125 0.30185456784968684 0.30316140625 0.2888169707724426 0.2529617375
5 0.24432324843423797 0.2594347515625 0.20281791022964507 0.2654730109375 0.2155973382045929 0.31467862812499997 0.25710267640918577 0.3086403671875 0.24432324843423797 0.2594347515625
4 0.1765890313152401 0.4066221546875 0.15234991440501044 0.4101484984375 0.15673880793319414 0.42704739687500004 0.18097792693110648 0.423521053125 0.1765890313152401 0.4066221546875
4 0.21630870981210856 0.18871849062499998 0.1472438267223382 0.19876615312499998 0.16086230688935282 0.2512024421875 0.22992718997912318 0.241154778125 0.21630870981210856 0.18871849062499998
4 0.11600612317327766 0.1793256875 0.06221520459290188 0.187151271875 0.07280018580375783 0.2279074375 0.12659110229645093 0.2200818546875 0.11600612317327766 0.1793256875
4 0.17334675156576201 0.075043784375 0.10428186847599165 0.0850914484375 0.11873940292275574 0.14075840781249999 0.1878042860125261 0.13071074375 0.17334675156576201 0.075043784375
4 0.16445706889352818 0.11179872500000002 0.09838056993736952 0.121411634375 0.11174088100208768 0.1728538703125 0.17781737995824634 0.1632409609375 0.16445706889352818 0.11179872500000002
4 0.1990633173277662 0.05067026249999999 0.14925691231732777 0.057916173437499996 0.16068094780793318 0.1019030125 0.21048735073068894 0.0946571015625 0.1990633173277662 0.05067026249999999
4 0.25365839874739043 0.13350952968750002 0.19621501252609605 0.1418664796875 0.20944623799582462 0.19281168906249999 0.266889624217119 0.18445473750000002 0.25365839874739043 0.13350952968750002
5 0.3176722839248434 0.13851030625 0.25524825678496865 0.1475918484375 0.26893127974947806 0.20027665 0.33135530688935283 0.1911951078125 0.3176722839248434 0.13851030625
4 0.27454603549060547 0.1714773359375 0.22274737160751568 0.17901308437500002 0.23249329853862213 0.216538578125 0.2842919624217119 0.2090028296875 0.27454603549060547 0.1714773359375
4 0.3573285114822547 0.186384875 0.3065259770354906 0.1937757046875 0.31698187265135697 0.23403484375 0.3677844050104384 0.22664401562499997 0.3573285114822547 0.186384875
4 0.38954643215031315 0.230828278125 0.34804109185803755 0.2368665375 0.3577870187891441 0.2743920328125 0.39929235908141963 0.2683537734375 0.38954643215031315 0.230828278125
4 0.3368037223382046 0.222124528125 0.2972906409185804 0.22787295156249998 0.30735928183716077 0.2666410125 0.34687236325678494 0.26089259062500003 0.3368037223382046 0.222124528125
4 0.3127046847599165 0.3164123359375 0.2655546200417537 0.3232717984375 0.27639777035490604 0.3650220171875 0.3235478350730689 0.35816255468749997 0.3127046847599165 0.3164123359375
4 0.3569792108559499 0.06032114374999999 0.30883301878914404 0.067325525 0.3198697974947808 0.10982128437500001 0.36801598956158665 0.102816903125 0.3569792108559499 0.06032114374999999
4 0.3040494572025052 0.027014873437499996 0.2625441189979123 0.033053132812500004 0.27132190605427975 0.0668509296875 0.31282724634655534 0.0608126703125 0.3040494572025052 0.027014873437499996
3 0.42130456158663887 0.0910669046875 0.35722031941544885 0.10038997812499999 0.37238782254697284 0.1587905828125 0.43647206471816286 0.1494675109375 0.42130456158663887 0.0910669046875
4 0.46757358872651356 0.0867856953125 0.4280605052192067 0.09253411875 0.4359346993736952 0.12285272968750001 0.4754477807933194 0.11710430624999998 0.46757358872651356 0.0867856953125
4 0.2546991962421712 0.0950595234375 0.20555687682672233 0.1022088234375 0.21723907933194153 0.1471897140625 0.26638140083507306 0.1400404140625 0.2546991962421712 0.0950595234375
4 0.28519734446764095 0.07914592499999999 0.23439480793319417 0.0865367546875 0.24543158663883088 0.1290325140625 0.296234121085595 0.121641684375 0.28519734446764095 0.07914592499999999
4 0.10713254697286013 0.35611959375 0.05898635490605428 0.36312397500000004 0.06776414405010438 0.396921771875 0.11591033611691023 0.389917390625 0.10713254697286013 0.35611959375
4 0.22127241962421712 0.337193225 0.1844156784968685 0.3425552 0.19209624425887264 0.37212827187499997 0.22895298329853864 0.3667662984375 0.22127241962421712 0.337193225
4 0.47918563048016705 0.3112772546875 0.4493017870563674 0.3156248015625 0.4549815323590814 0.3374939640625 0.484865375782881 0.3331464171875 0.47918563048016705 0.3112772546875
4 0.630040375782881 0.32956354062500004 0.5752533319415449 0.3375340421875 0.5866128225469729 0.3812723671875 0.6413998684759917 0.3733018640625 0.630040375782881 0.32956354062500004
4 0.6192685448851775 0.42939167031250003 0.562821286012526 0.437603703125 0.5739871482254697 0.48059648906249997 0.6304344091858037 0.47238445625000003 0.6192685448851775 0.42939167031250003
4 0.7280755386221294 0.4323891796875 0.6536979728601253 0.44320974062499996 0.6672519123173278 0.495397515625 0.741629478079332 0.4845769546875 0.7280755386221294 0.4323891796875
4 0.7144823006263048 0.3535141671875 0.6626836388308976 0.361049915625 0.6734622463465553 0.4025516203125 0.7252609081419624 0.395015871875 0.7144823006263048 0.3535141671875
4 0.7658042421711899 0.310972971875 0.7425612526096034 0.314354396875 0.7482409979123174 0.3362235578125 0.7714839853862212 0.3328421328125 0.7658042421711899 0.310972971875
4 0.6992517891440501 0.2762958125 0.6849739540709813 0.2783729734375 0.6882010814196242 0.29079863437500003 0.7024789164926931 0.2887214734375 0.6992517891440501 0.2762958125
4 1 0.6520216734375001 0.9883479457202504 0.65371683125 0.9945440334029227 0.6775741015625 1 0.676780359375 1 0.6520216734375001
4 0.9116888329853863 0.6497819921875 0.8947546555323591 0.6522456015625 0.8988208371607516 0.667901934375 0.9157550146137787 0.665438325 0.9116888329853863 0.6497819921875
4 0.8893172338204594 0.71158061875 0.8610936033402923 0.7156866359375 0.8662570083507307 0.7355676921875001 0.8944806388308978 0.731461675 0.8893172338204594 0.71158061875
4 0.9177022192066806 0.7080958859375001 0.8884824613778706 0.7123468203125001 0.894291292275574 0.734713009375 0.9235110501043841 0.7304620749999999 0.9177022192066806 0.7080958859375001
4 0.9377791732776617 0.73431809375 0.9009224342379959 0.73968006875 0.9076994029227556 0.76577395625 0.9445561440501044 0.76041198125 0.9377791732776617 0.73431809375
4 0.987606987473904 0.7470565484375 0.9331519853862213 0.75497874375 0.9434787954070981 0.7947408593749999 0.9979337995824634 0.7868186625 0.987606987473904 0.7470565484375
4 1 0.88774498125 0.9908925908141962 0.889069940625 0.9938615469728601 0.9005015468750001 1 0.899608515625 1 0.88774498125
4 0.9679346096033402 0.903499728125 0.9526606471816285 0.9057218078125 0.9565332004175365 0.9206326 0.9718071649269311 0.918410521875 0.9679346096033402 0.903499728125
4 0.12360233611691024 0.22515891875 0.056861751565762 0.2348684390625 0.06822124217118998 0.27860676406249996 0.1349618267223382 0.2688972421875 0.12360233611691024 0.22515891875
4 0.24147110229645094 0.062038114062500004 0.18801222755741126 0.0698153921875 0.19846812317327767 0.110074534375 0.2519269979123173 0.10229725625 0.24147110229645094 0.062038114062500004