3 0.6792237979166666 1 0.6851887666666666 0.8718892671875 0.4270789 0.865129221875 0.42088146875 0.9982326125000001 0.4883632875 1 0.6792237979166666 1
3 0.08035829166666668 0.8569169921875 0.33318037500000003 0.8635385484375 0.34260923958333334 0.6610330171875 0.08978715625000001 0.6544114609375 0.08035829166666668 0.8569169921875
3 0.09549513958333335 0.588672603125 0.41672790416666666 0.597085875 0.4276339979166667 0.36285365 0.10640123125 0.354440378125 0.09549513958333335 0.588672603125
4 0.41337585416666667 0.46298787656249996 0.6119981708333333 0.46818990937500005 0.6196151229166666 0.30459915 0.42099280625 0.29939711562500004 0.41337585416666667 0.46298787656249996
4 0.18898086249999999 0.35039901093750003 0.3783495604166667 0.3553586875 0.38480088958333336 0.21680227031250002 0.19543218958333333 0.2118425953125 0.18898086249999999 0.35039901093750003
4 0.38039805833333334 0.3113626859375 0.54068395625 0.31556066562499996 0.5464197520833333 0.192371865625 0.38613385625 0.1881738859375 0.38039805833333334 0.3113626859375
4 0.43429883124999996 0.21971173593749999 0.5717811666666667 0.2233124765625 0.5769630041666667 0.11202118750000001 0.43948066874999997 0.10842044531249999 0.43429883124999996 0.21971173593749999
4 0.26855991041666666 0.2153709375 0.43545553541666665 0.21974202968749998 0.4416875875 0.08589504375 0.2747919645833334 0.0815239515625 0.26855991041666666 0.2153709375
4 0.3301185291666667 0.10493577031250001 0.44942411250000003 0.10806045156249999 0.4540750708333333 0.008170942187499999 0.3347694854166667 0.005046259375 0.3301185291666667 0.10493577031250001
4 0.44541315833333334 0.12669201562500002 0.5597614458333333 0.1296868625 0.5635237604166666 0.048882940624999996 0.44917547083333337 0.04588809375 0.44541315833333334 0.12669201562500002
4 0.03885843333333334 0 0.03619128958333333 0.0572827515625 0.15979319583333332 0.06051995624999999 0.16261106875 0 0.03885843333333334 0
3 0.022975741666666667 0 0.017125358333333333 0.125649759375 0.09082382291666667 0.127579965625 0.09676407708333333 0 0.022975741666666667 0
3 0.011354939583333333 0.24958215312499998 0.13941841458333334 0.252936209375 0.14479644583333334 0.13743121875 0.016732970833333336 0.13407716249999999 0.011354939583333333 0.24958215312499998
5 0.0440432 0.194228440625 0.18119505 0.197820528125 0.18597295625000002 0.0952045046875 0.04882110625 0.09161241875000001 0.0440432 0.194228440625
4 0.10347987708333334 0.13647319687499998 0.21419281458333334 0.13937283281249999 0.21817440416666667 0.053859481249999994 0.10746146666666667 0.050959845312499995 0.10347987708333334 0.13647319687499998
3 0.0064443124999999995 0.355048621875 0.020159497916666665 0.35540783125000003 0.02407184375 0.2713816671875 0.01035665625 0.2710224578125 0.0064443124999999995 0.355048621875
5 0.7355833145833334 0.3438688125 0.8165524770833333 0.34598944062500003 0.8192299520833333 0.288484809375 0.7382607895833334 0.28636418125 0.7355833145833334 0.3438688125
5 0.6759147895833333 0.3106647609375 0.7694424375000001 0.313114303125 0.7726161666666667 0.2449514859375 0.6790885208333334 0.24250194375 0.6759147895833333 0.3106647609375