3 0.34904100625 0.33680555624999997 0.26207010625 0.33680555624999997 0.26207010625 0.43154761875 0.34904100625 0.43154761875 0.34904100625 0.33680555624999997
5 0.3447420625 0.42125496093750003 0.22867063541666666 0.42125496093750003 0.22867063541666666 0.5028521828125 0.3447420625 0.5028521828125 0.3447420625 0.42125496093750003
4 0.36193783124999995 0.49007936562500004 0.27496693125 0.49007936562500004 0.27496693125 0.5644841265625 0.36193783124999995 0.5644841265625 0.36193783124999995 0.49007936562500004
5 0.4880952375 0.44853670625 0.39715608541666664 0.44853670625 0.39715608541666664 0.5353422625 0.4880952375 0.5353422625 0.4880952375 0.44853670625
4 0.50049603125 0.53447420625 0.4181547625 0.53447420625 0.4181547625 0.612847221875 0.50049603125 0.612847221875 0.50049603125 0.53447420625
4 0.424603175 0.257564484375 0.3624338625 0.257564484375 0.3624338625 0.30791170625 0.424603175 0.30791170625 0.424603175 0.257564484375
4 0.40823412708333334 0.24466765937499999 0.36160714374999997 0.24466765937499999 0.36160714374999997 0.2806299609375 0.40823412708333334 0.2806299609375 0.40823412708333334 0.24466765937499999
4 0.45403439166666665 0.27008928593750003 0.3958333333333333 0.27008928593750003 0.3958333333333333 0.32490079375 0.45403439166666665 0.32490079375 0.45403439166666665 0.27008928593750003
4 0.4899140208333333 0.2886904765625 0.43005952291666666 0.2886904765625 0.43005952291666666 0.343005953125 0.4899140208333333 0.343005953125 0.4899140208333333 0.2886904765625
4 0.5175264541666666 0.3282490078125 0.46858465625 0.3282490078125 0.46858465625 0.37165178593750003 0.5175264541666666 0.37165178593750003 0.5175264541666666 0.3282490078125
4 0.46858465625 0.3396577375 0.42427248749999996 0.3396577375 0.42427248749999996 0.379836309375 0.46858465625 0.379836309375 0.46858465625 0.3396577375
4 0.43452381041666666 0.3396577375 0.40839947083333333 0.3396577375 0.40839947083333333 0.364211309375 0.43452381041666666 0.364211309375 0.43452381041666666 0.3396577375
4 0.42195767291666664 0.547619046875 0.3607804229166666 0.547619046875 0.3607804229166666 0.593005953125 0.42195767291666664 0.593005953125 0.42195767291666664 0.547619046875
4 0.49470899375 0.6035466265625 0.4371693125 0.6035466265625 0.4371693125 0.64521329375 0.49470899375 0.64521329375 0.49470899375 0.6035466265625
4 0.5396825395833333 0.6054067453124999 0.49437830625 0.6054067453124999 0.49437830625 0.6493055562500001 0.5396825395833333 0.6493055562500001 0.5396825395833333 0.6054067453124999
4 0.5147156083333333 0.635292659375 0.44593253958333334 0.635292659375 0.44593253958333334 0.6881200390625 0.5147156083333333 0.6881200390625 0.5147156083333333 0.635292659375
4 0.5357142854166667 0.6855158734375 0.48511904791666666 0.6855158734375 0.48511904791666666 0.731398809375 0.5357142854166667 0.731398809375 0.5357142854166667 0.6855158734375
4 0.4535383604166666 0.6455853171875 0.4181547625 0.6455853171875 0.4181547625 0.6914682546875001 0.4535383604166666 0.6914682546875001 0.4535383604166666 0.6455853171875