5 0.8472756416666667 0.21478365312499997 0.681891025 0.21478365312499997 0.681891025 0.35853365312499996 0.8472756416666667 0.35853365312499996 0.8472756416666667 0.21478365312499997
3 0.5793269229166668 0.239783653125 0.41298076875 0.239783653125 0.41298076875 0.3703125 0.5793269229166668 0.3703125 0.5793269229166668 0.239783653125
3 0.4915064104166667 0.23365384687500002 0.38669871875 0.23365384687500002 0.38669871875 0.33485576875 0.4915064104166667 0.33485576875 0.4915064104166667 0.23365384687500002
3 0.3854166666666667 0.38569711562500003 0.22131410208333333 0.38569711562500003 0.22131410208333333 0.5109375 0.3854166666666667 0.5109375 0.3854166666666667 0.38569711562500003
5 0.47996794791666664 0.3349759609375 0.35753205208333333 0.3349759609375 0.35753205208333333 0.42920673125000003 0.47996794791666664 0.42920673125000003 0.47996794791666664 0.3349759609375
5 0.18573717916666668 0.32235576875 0.011057691666666668 0.32235576875 0.011057691666666668 0.449759615625 0.18573717916666668 0.449759615625 0.18573717916666668 0.32235576875
4 0.2602564104166667 0.3615384609375 0.15961538541666667 0.3615384609375 0.15961538541666667 0.45024038437499997 0.2602564104166667 0.45024038437499997 0.2602564104166667 0.3615384609375
4 0.19615384583333334 0.4362980765625 0.08429487083333333 0.4362980765625 0.08429487083333333 0.5084134609375 0.19615384583333334 0.5084134609375 0.19615384583333334 0.4362980765625
4 0.9375 0.32463942343749996 0.7727564104166667 0.32463942343749996 0.7727564104166667 0.4472355765625 0.9375 0.4472355765625 0.9375 0.32463942343749996
5 0.38605769166666665 0.474759615625 0.281891025 0.474759615625 0.281891025 0.5384615390625 0.38605769166666665 0.5384615390625 0.38605769166666665 0.474759615625
4 0.7325320520833334 0.379447115625 0.6097756416666668 0.379447115625 0.6097756416666668 0.4734375 0.7325320520833334 0.4734375 0.7325320520833334 0.379447115625
4 0.3336538458333333 0.503966346875 0.19679487083333333 0.503966346875 0.19679487083333333 0.607091346875 0.3336538458333333 0.607091346875 0.3336538458333333 0.503966346875
4 0.27836538541666667 0.5332932687499999 0.15272435833333334 0.5332932687499999 0.15272435833333334 0.6248798078125 0.27836538541666667 0.6248798078125 0.27836538541666667 0.5332932687499999
4 0.37852564166666663 0.5887019234374999 0.28141025625 0.5887019234374999 0.28141025625 0.6677884609375 0.37852564166666663 0.6677884609375 0.37852564166666663 0.5887019234374999
4 0.29631410208333336 0.6074519234375 0.18926282083333332 0.6074519234375 0.18926282083333332 0.6704326921875 0.29631410208333336 0.6704326921875 0.29631410208333336 0.6074519234375
4 0.7931089750000001 0.542908653125 0.6482371791666667 0.542908653125 0.6482371791666667 0.647716346875 0.7931089750000001 0.647716346875 0.7931089750000001 0.542908653125
4 0.73669871875 0.59266826875 0.6341346145833333 0.59266826875 0.6341346145833333 0.6655048078125 0.73669871875 0.6655048078125 0.73669871875 0.59266826875
4 0.938141025 0.5800480765625 0.8041666666666667 0.5800480765625 0.8041666666666667 0.6800480765625 0.938141025 0.6800480765625 0.938141025 0.5800480765625
4 0.23830128125 0.7842548078125 0.17964743541666667 0.7842548078125 0.17964743541666667 0.8436298078125001 0.23830128125 0.8436298078125001 0.23830128125 0.7842548078125
3 0.30849358958333334 0.7792067312500001 0.22099358958333332 0.7792067312500001 0.22099358958333332 0.847716346875 0.30849358958333334 0.847716346875 0.30849358958333334 0.7792067312500001
4 0 0.40673076874999997 0.032692308333333336 0.40673076874999997 0.032692308333333336 0.31538461562500003 0 0.31538461562500003 0 0.40673076874999997
4 0 0.566466346875 0.031410256250000004 0.566466346875 0.031410256250000004 0.4943509609375 0 0.4943509609375 0 0.566466346875
5 0.26314102500000003 0.4462740390625 0.18333333333333332 0.4462740390625 0.18333333333333332 0.4996394234375 0.26314102500000003 0.4996394234375 0.26314102500000003 0.4462740390625