1 0.13645666041666665 0.24176091249999998 0.05551593125 0.2310568859375 0.0400520125 0.29683206093750003 0.12099274166666667 0.3075360875 0.13645666041666665 0.24176091249999998
1 0.18998227916666668 0.3044627109375 0.056525402083333336 0.2868136734375 0.02657552083333333 0.414204328125 0.1600324 0.431853365625 0.18998227916666668 0.3044627109375
1 0.13949204999999998 0.3367889359375 0.03393979375 0.322830153125 0.009429789583333332 0.42708250468750003 0.11498204583333332 0.44104128906250006 0.13949204999999998 0.3367889359375
2 0.11581724166666667 0.43672868125 0.05480838541666667 0.42866055156250005 0.04423424375 0.4736372515625 0.1052431 0.4817053828125 0.11581724166666667 0.43672868125
1 0 0.49754259375 0.05651494791666667 0.5050164265625 0.0668446 0.46107965 0.0034092520833333335 0.45269062812499994 0 0.46719175 0 0.49754259375
1 0.7320070375000001 0.43216828749999997 0.49143801875000004 0.40035418125 0.45201419791666664 0.5680418796875 0.6925832166666667 0.5998559859375 0.7320070375000001 0.43216828749999997
1 0.7690203541666667 0.514935728125 0.36033033541666665 0.4608884203125 0.28735042499999996 0.7713056484374999 0.6960404437500001 0.82535295625 0.7690203541666667 0.514935728125
2 0.28514758125 0.6028041421875 0.21477941041666665 0.5934982859375 0.2027383375 0.6447145296875 0.27310650833333333 0.654020384375 0.28514758125 0.6028041421875
0 0.33961456250000005 0.574086559375 0.2709795979166667 0.5650099125 0.2577772020833333 0.6211657921875 0.32641216666666667 0.6302424390625 0.33961456250000005 0.574086559375
0 0.35841737916666666 0.810324990625 0.17989714166666668 0.7867165390624999 0.14163464166666667 0.9494646015624999 0.3201548791666667 0.9730730515625 0.35841737916666666 0.810324990625
2 0.5708619270833334 0.8074583734375 0.36149061875000005 0.779770015625 0.322005675 0.9477176937499999 0.5313769833333333 0.9754060515624999 0.5708619270833334 0.8074583734375
1 0.18231718749999998 0.9170476421875 0.17122350833333336 0.9642341812499999 0.29913412500000003 0.9811497515625 0.3102278041666667 0.9339632124999999 0.18231718749999998 0.9170476421875
1 0.29295348125 0.9131823453125 0.27764236875 0.97830756875 0.43883054166666663 0.9996239359375 0.45414165416666663 0.9344987140625 0.29295348125 0.9131823453125