4 0.73265321875 0.26723113593750003 0.58556638125 0.2768824578125 0.5971690645833333 0.37634691875000004 0.7442559020833334 0.3666955953125 0.73265321875 0.26723113593750003
5 0.7052582041666666 0.36118435937500004 0.555071175 0.37103910625 0.5683313854166666 0.48471277500000004 0.7185184145833333 0.474858028125 0.7052582041666666 0.36118435937500004
4 0.9168464729166667 0.331681075 0.8241852083333333 0.33776118125 0.8364509020833334 0.44290932656250004 0.9291121666666666 0.43682921874999997 0.9168464729166667 0.331681075
4 0.7999245833333333 0.44816965 0.6917623625 0.45526687499999996 0.70463079375 0.5655820046875 0.8127930125 0.558484778125 0.7999245833333333 0.44816965
3 0.39535106666666664 0.3809987265625 0.24206384583333335 0.391056896875 0.25607747708333334 0.5111892984375 0.40936469583333335 0.501131128125 0.39535106666666664 0.3809987265625
5 0.40626450625000005 0.5013345515625 0.24677690416666667 0.51179956875 0.26051930208333335 0.629606825 0.4200069041666667 0.6191418078125001 0.40626450625000005 0.5013345515625
4 0.5181174729166667 0.44999993437499997 0.3755086875 0.45935742343749997 0.38656890833333335 0.5541715968750001 0.52917769375 0.5448141078125001 0.5181174729166667 0.44999993437499997
4 0.5148480166666667 0.53950653125 0.3977296895833333 0.5471914250000001 0.40737347916666666 0.629863184375 0.52449180625 0.6221782890625 0.5148480166666667 0.53950653125
4 0.3413501395833333 0.6366685078125001 0.24627761458333333 0.642906834375 0.25646386666666665 0.7302288796874999 0.35153639166666667 0.7239905531249999 0.3413501395833333 0.6366685078125001
4 0.45824259375 0.616632915625 0.33492388749999996 0.6247246578125 0.3463156125 0.722380671875 0.46963432083333334 0.71428893125 0.45824259375 0.616632915625
4 0.5631769708333334 0.6517902546875 0.44984776458333336 0.6592265203125 0.4610285333333334 0.7550740921875 0.5743577375 0.7476378265625 0.5631769708333334 0.6517902546875
4 0.40790852499999997 0.6984241671875 0.2976795125 0.7056570093750001 0.3096137 0.8079633109375 0.41984271458333333 0.80073046875 0.40790852499999997 0.6984241671875
4 0.5174419687499999 0.7030818328125 0.43167001875 0.7087098875 0.4415247645833333 0.793190090625 0.5272967166666667 0.7875620359375 0.5174419687499999 0.7030818328125
4 0.6058989875 0.6713750828125 0.5414839083333334 0.675601775 0.5514893395833333 0.761373725 0.61590441875 0.7571470328125 0.6058989875 0.6713750828125
4 0.6746236354166667 0.7040923343750001 0.6164089374999999 0.707912178125 0.6251184833333333 0.7825751109375 0.6833331833333334 0.7787552671875 0.6746236354166667 0.7040923343750001
4 0.7608069604166666 0.6871130734374999 0.6619453145833333 0.693600028125 0.6731260833333333 0.7894475984375 0.7719877291666666 0.78296064375 0.7608069604166666 0.6871130734374999
4 0.7769584333333334 0.6634048453125 0.7308000354166667 0.6664335984374999 0.73523015 0.7044109375 0.7813885500000001 0.701382184375 0.7769584333333334 0.6634048453125
3 0 0.404076684375 0.018346358333333333 0.4028728609375 0.014066927083333335 0.3661872671875 0 0.3671102890625 0 0.404076684375
4 0.052483437499999994 0.36522847187499996 0.010458625 0.3679859921875 0.0150695625 0.407513428125 0.057094372916666664 0.40475590625 0.052483437499999994 0.36522847187499996
4 0 0.085436778125 0.018488925 0.0842236 0.014480725 0.0498631484375 0 0.0508133234375 0 0.085436778125
4 0.09886333541666666 0.0918358859375 0.0554606625 0.09468381718749999 0.059649683333333335 0.13059436093750001 0.10305235625 0.1277464296875 0.09886333541666666 0.0918358859375
4 0.09711282083333334 0.10509724843749998 0.0550880125 0.10785476875 0.059427716666666665 0.14505706093749998 0.10145252708333333 0.14229953906249998 0.09711282083333334 0.10509724843749998
4 0.08469652083333333 0.1370210046875 0.051972283333333334 0.1391682546875 0.05525719791666666 0.167328321875 0.08798143750000001 0.1651810734375 0.08469652083333333 0.1370210046875