3 0.3780025135699374 0.666512840625 0.5722216221294363 0.671588953125 0.5786784572025052 0.5332031765624999 0.38445934864300624 0.5281270625000001 0.3780025135699374 0.666512840625
3 0.42696177244258876 0.4211318515625 0.5529618872651357 0.4244249921875 0.5572447473903966 0.3326328140625 0.43124463465553237 0.3293396734375 0.42696177244258876 0.4211318515625
5 0.4832629603340292 0.6783426015625 0.6059080417536535 0.6815480546875 0.6109459373695199 0.5735736703125001 0.48830085386221295 0.5703682171875 0.4832629603340292 0.6783426015625
4 0.588509853862213 0.39448658124999997 0.7286756617954071 0.39814995625 0.7339608935281837 0.284874503125 0.5937950876826722 0.281211128125 0.588509853862213 0.39448658124999997
4 0.42923749895615865 0.5083465984375 0.5585926450939457 0.5117274265625 0.5626802379958247 0.42412030156249997 0.4333250918580375 0.420739475 0.42923749895615865 0.5083465984375
4 0.6187802776617954 0.4976572390625 0.7395614509394572 0.5008139765624999 0.7435318830897704 0.41571788437499996 0.6227507098121086 0.4125611453125 0.6187802776617954 0.4976572390625
4 0.5560115720250522 0.5510474453125 0.659272018789144 0.5537462625 0.6629430438413361 0.47506725312500003 0.5596825949895616 0.4723684375 0.5560115720250522 0.5510474453125
4 0.5690370104384134 0.64385068125 0.6741613653444677 0.6465982125 0.6780667098121085 0.5628971390624999 0.5729423549060543 0.5601496078125 0.5690370104384134 0.64385068125
4 0.49590911691022965 0.727278946875 0.6043885052192067 0.730114165625 0.6077210647181628 0.6586892468750001 0.4992416764091858 0.655854028125 0.49590911691022965 0.727278946875
4 0.39679421711899787 0.8237158593749999 0.5727470396659707 0.8283145640624999 0.5794121586638832 0.68546473125 0.4034593382045929 0.6808660265625 0.39679421711899787 0.8237158593749999
4 0.38729241753653443 0.915371634375 0.5308132588726513 0.9191226984374999 0.5355517411273487 0.8175653953124999 0.39203089979123174 0.8138143328125 0.38729241753653443 0.915371634375
4 0.28081010647181626 0.7177463015625001 0.40420075156576196 0.7209712421875001 0.4084185219206681 0.63057408125 0.285027878914405 0.6273491421874999 0.28081010647181626 0.7177463015625001
4 0.27387103340292274 0.7904736781249999 0.37974095198329855 0.7932406953125 0.38347706471816284 0.7131666671875 0.2776071461377871 0.71039965 0.27387103340292274 0.7904736781249999
4 0.16614135073068892 0.7915688656250001 0.2817035845511482 0.7945892015625 0.2857391064718163 0.7080980921875 0.170176872651357 0.70507775625 0.16614135073068892 0.7915688656250001
4 0.1849319394572025 0.57682556875 0.3057131127348643 0.57998230625 0.30993088517745304 0.489585146875 0.18914970981210855 0.4864284078125 0.1849319394572025 0.57682556875
4 0.03685074530271398 0.5348248843750001 0.23740714196242169 0.5400666296875001 0.24412433194154487 0.3961007828125 0.04356793736951983 0.3908590390625 0.03685074530271398 0.5348248843750001