3 0.5877683333333333 1 0.8135822083333333 0.954620015625 0.7440845020833333 0.7600932859375 0.44481261041666664 0.8202355328125 0.50903626875 1 0.5877683333333333 1
3 0.7054030916666666 0.5991919718750001 0.47148943125000004 0.646199703125 0.5349037833333333 0.8236988937499999 0.76881744375 0.7766911609375 0.7054030916666666 0.5991919718750001
5 0.8364901833333334 0.5104940859375 0.6208080291666668 0.5538379796874999 0.6750973520833334 0.7057958625 0.89077950625 0.66245196875 0.8364901833333334 0.5104940859375
3 0.4800181125 0.50650424375 0.29254319166666665 0.5441795593750001 0.3436986645833333 0.687365678125 0.5311735854166667 0.6496903625 0.4800181125 0.50650424375
3 0.3626980229166667 0.3886431375 0.14701586875 0.4319870328125 0.20305645833333333 0.5888467828125 0.41873861458333334 0.5455028875 0.3626980229166667 0.3886431375
3 0.5627782354166667 0.37954269687500003 0.3753033145833333 0.41721801249999996 0.42710399375 0.562210084375 0.6145789125000001 0.5245347687499999 0.5627782354166667 0.37954269687500003
3 0.7118782770833333 0.2292947796875 0.47865259791666664 0.27616425312500004 0.5377348645833333 0.4415377734375 0.7709605458333333 0.3946682984375 0.7118782770833333 0.2292947796875
5 0.49567174583333334 0.2531114125 0.348787725 0.282629503125 0.39597980208333333 0.41472192343750003 0.5428638229166667 0.3852038328125 0.49567174583333334 0.2531114125
4 0.2919412229166667 0.19575201874999998 0.15021706458333334 0.224233175 0.19538135625 0.35064975 0.3371055145833333 0.32216859375 0.2919412229166667 0.19575201874999998
4 0.42014983125 0.1289243375 0.22476312708333335 0.1681896203125 0.28089588958333334 0.3253073625 0.4762825958333333 0.28604208125 0.42014983125 0.1289243375
4 0.5932411354166667 0.1701815015625 0.42640565625 0.20370907656249998 0.4707404 0.3278037125 0.6375758791666667 0.2942761390625 0.5932411354166667 0.1701815015625
4 0.5824999604166667 0.05910673749999999 0.41704044375000004 0.0923577953125 0.46109867083333334 0.2156784515625 0.6265581875 0.18242739375 0.5824999604166667 0.05910673749999999
4 0.3075812729166667 0.091957115625 0.17961674166666666 0.117673109375 0.21353604583333335 0.2126145375 0.3415005770833333 0.1868985421875 0.3075812729166667 0.091957115625
4 0.42177802708333334 0.0782712078125 0.29794138125 0.1031576546875 0.332229375 0.19913105312499998 0.45606601874999997 0.17424460625 0.42177802708333334 0.0782712078125