3 0 0.488325896875 0.025364849686847598 0.48633059687499997 0.008853632567849688 0.3687557609375 0 0.369452221875 0 0.488325896875
3 0.5665734070981211 0.16245073593749998 0.27058357411273487 0.185734465625 0.30294243423799583 0.4161589078125 0.598932267223382 0.392875178125 0.5665734070981211 0.16245073593749998
3 0.3859265010438413 0.26911843750000003 0.1645840396659708 0.286530109375 0.18933134864300627 0.462753384375 0.41067380793319413 0.4453417125 0.3859265010438413 0.26911843750000003
3 0.22817072651356995 0.409113584375 0.050651100208768264 0.4230779796875 0.06774782045929019 0.5448221359375001 0.24526744676409187 0.530857740625 0.22817072651356995 0.409113584375
3 0.7188311837160751 0.32822199687500003 0.5179146200417537 0.3440268875 0.5412567181628393 0.5102437937500001 0.742173279749478 0.494438903125 0.7188311837160751 0.32822199687500003
4 0.21469830688935282 0.5270798734375 0.1066267369519833 0.5355812109375 0.11443345929018789 0.59117215 0.2225050292275574 0.5826708140625 0.21469830688935282 0.5270798734375
3 0.8187462505219207 0.39399089374999996 0.6716797828810022 0.4055597234375 0.6875664613778706 0.5186872828125 0.8346329290187892 0.507118453125 0.8187462505219207 0.39399089374999996
5 0.9091470480167014 0.48425485156250003 0.7513105636743216 0.49667089375 0.766494636743215 0.6047952703125 0.924331121085595 0.5923792296875 0.9091470480167014 0.48425485156250003
3 0.625717279749478 0.45259371406250004 0.3895196200417536 0.4711739546875 0.41383755741127354 0.6443397296875 0.6500352171189979 0.6257594890625 0.625717279749478 0.45259371406250004
5 0.7350896931106472 0.53223196875 0.582081146137787 0.5442682265625 0.598162993736952 0.6587855609375 0.7511715407098122 0.6467493046875 0.7350896931106472 0.53223196875
4 0.9111242505219207 0.6092960578125 0.8294206597077245 0.6157231859375 0.8411307411273486 0.6991095953124999 0.9228343340292275 0.6926824671875 0.9111242505219207 0.6092960578125
4 0.04114334446764092 0.6026984578125 0.011990016701461378 0.6049917734375 0.01737665553235908 0.6433495203125 0.04652998329853862 0.6410562046875 0.04114334446764092 0.6026984578125
4 0.21181307724425888 0.5840739359375 0.10448426722338204 0.59251684375 0.1135010292275574 0.6567243765625 0.2208298413361169 0.64828146875 0.21181307724425888 0.5840739359375
4 0.2881087807933194 0.5939501390624999 0.1774375490605428 0.602655975 0.18785952192066807 0.6768698796875 0.29853075365344467 0.6681640437499999 0.2881087807933194 0.5939501390624999
5 0.40217609603340293 0.46905424531250006 0.23022716910229646 0.4825804265625 0.24986107515657618 0.6223916390625 0.42180999999999996 0.60886545625 0.40217609603340293 0.46905424531250006
5 0.5466673048016701 0.5741729546875 0.35652075991649274 0.5891306328125 0.37494462212943636 0.7203252484375 0.5650911670146138 0.7053675703125 0.5466673048016701 0.5741729546875
4 0.8713291670146138 0.6066654796875001 0.726119599164927 0.6180882375000001 0.7425137139874739 0.7348292109375001 0.8877232818371608 0.7234064515624999 0.8713291670146138 0.6066654796875001
4 0.7573617849686848 0.627995715625 0.644833655532359 0.636847621875 0.6585734864300626 0.734687675 0.7711016158663883 0.7258357671875 0.7573617849686848 0.627995715625
5 0.7902351878914404 0.502461225 0.6966474342379958 0.50982320625 0.7093333569937369 0.60015848125 0.8029211106471816 0.5927965000000001 0.7902351878914404 0.502461225
4 0.8100557954070982 0.730499671875 0.7357798037578288 0.7363425140625 0.7477631210855951 0.8216746046875001 0.8220391127348643 0.8158317625 0.8100557954070982 0.730499671875
4 0.9089594070981211 0.7262323375 0.7592932797494781 0.7380056671874999 0.7749067244258873 0.8491875437499999 0.9245728517745303 0.8374142156250001 0.9089594070981211 0.7262323375
4 0.891894217118998 0.8266361468750001 0.7555977682672234 0.8373577640625 0.7698060020876827 0.9385332734375 0.9061024509394572 0.92781165625 0.891894217118998 0.8266361468750001
3 0.30668856367432146 0.9134193953124999 0.20715873068893528 0.92124880625 0.21797103966597078 0.99824225625 0.317500872651357 0.9904128453125001 0.30668856367432146 0.9134193953124999
3 0.2674060981210856 1 0.2621524676409186 0.9625893796874999 0.14925295824634655 0.9714705015625 0.15325939874739042 1 0.2674060981210856 1