4 0.66330128125 0.141947115625 0.5107371791666666 0.141947115625 0.5107371791666666 0.264302884375 0.66330128125 0.264302884375 0.66330128125 0.141947115625
3 0.7017628208333334 0.063822115625 0.6347756416666667 0.063822115625 0.6347756416666667 0.136658653125 0.7017628208333334 0.136658653125 0.7017628208333334 0.063822115625
4 0.7931089750000001 0.0751201921875 0.7190705125 0.0751201921875 0.7190705125 0.1436298078125 0.7931089750000001 0.1436298078125 0.7931089750000001 0.0751201921875
4 0.9293269229166667 0.1275240390625 0.8559294875 0.1275240390625 0.8559294875 0.179447115625 0.9293269229166667 0.179447115625 0.9293269229166667 0.1275240390625
4 0.9165064104166666 0.2074519234375 0.8479166666666667 0.2074519234375 0.8479166666666667 0.25456730781250003 0.9165064104166666 0.25456730781250003 0.9165064104166666 0.2074519234375
4 0.97419871875 0.21358173125 0.9123397437499999 0.21358173125 0.9123397437499999 0.260216346875 0.97419871875 0.260216346875 0.97419871875 0.21358173125
4 0.8169871791666666 0.2581730765625 0.6580128208333333 0.2581730765625 0.6580128208333333 0.3759615390625 0.8169871791666666 0.3759615390625 0.8169871791666666 0.2581730765625
4 0.6410256416666668 0.30264423125 0.5246794875 0.30264423125 0.5246794875 0.40048076874999994 0.6410256416666668 0.40048076874999994 0.6410256416666668 0.30264423125
4 0.6767628208333334 0.45240384687499996 0.6091346145833333 0.45240384687499996 0.6091346145833333 0.4987980765625 0.6767628208333334 0.4987980765625 0.6767628208333334 0.45240384687499996
4 0.5822115375 0.47728365312500004 0.5072115375 0.47728365312500004 0.5072115375 0.53545673125 0.5822115375 0.53545673125 0.5822115375 0.47728365312500004
4 0.6732371791666666 0.56610576875 0.5940705125 0.56610576875 0.5940705125 0.62235576875 0.6732371791666666 0.62235576875 0.6732371791666666 0.56610576875
4 0.5979166666666667 0.6953125 0.42163461458333334 0.6953125 0.42163461458333334 0.8236778843750001 0.5979166666666667 0.8236778843750001 0.5979166666666667 0.6953125
3 0.5211538458333334 0.744591346875 0.30801282083333337 0.744591346875 0.30801282083333337 0.9123798078125 0.5211538458333334 0.9123798078125 0.5211538458333334 0.744591346875
3 0.2940705125 0.5699519234375 0.11362179583333334 0.5699519234375 0.11362179583333334 0.7084134609375 0.2940705125 0.7084134609375 0.2940705125 0.5699519234375
4 0.34358974375 0.7590144234375 0.2788461541666667 0.7590144234375 0.2788461541666667 0.8188701921874999 0.34358974375 0.8188701921874999 0.34358974375 0.7590144234375
4 0.36041666666666666 0.7951923078124999 0.27131410208333334 0.7951923078124999 0.27131410208333334 0.9057692312500001 0.36041666666666666 0.9057692312500001 0.36041666666666666 0.7951923078124999