5 0.6105885970772443 0.914378178125 0.8911379979123173 0.955192928125 0.9414474467640919 0.7614825828125 0.6608980438413361 0.72066783125 0.6105885970772443 0.914378178125
3 0.6677466680584552 0.67555305 0.38789789770354904 0.6348402281250001 0.3329348267223382 0.8464687812499999 0.6127835970772443 0.887181603125 0.6677466680584552 0.67555305
4 0.8745600730688935 0.6006026953125 0.6594162233820459 0.5693032421875001 0.6184140229645094 0.727177175 0.8335578726513571 0.758476628125 0.8745600730688935 0.6006026953125
3 0.3586080292275574 0.5530571156249999 0.2521684384133612 0.537572121875 0.22820856576200418 0.629826675 0.33464815448851776 0.6453116671875 0.3586080292275574 0.5530571156249999
3 0.2702585448851775 0.5364345968750001 0.15087797286012528 0.51906693125 0.12735830688935282 0.6096265171875 0.24673887891440502 0.626994184375 0.2702585448851775 0.5364345968750001
4 0.6675684739039667 0.47650797968749997 0.46827732567849684 0.4475148015625 0.4316143152400835 0.5886812171875 0.6309054634655532 0.6176743953125 0.6675684739039667 0.47650797968749997
4 0.8949753152400834 0.40694081249999997 0.6992429394572025 0.3784653703125 0.6633974572025052 0.5164839921875 0.8591298329853863 0.544959434375 0.8949753152400834 0.40694081249999997
4 0.8002077682672234 0.26248475 0.7073562108559499 0.2489765640625 0.6884901670146137 0.32161794375 0.7813417244258872 0.335126128125 0.8002077682672234 0.26248475
4 0.6559040334029227 0.262222384375 0.5426704279749478 0.2457489875 0.5213517995824635 0.3278337484375 0.6345854050104384 0.34430714375 0.6559040334029227 0.262222384375
4 0.6199510855949896 0.29594135 0.46886510229645095 0.2739611328125 0.4405031524008351 0.383165340625 0.5915891336116911 0.4051455578125 0.6199510855949896 0.29594135
4 0.45710035073068894 0.3140888296875 0.3823661711899791 0.30321638906250004 0.3675877724425887 0.3601188046875 0.4423219498956159 0.3709912453125 0.45710035073068894 0.3140888296875
4 0.45844133402922754 0.3923084703125 0.39082469519832985 0.38247149999999996 0.37441123799582465 0.4456695 0.44202787682672234 0.455506471875 0.45844133402922754 0.3923084703125
4 0.40788326931106467 0.350401271875 0.3092082693110647 0.336045884375 0.28889583089770354 0.4142564359375 0.3875708308977035 0.42861182500000006 0.40788326931106467 0.350401271875
5 0.4362021294363257 0.481169690625 0.3420564739039666 0.46747323906249993 0.3227502233820459 0.5418095843749999 0.41689587891440505 0.5555060375 0.4362021294363257 0.481169690625
3 0.3174489290187892 0.4432877765625 0.1890096680584551 0.4246022390625 0.16473536116910228 0.51806748125 0.29317462212943635 0.5367530203124999 0.3174489290187892 0.4432877765625
3 0 0.5299099015625 0.031217022964509393 0.5344514015625 0.04586965135699374 0.4780332625 0 0.4713600765625 0 0.5299099015625
3 0 0.5887110140625 0.030251304801670147 0.5931120203125 0.04433795198329854 0.538873121875 0 0.5324227703125 0 0.5887110140625