4 0.2719551291666667 0.1550480765625 0.14951923125000002 0.1550480765625 0.14951923125000002 0.23629807656250001 0.2719551291666667 0.23629807656250001 0.2719551291666667 0.1550480765625
4 0.4092948708333333 0.10396634687499999 0.29230769166666665 0.10396634687499999 0.29230769166666665 0.20492788437499998 0.4092948708333333 0.20492788437499998 0.4092948708333333 0.10396634687499999
4 0.78076923125 0.024519231250000002 0.6608974354166667 0.024519231250000002 0.6608974354166667 0.12355769218749998 0.78076923125 0.12355769218749998 0.78076923125 0.024519231250000002
4 0.7040064104166667 0.08341346093749999 0.5549679479166667 0.08341346093749999 0.5549679479166667 0.177403846875 0.7040064104166667 0.177403846875 0.7040064104166667 0.08341346093749999
4 0.8961538458333334 0.1056490390625 0.7157051291666666 0.1056490390625 0.7157051291666666 0.24891826875 0.8961538458333334 0.24891826875 0.8961538458333334 0.1056490390625
3 0.7733974354166667 0.1659855765625 0.48557692291666665 0.1659855765625 0.48557692291666665 0.39170673125 0.7733974354166667 0.39170673125 0.7733974354166667 0.1659855765625
5 0.5280448708333333 0.21358173125 0.3975961541666667 0.21358173125 0.3975961541666667 0.35733173125 0.5280448708333333 0.35733173125 0.5280448708333333 0.21358173125
4 0.42516025625 0.2951923078125 0.31330128125 0.2951923078125 0.31330128125 0.3485576921875 0.42516025625 0.3485576921875 0.42516025625 0.2951923078125
4 0.31794871875 0.22055288437499998 0.2596153854166667 0.22055288437499998 0.2596153854166667 0.30829326875 0.31794871875 0.30829326875 0.31794871875 0.22055288437499998
4 0.44358974375 0.325 0.3044871791666666 0.325 0.3044871791666666 0.4165865390625 0.44358974375 0.4165865390625 0.44358974375 0.325
3 0.4152243583333333 0.3923076921875 0.24567307708333336 0.3923076921875 0.24567307708333336 0.525 0.4152243583333333 0.525 0.4152243583333333 0.3923076921875
3 0.5269230770833333 0.4650240390625 0.33301282083333333 0.4650240390625 0.33301282083333333 0.6152644234375 0.5269230770833333 0.6152644234375 0.5269230770833333 0.4650240390625
4 0.6009615375 0.583533653125 0.41153846250000004 0.583533653125 0.41153846250000004 0.7371394234374999 0.6009615375 0.7371394234374999 0.6009615375 0.583533653125
4 0.5431089750000001 0.6497596156250001 0.3889423083333333 0.6497596156250001 0.3889423083333333 0.7634615390625 0.5431089750000001 0.7634615390625 0.5431089750000001 0.6497596156250001
4 0.6259615375 0.76045673125 0.4483974354166667 0.76045673125 0.4483974354166667 0.9080528843750001 0.6259615375 0.9080528843750001 0.6259615375 0.76045673125
5 0.8764423083333334 0.8170673078125 0.8158653854166666 0.8170673078125 0.8158653854166666 0.869471153125 0.8764423083333334 0.869471153125 0.8764423083333334 0.8170673078125
5 0.9328525645833333 0.8442307687499999 0.8649038458333334 0.8442307687499999 0.8649038458333334 0.896153846875 0.9328525645833333 0.896153846875 0.9328525645833333 0.8442307687499999
3 0.9229166666666667 0.8861778843750001 0.85016025625 0.8861778843750001 0.85016025625 0.9472355765625 0.9229166666666667 0.9472355765625 0.9229166666666667 0.8861778843750001
5 0.9724358979166666 0.8144230765625 0.9096153854166666 0.8144230765625 0.9096153854166666 0.8603365390625 0.9724358979166666 0.8603365390625 0.9724358979166666 0.8144230765625
5 0.9759615375 0.8681490390625 0.9240384625 0.8681490390625 0.9240384625 0.9128605765625 0.9759615375 0.9128605765625 0.9759615375 0.8681490390625
3 0.9456730770833333 0.9543269234375 0.87580128125 0.9543269234375 0.87580128125 0.9997596156249999 0.9456730770833333 0.9997596156249999 0.9456730770833333 0.9543269234375
4 0.8717948708333334 0.877884615625 0.8333333333333334 0.877884615625 0.8333333333333334 0.9355769234375 0.8717948708333334 0.9355769234375 0.8717948708333334 0.877884615625
4 0.8833333333333333 0.909375 0.8221153854166666 0.909375 0.8221153854166666 0.953846153125 0.8833333333333333 0.953846153125 0.8833333333333333 0.909375