3 0.4300242317327766 0.4457933859375 0.5682019603340293 0.46217309218749997 0.589368707724426 0.362150715625 0.45119097912317324 0.345771009375 0.4300242317327766 0.4457933859375
3 0.7260549269311064 0.5284029828125 0.8785389352818372 0.5464785671875 0.9013083883089771 0.43888269218750003 0.7488243799582464 0.4208071078125 0.7260549269311064 0.5284029828125
4 0.5020748601252609 0.647885965625 0.6228059081419625 0.6621975265625 0.6435305323590814 0.5642643890625 0.52279948434238 0.549952828125 0.5020748601252609 0.647885965625
4 0.4293949081419624 0.769911084375 0.5309346033402923 0.7819476859375001 0.546519521920668 0.708301965625 0.4449798246346555 0.6962653640625 0.4293949081419624 0.769911084375
4 0.4142109102296451 0.80532233125 0.49411671607515656 0.814794434375 0.5057225052192067 0.7599518765625 0.4258166972860125 0.750479775 0.4142109102296451 0.80532233125
4 0.4626070626304802 0.847065746875 0.5362320647181629 0.8557933171875 0.5491089645093945 0.7949441937499999 0.4754839624217119 0.7862166234375 0.4626070626304802 0.847065746875
4 0.5203501231732777 0.804920409375 0.6281706221294363 0.8177015437499999 0.6469056826722338 0.7291699875 0.5390851837160752 0.716388853125 0.5203501231732777 0.804920409375
4 0.5139772693110647 0.876445659375 0.5994660146137787 0.88657956875 0.615271993736952 0.8118892296875 0.529783248434238 0.8017553203125001 0.5139772693110647 0.876445659375
4 0.6247527870563674 0.7915965890625001 0.7238499457202505 0.8033436500000001 0.7390480020876826 0.731526015625 0.6399508434237996 0.7197789546875 0.6247527870563674 0.7915965890625001
4 0.6325307056367433 0.8638623125 0.7222066576200418 0.874492575 0.7382889645093946 0.7984964609375 0.6486130146137787 0.787866196875 0.6325307056367433 0.8638623125
4 0.6983945741127349 0.7884132203124999 0.8173809519832986 0.8025179671875 0.8378845114822546 0.7056294484375 0.7188981336116911 0.6915247015625 0.6983945741127349 0.7884132203124999
4 0.7435842129436325 0.8182651625 0.8500089770354906 0.8308808453125 0.866809739039666 0.7514897140625 0.7603849728601253 0.7388740312500001 0.7435842129436325 0.8182651625
4 0.7395753110647182 0.8693234015625 0.8320427306889353 0.8802845687499999 0.8454722881002088 0.8168238953125 0.7530048684759916 0.805862728125 0.7395753110647182 0.8693234015625