4 0.15007583958333334 0.26454581718750003 0.0680651 0.24921013749999998 0.041048025 0.3304798140625 0.1230587625 0.3458154953125 0.15007583958333334 0.26454581718750003
3 0 0.6362123421875 0.11010755416666668 0.6568020156250001 0.140163025 0.5663925875 0.009406945833333335 0.5419417234374999 0 0.5702386234375 0 0.6362123421875
4 0.3197179041666667 0.419322634375 0.19983072291666665 0.39690420937500004 0.17552356666666666 0.47002221562499996 0.29541075 0.49244064062500004 0.3197179041666667 0.419322634375
4 0.2824832520833333 0.3434861546875 0.21529373125 0.33092198281249996 0.19911633333333334 0.37958498125 0.26630585416666663 0.392149153125 0.2824832520833333 0.3434861546875
3 0.46663299166666666 0.6661416515624999 0.33291267291666665 0.6411364875000001 0.3034320354166667 0.7298167734375001 0.4371523541666667 0.7548219390625001 0.46663299166666666 0.6661416515624999
3 0.47628915000000005 0.4992394328125 0.4120638729166667 0.48722956249999994 0.3829938291666667 0.5746747484375 0.44721910625 0.5866846171875 0.47628915000000005 0.4992394328125
4 0.5615729145833334 0.3931822328125 0.45255462291666665 0.3727962484375 0.4263587354166667 0.4515957234375 0.5353770270833333 0.4719817078125 0.5615729145833334 0.3931822328125
4 0.617628475 0.528686646875 0.49938809375000004 0.50657616875 0.46892203125 0.5982206984375 0.5871624104166667 0.6203311765625 0.617628475 0.528686646875
4 0.7011106041666667 0.4827702578125 0.5818821395833333 0.4604750125 0.5541259958333333 0.543967871875 0.6733544583333334 0.5662631171875 0.7011106041666667 0.4827702578125
4 0.7502323437499999 0.40130485781249997 0.6389085291666666 0.3804877484375 0.6086067041666666 0.4716382375 0.7199305187499999 0.4924553453125 0.7502323437499999 0.40130485781249997
4 0.79270623125 0.2467052609375 0.70674316875 0.23063051250000002 0.67939761875 0.3128882703125 0.76536068125 0.3289630203125 0.79270623125 0.2467052609375
4 0.949482675 0.0818634578125 0.8859161208333333 0.0699767671875 0.8654685479166666 0.13148481875 0.9290351020833333 0.1433715109375 0.949482675 0.0818634578125
5 1 0.1006243515625 0.9711048083333333 0.095221065625 0.9495075729166668 0.1601874015625 1 0.1696292828125 1 0.1006243515625