5 0.5307091645833333 0.38755525625 0.3299817541666667 0.4141005 0.3660644916666667 0.56757703125 0.5667919020833333 0.5410317874999999 0.5307091645833333 0.38755525625
5 0.7151385958333333 0.461521059375 0.4735551645833333 0.4934693171875 0.5117051416666667 0.655738775 0.7532885729166666 0.6237905171875 0.7151385958333333 0.461521059375
3 0.37801208124999996 0.7118821750000001 0.2998527375 0.722218375 0.3120056041666667 0.773910125 0.39016494791666667 0.7635739234375001 0.37801208124999996 0.7118821750000001
4 0.47405045208333335 0.6397010765625 0.34508753124999997 0.6567558078125 0.3686415395833333 0.7569418781249999 0.49760446041666667 0.739887146875 0.47405045208333335 0.6397010765625
4 0.58616081875 0.614847128125 0.44156602916666665 0.6339691000000001 0.4653706125 0.735220978125 0.6099654020833333 0.71609900625 0.58616081875 0.614847128125
4 0.4710433333333333 0.7406523625 0.4138449041666667 0.7482165828125 0.4247448979166667 0.7945792843749999 0.4819433270833333 0.7870150640625 0.4710433333333333 0.7406523625
4 0.6495291020833334 0.692734278125 0.5923306708333332 0.7002984984375 0.601163425 0.7378682734375 0.6583618541666667 0.730304053125 0.6495291020833334 0.692734278125
4 0.6231425729166666 0.7098232343750001 0.4945349229166667 0.726830984375 0.507314225 0.7811872546874999 0.6359218770833334 0.76417950625 0.6231425729166666 0.7098232343750001
4 0.7296230291666668 0.7303585171875 0.6454240979166667 0.741493425 0.6593936291666667 0.8009122906249999 0.7435925604166667 0.7897773828125 0.7296230291666668 0.7303585171875
4 0.8075783958333334 0.805629753125 0.7475378083333334 0.8135698359375001 0.7579366541666667 0.8578009203124999 0.8179772416666666 0.8498608375 0.8075783958333334 0.805629753125
4 0.4268920145833333 0.7670964109375 0.3696935854166667 0.77466063125 0.3818464520833333 0.8263523812500001 0.43904488333333336 0.8187881609375 0.4268920145833333 0.7670964109375
4 0.675957025 0.79034239375 0.6109426604166667 0.7989402343750001 0.6214667916666666 0.8437042218749999 0.6864811583333333 0.8351063828124999 0.675957025 0.79034239375
4 0.7585490020833333 0.8237899656250001 0.6675999458333333 0.8358175453125 0.6845137291666668 0.90775966875 0.7754627854166666 0.8957320890625 0.7585490020833333 0.8237899656250001
4 0.44297343958333335 0.8199170484374999 0.3868408208333333 0.8273403187499999 0.3974275958333333 0.872370759375 0.4535602166666666 0.8649474890625 0.44297343958333335 0.8199170484374999
4 0.42546431874999996 0.8591846234375 0.3867399166666667 0.864305740625 0.39507152083333336 0.8997438984375 0.433795925 0.89462278125 0.42546431874999996 0.8591846234375