5 0.43630317327766177 0.32580850156249996 0.2990922776617954 0.34207359843749996 0.32577379958246344 0.4681557515625 0.46298469519832985 0.4518906546875 0.43630317327766177 0.32580850156249996
4 0.6277027390396659 0.3742183640625 0.520663872651357 0.38690684218750004 0.5416563716075157 0.48610580781249996 0.6486952379958246 0.47341732968750005 0.6277027390396659 0.3742183640625
4 0.5290211189979124 0.47685614843749996 0.4298844509394572 0.48860789374999997 0.4491133528183716 0.5794730718750001 0.5482500208768267 0.5677213265625001 0.5290211189979124 0.47685614843749996
4 0.396835630480167 0.3985542171875 0.287641617954071 0.41149816875 0.3056189331941545 0.49644904375000004 0.4148129436325679 0.48350509218750004 0.396835630480167 0.3985542171875
4 0.41166503131524007 0.45384049531250004 0.32869194989561584 0.46367619531250004 0.3410940208768267 0.5222815468750001 0.42406710229645095 0.512445846875 0.41166503131524007 0.45384049531250004
4 0.41138221294363253 0.49948180156250005 0.333078611691023 0.5087639765625 0.34701672025052194 0.5746277875 0.42532031941544884 0.5653456109375 0.41138221294363253 0.49948180156250005
4 0.5844357432150313 0.5220954843750001 0.5118791941544886 0.5306964 0.5263293152400835 0.5989796984375 0.5988858622129436 0.5903787828125 0.5844357432150313 0.5220954843750001
4 0.7327709582463466 0.502720459375 0.5743678037578288 0.5214977046875 0.5971807891440502 0.6292992890625 0.7555839436325679 0.61052204375 0.7327709582463466 0.502720459375
4 0.8246334592901879 0.48356372812500004 0.7078964405010438 0.497401834375 0.7282062567849686 0.593374815625 0.8449432755741128 0.579536709375 0.8246334592901879 0.48356372812500004
4 0.881024139874739 0.5325454203125 0.7305231858037579 0.5503859328125 0.7519139144050104 0.6514667203125 0.9024148705636744 0.633626209375 0.881024139874739 0.5325454203125
4 0.8356790146137787 0.6236247140625 0.7171460417536534 0.6376757140625 0.7340424425887265 0.7175187828125 0.8525754154488517 0.7034677828125 0.8356790146137787 0.6236247140625
4 0.8554729436325679 0.6814916156249999 0.7739366263048016 0.691157 0.7840630876826722 0.739009075 0.8655994070981211 0.7293436890625 0.8554729436325679 0.6814916156249999
4 0.8782095198329853 0.7880621671875 0.763986835073069 0.8016022218750001 0.7809970167014614 0.8819829546875001 0.8952197014613779 0.8684429 0.8782095198329853 0.7880621671875
4 0.9220860960334029 0.6917832328125 0.8297740521920668 0.70272598125 0.8455895386221295 0.7774612421875 0.9379015803757829 0.76651849375 0.9220860960334029 0.6917832328125
4 0.9643959478079331 0.5994102875 0.8469405469728601 0.6133335515625 0.8655436555323591 0.7012415765625 0.9829990563674321 0.6873183140625 0.9643959478079331 0.5994102875
4 0.5224480563674322 0.4571049359375 0.4344463027139875 0.46753673906250004 0.4437194133611691 0.5113563359375 0.5317211649269311 0.5009245328125 0.5224480563674322 0.4571049359375
3 0.7918144405010438 0.3832865078125 0.6470605365344468 0.400445759375 0.6676548016701461 0.4977629015625 0.8124087056367433 0.48060365000000005 0.7918144405010438 0.3832865078125
3 0.8942919853862212 0.4221202375 0.8335887348643006 0.42931605156249997 0.8438289791231732 0.47770579062499996 0.9045322275574113 0.47050997656250004 0.8942919853862212 0.4221202375
3 0.9293515615866389 0.433809846875 0.9906867620041753 0.42653912031249996 0.9809585323590815 0.38056886875 0.9196233298538622 0.3878395953125 0.9293515615866389 0.433809846875
3 0.9483747369519833 0.42452764375 0.9023983131524008 0.429977728125 0.9129798956158663 0.47998045781250004 0.9589563215031315 0.4745303734375 0.9483747369519833 0.42452764375
3 0.9287263006263048 0.46130375 0.8726925323590814 0.46794604062499995 0.881851860125261 0.511227971875 0.9378856283924843 0.50458568125 0.9287263006263048 0.46130375
4 0.8854195741127349 0.10267744062499999 0.8383655762004175 0.1082552609375 0.8470128914405011 0.1491177078125 0.8940668893528183 0.1435398859375 0.8854195741127349 0.10267744062499999
3 0.26386537369519836 0.334813034375 0.21896651983298537 0.3401353828125 0.22698804175365345 0.378040678125 0.2718868956158664 0.37271832968749996 0.26386537369519836 0.334813034375
3 0.23695898747390395 0.3155431203125 0.18774984342379958 0.3213764140625 0.19554380584551148 0.35820638125 0.24475294989561586 0.3523730875 0.23695898747390395 0.3155431203125
4 0.6898838079331941 0.623683921875 0.6331316576200418 0.6304113703125 0.6409825114822547 0.66751016875 0.6977346597077244 0.6607827203125 0.6898838079331941 0.623683921875
4 0.6778570688935281 0.6051303421875 0.6099700020876827 0.6131777328125 0.6170812818371607 0.64678171875 0.6849683465553236 0.638734328125 0.6778570688935281 0.6051303421875