1 0.7891025645833333 0.16550480781250002 0.6608974354166667 0.16550480781250002 0.6608974354166667 0.28954326875 0.7891025645833333 0.28954326875 0.7891025645833333 0.16550480781250002
1 0.12355769166666668 0.2084134609375 0.03605769166666666 0.2084134609375 0.03605769166666666 0.2706730765625 0.12355769166666668 0.2706730765625 0.12355769166666668 0.2084134609375
1 0.7362179479166666 0.2590144234375 0.5275641020833334 0.2590144234375 0.5275641020833334 0.40108173125 0.7362179479166666 0.40108173125 0.7362179479166666 0.2590144234375
1 0.026442308333333334 0.4072115390625 0.00048076875 0.4072115390625 0.00048076875 0.43822115312500004 0.026442308333333334 0.43822115312500004 0.026442308333333334 0.4072115390625
1 0.36137820416666666 0.324278846875 0.2584935895833333 0.324278846875 0.2584935895833333 0.4012019234375 0.36137820416666666 0.4012019234375 0.36137820416666666 0.324278846875
1 0.31442307708333334 0.341466346875 0.17307692291666665 0.341466346875 0.17307692291666665 0.45733173125000004 0.31442307708333334 0.45733173125000004 0.31442307708333334 0.341466346875
1 0.38669871875 0.39927884687500004 0.2844551291666667 0.39927884687500004 0.2844551291666667 0.46826923125000003 0.38669871875 0.46826923125000003 0.38669871875 0.39927884687500004
1 0.5911858979166666 0.76298076875 0.4709935895833333 0.76298076875 0.4709935895833333 0.8764423078125001 0.5911858979166666 0.8764423078125001 0.5911858979166666 0.76298076875
1 0.48477564166666665 0.7277644234375 0.36682692291666663 0.7277644234375 0.36682692291666663 0.8193509609375 0.48477564166666665 0.8193509609375 0.48477564166666665 0.7277644234375
1 0.49471153749999996 0.8181490390624999 0.38637820416666663 0.8181490390624999 0.38637820416666663 0.9068509609375001 0.49471153749999996 0.9068509609375001 0.49471153749999996 0.8181490390624999
2 0.41394230833333334 0.911177884375 0.34951923125 0.911177884375 0.34951923125 0.96766826875 0.41394230833333334 0.96766826875 0.41394230833333334 0.911177884375
2 0.15016025624999998 0.721634615625 0.0927884625 0.721634615625 0.0927884625 0.7646634609375 0.15016025624999998 0.7646634609375 0.15016025624999998 0.721634615625
1 0.10881410208333334 0.746033653125 0.04983974375 0.746033653125 0.04983974375 0.7905048078125 0.10881410208333334 0.7905048078125 0.10881410208333334 0.746033653125
1 0.1490384625 0.7618990390625 0.09583333333333334 0.7618990390625 0.09583333333333334 0.7977163468749999 0.1490384625 0.7977163468749999 0.1490384625 0.7618990390625
1 0.14246794791666667 0.5415865390625 0.04919871875 0.5415865390625 0.04919871875 0.6028846156250001 0.14246794791666667 0.6028846156250001 0.14246794791666667 0.5415865390625
2 0.07916666666666666 0.62391826875 0.04455128125 0.62391826875 0.04455128125 0.6534855765625001 0.07916666666666666 0.6534855765625001 0.07916666666666666 0.62391826875
1 0.04663461458333333 0.6222355765625001 0.0052884625 0.6222355765625001 0.0052884625 0.6498798078125 0.04663461458333333 0.6498798078125 0.04663461458333333 0.6222355765625001