3 0.5870333375 0.53405413125 0.4772197208333333 0.54416669375 0.49295037291666666 0.640253609375 0.6027639895833333 0.630141046875 0.5870333375 0.53405413125
3 0.7598601208333334 0.5596717703125 0.6549740375 0.5693305640624999 0.66772278125 0.6472032015625 0.7726088645833333 0.6375444078125 0.7598601208333334 0.5596717703125
5 0.8726055166666666 0.5925639171875 0.7606801 0.6028709515624999 0.77424995 0.6857591140625 0.8861753645833333 0.675452078125 0.8726055166666666 0.5925639171875
5 0.7820287229166667 0.42338497343750003 0.6746788729166667 0.43327065156250005 0.6875572645833333 0.5119352140625 0.7949071145833333 0.5020495359375 0.7820287229166667 0.42338497343750003
4 0.6249967041666667 0.6230025312499999 0.53454125625 0.6313324312499999 0.5422769354166667 0.6785839625000001 0.6327323833333334 0.6702540640625 0.6249967041666667 0.6230025312499999
4 0.7134239250000001 0.502988303125 0.6458463125 0.50921141875 0.6541437999999999 0.5598946265625 0.7217214125000001 0.5536715109375 0.7134239250000001 0.502988303125
4 0.6531570041666667 0.41528993906249995 0.55319845625 0.42449496406250004 0.5668547375 0.5079110765625 0.6668132854166667 0.49870605156250003 0.6531570041666667 0.41528993906249995
4 0.71189625 0.3779941203125 0.6355194729166667 0.38502753749999996 0.64511344375 0.44362999687500004 0.7214902208333334 0.4365965796875 0.71189625 0.3779941203125
5 0.5215358520833333 0.6719194234375 0.39341996458333334 0.6837174140625 0.4109224770833333 0.7906273046875001 0.5390383624999999 0.778829315625 0.5215358520833333 0.6719194234375
5 0.3519088583333333 0.6047420906250001 0.23012837291666666 0.6159566625 0.24426003125 0.7022765015625 0.36604051666666665 0.6910619296875 0.3519088583333333 0.6047420906250001
5 0.33792571875 0.7168290609375 0.22107276875 0.7275898656249999 0.23153105833333332 0.7914718265625 0.34838401041666667 0.780711021875 0.33792571875 0.7168290609375
4 0.30636119166666664 0.7793557203125 0.22435294375 0.7869077296875 0.23554590833333336 0.8552772640624999 0.31755415625 0.8477252546875 0.30636119166666664 0.7793557203125
4 0.3215729041666667 0.5700220171875 0.23710089166666667 0.5778009109375 0.24492300208333334 0.62558039375 0.32939501458333337 0.6178015 0.3215729041666667 0.5700220171875
4 0.2648915666666667 0.5500539671875 0.21174459375000002 0.5549481875 0.21865916666666668 0.59718419375 0.27180613958333333 0.5922899734375 0.2648915666666667 0.5500539671875
4 0.44372027708333334 0.57632469375 0.3543207291666667 0.5845573578125001 0.3654704770833333 0.65266291875 0.454870025 0.6444302546875 0.44372027708333334 0.57632469375
4 0.4581665395833333 0.4637931421875 0.3212514854166667 0.47640143437500004 0.3382786208333333 0.5804076 0.475193675 0.567799309375 0.4581665395833333 0.4637931421875
4 0.6805853875000001 0.6330229 0.5999850083333332 0.6404452609375 0.6088875208333333 0.6948241203125 0.6894878979166666 0.6874017593749999 0.6805853875000001 0.6330229
4 0.5306197874999999 0.437158409375 0.4348848395833333 0.44597448906250003 0.44607780416666665 0.5143440265625 0.5418127520833332 0.5055279453125 0.5306197874999999 0.437158409375
4 0.5025451208333334 0.3584194984375 0.41384950833333334 0.3665873375 0.42374598958333337 0.42703762031250003 0.5124416041666666 0.41886978125 0.5025451208333334 0.3584194984375
4 0.1662069916666667 0.597593178125 0.09616561666666666 0.604043178125 0.10416058958333334 0.6528785609375001 0.17420196666666668 0.6464285609375 0.1662069916666667 0.597593178125
4 0.6522976041666666 0.34784448437500004 0.5660657583333334 0.35578543906250004 0.5709923895833333 0.38587859375 0.6572242374999999 0.3779376390625 0.6522976041666666 0.34784448437500004
4 0.5211644083333333 0.28556289375 0.4197979916666667 0.2948975671875 0.4319417104166667 0.36907455312500004 0.5333081270833333 0.3597398796875 0.5211644083333333 0.28556289375
4 0.43266506875000005 0.2338247734375 0.37071892500000003 0.23952929531249997 0.3790164125 0.290212503125 0.44096255624999997 0.28450798125 0.43266506875000005 0.2338247734375
4 0.58208475 0.20157607500000002 0.5240102395833334 0.2069240640625 0.5321348625 0.256551371875 0.5902093729166666 0.2512033828125 0.58208475 0.20157607500000002
4 0.6804570041666668 0.1706788171875 0.5822582895833333 0.17972178125 0.5967356770833334 0.2681534203125 0.6949343895833333 0.25911045625 0.6804570041666668 0.1706788171875
4 0.6680965291666666 0.1180921484375 0.6029826875000001 0.1240883796875 0.6127927375 0.1840107125 0.6779065791666666 0.17801448125 0.6680965291666666 0.1180921484375
4 0.47629273958333335 0.04639215 0.37739009166666665 0.0554999390625 0.3922564229166667 0.146307353125 0.4911590708333333 0.1371995640625 0.47629273958333335 0.04639215
4 0.22184436666666668 0.2129117296875 0.15743445625 0.2188431375 0.16525656666666666 0.2666226203125 0.22966647708333332 0.2606912125 0.22184436666666668 0.2129117296875
4 0.18974748541666667 0.1106952453125 0.09612433958333333 0.119316853125 0.10947810833333334 0.20088514062499999 0.20310125416666666 0.1922635328125 0.18974748541666667 0.1106952453125
4 0.15033785416666667 0.27697294375000003 0.0405242375 0.28708550625 0.05456946458333333 0.37287739375 0.16438308125 0.36276483125 0.15033785416666667 0.27697294375000003