1 0.5864601500000001 0.1552178515625 0.5257061458333333 0.16407488750000002 0.5366407583333334 0.2062651671875 0.5973947625 0.19740813125 0.5864601500000001 0.1552178515625
1 0.559916325 0.1008543171875 0.45378433124999995 0.11632679531250001 0.4768928125 0.20548892031250002 0.58302480625 0.1900164421875 0.559916325 0.1008543171875
1 0.5998638166666667 0.0057104171875 0.4944818729166667 0.0210735484375 0.5244427125000001 0.136674915625 0.62982465625 0.12131178437500001 0.5998638166666667 0.0057104171875
1 0.4358073020833333 0 0.36876248749999996 0.00977414375 0.3988691208333333 0.1259380484375 0.58075610625 0.0994216125 0.5549886354166667 0 0.4358073020833333 0
1 0.8499123395833333 0.08601539531249999 0.90016565 0.0786892046875 0.89156375625 0.04549951875 0.84131044375 0.052825709374999995 0.8499123395833333 0.08601539531249999
1 0.82992928125 0.056966029687499996 0.8021774520833334 0.0610118359375 0.80735316875 0.0809819015625 0.8351049979166666 0.0769360953125 0.82992928125 0.056966029687499996
1 0.94675706875 0.5167462171875 0.89612873125 0.52412708125 0.9061156791666666 0.5626608703125 0.9567440145833334 0.5552800078125 0.94675706875 0.5167462171875
1 0.5160440041666666 0.7349723890625001 0.26440242291666666 0.7716580140625 0.32097082083333334 0.989922396875 0.5726124020833333 0.9532367703125001 0.5160440041666666 0.7349723890625001
1 0.33739907708333333 1 0.31861125208333335 0.9275087687499999 0.21247925833333334 0.9429812468750001 0.22725702083333335 1 0.33739907708333333 1
1 0.3114632625 0.822592628125 0.17007894375000002 0.8432043734375 0.19646781041666667 0.9450235828125001 0.3378521270833333 0.9244118374999999 0.3114632625 0.822592628125
1 0.2419290875 0.8125888671875 0.08741890833333334 0.83511416875 0.12146200208333333 0.9664665734375 0.27597218333333334 0.9439412718750001 0.2419290875 0.8125888671875
1 0.79481005 0.0903997953125 0.7670582208333333 0.094445603125 0.77208814375 0.11385313281250001 0.7998399729166666 0.1098073265625 0.79481005 0.0903997953125