5 0.38254490605427977 0.11876869375000002 0.1678743173277662 0.141349040625 0.19398295824634657 0.2803882390625 0.4086535469728601 0.2578078921875 0.38254490605427977 0.11876869375000002
5 0.29071027139874744 0.340581478125 0.11147409185803758 0.3594346203125 0.13883981419624217 0.505168296875 0.31807599373695195 0.4863151546875 0.29071027139874744 0.340581478125
5 0.530542860125261 0.16989305625 0.3478664446764092 0.1891080640625 0.3753288663883089 0.335356703125 0.5580052818371608 0.31614169531249997 0.530542860125261 0.16989305625
5 0.5768865845511482 0.311136140625 0.40315477661795407 0.3294103 0.4311973903966597 0.47874869843749995 0.6049291983298538 0.4604745390625 0.5768865845511482 0.311136140625
5 0.5284267286012526 0.37347275625 0.3894412839248434 0.388092084375 0.41226216910229646 0.5096226421875001 0.5512476137787057 0.495003315625 0.5284267286012526 0.37347275625
5 0.30272324634655534 0.46994430156250006 0.14688065762004174 0.48633676406250004 0.1680093152400835 0.5988555234375 0.32385190396659713 0.5824630609375 0.30272324634655534 0.46994430156250006
5 0.35016411691022964 0.5815333421875 0.22562765135699372 0.5946328390625 0.2443388434237996 0.694277596875 0.3688753068893528 0.6811781015625 0.35016411691022964 0.5815333421875
5 0.6561784425887266 0.4260703265625 0.5051521795407098 0.44195617968749995 0.5292301461377871 0.5701812187499999 0.6802564091858038 0.554295365625 0.6561784425887266 0.4260703265625
4 0.6371512004175366 0.5358549359375 0.5263756722338204 0.547506975 0.5443132755741128 0.643032053125 0.6550888016701462 0.6313800140625 0.6371512004175366 0.5358549359375
5 0.5383988225469728 0.5358709625 0.40663786638830896 0.549730375 0.42752477870563677 0.6609617328125 0.559285732776618 0.6471023203125 0.5383988225469728 0.5358709625
4 0.5215984384133612 0.6565803765625 0.42458384551148226 0.6667849578125 0.4377348643006263 0.7368195171874999 0.5347494572025052 0.7266149375000001 0.5215984384133612 0.6565803765625
4 0.3644280960334029 0.6490877421875 0.26087705845511483 0.659979865625 0.2752851586638831 0.7367089046874999 0.3788361962421712 0.7258167828125 0.3644280960334029 0.6490877421875
5 0.7703308684759917 0.1353496265625 0.5749255908141963 0.1559035328125 0.601711121085595 0.29854745 0.7971163987473904 0.2779935453125 0.7703308684759917 0.1353496265625
5 0.8009796847599164 0.26774096875 0.6306881127348642 0.28565326406249997 0.6540891899791231 0.41027358124999996 0.8243807620041753 0.39236128593749997 0.8009796847599164 0.26774096875
5 0.822830795407098 0.3850412015625 0.6735246492693111 0.40074612187499997 0.6950884509394571 0.5155822 0.8443945970772443 0.49987727812499994 0.822830795407098 0.3850412015625
4 0.8742204926931106 0.49056971875000005 0.751404146137787 0.5034882828125 0.7701153382045929 0.6031330406250001 0.8929316847599165 0.5902144781249999 0.8742204926931106 0.49056971875000005
4 0.8022666325678497 0.564173525 0.7062841106471817 0.574269546875 0.7206922108559499 0.650998584375 0.8166747327766181 0.6409025640625 0.8022666325678497 0.564173525
4 0.9185725908141962 0.6081288171875 0.8360069791231732 0.616813565625 0.8507535260960334 0.6953449640625 0.9333191377870563 0.686660215625 0.9185725908141962 0.6081288171875
4 0.8589449665970773 0.6025853546875 0.7911723611691023 0.6097140859375 0.80171251565762 0.6658447265625 0.869485121085595 0.6587159953125 0.8589449665970773 0.6025853546875