3 0.5231481479166666 0.3296130953125 0.41798941875 0.3296130953125 0.41798941875 0.40401785781250005 0.5231481479166666 0.40401785781250005 0.5231481479166666 0.3296130953125
3 0.5363756604166666 0.3996775796875 0.4480820104166667 0.3996775796875 0.4480820104166667 0.467137896875 0.5363756604166666 0.467137896875 0.5363756604166666 0.3996775796875
5 0.4584986770833333 0.4031498015625 0.3781415354166667 0.4031498015625 0.3781415354166667 0.4673859125 0.4584986770833333 0.4673859125 0.4584986770833333 0.4031498015625
3 0.43121693125 0.3473462296875 0.34093915416666665 0.3473462296875 0.34093915416666665 0.41852678593750003 0.43121693125 0.41852678593750003 0.43121693125 0.3473462296875
5 0.5777116395833333 0.327380953125 0.5241402125 0.327380953125 0.5241402125 0.361855159375 0.5777116395833333 0.361855159375 0.5777116395833333 0.327380953125
5 0.5370370375 0.21800595312499998 0.487103175 0.21800595312499998 0.487103175 0.2576884921875 0.5370370375 0.2576884921875 0.5370370375 0.21800595312499998
4 0.5578703708333334 0.3613591265625 0.5109126979166666 0.3613591265625 0.5109126979166666 0.3970734125 0.5578703708333334 0.3970734125 0.5578703708333334 0.3613591265625
5 0.3849206354166667 0.419146825 0.30158730208333334 0.419146825 0.30158730208333334 0.47743055625 0.3849206354166667 0.47743055625 0.3849206354166667 0.419146825
4 0.37929894166666667 0.46316964218749995 0.29629629583333333 0.46316964218749995 0.29629629583333333 0.5095486109375 0.37929894166666667 0.5095486109375 0.37929894166666667 0.46316964218749995
5 0.45221560833333335 0.463913690625 0.3764880958333333 0.463913690625 0.3764880958333333 0.5179811515625 0.45221560833333335 0.5179811515625 0.45221560833333335 0.463913690625
4 0.38707010625000005 0.5040922625 0.33945105833333333 0.5040922625 0.33945105833333333 0.554935515625 0.38707010625000005 0.554935515625 0.38707010625000005 0.5040922625
4 0.3460648145833333 0.49590773749999995 0.292824075 0.49590773749999995 0.292824075 0.5440228171875 0.3460648145833333 0.5440228171875 0.3460648145833333 0.49590773749999995
4 0.43287037083333335 0.5089285718750001 0.35648148125 0.5089285718750001 0.35648148125 0.5672123015625 0.43287037083333335 0.5672123015625 0.43287037083333335 0.5089285718750001
4 0.32093253958333334 0.5419146828125 0.27496693125 0.5419146828125 0.27496693125 0.590277778125 0.32093253958333334 0.590277778125 0.32093253958333334 0.5419146828125
4 0.3773148145833333 0.552579365625 0.3029100520833333 0.552579365625 0.3029100520833333 0.605902778125 0.3773148145833333 0.605902778125 0.3773148145833333 0.552579365625
5 0.5085978833333333 0.49789186562500004 0.4262566145833333 0.49789186562500004 0.4262566145833333 0.560391865625 0.5085978833333333 0.560391865625 0.5085978833333333 0.49789186562500004
4 0.5603505291666667 0.45709325468750006 0.48098545000000004 0.45709325468750006 0.48098545000000004 0.5138888890625 0.5603505291666667 0.5138888890625 0.5603505291666667 0.45709325468750006
4 0.6215277770833333 0.47743055625 0.5537367729166667 0.47743055625 0.5537367729166667 0.5297619046875 0.6215277770833333 0.5297619046875 0.6215277770833333 0.47743055625
4 0.62483465625 0.5260416671875 0.556382275 0.5260416671875 0.556382275 0.5729166671875 0.62483465625 0.5729166671875 0.62483465625 0.5260416671875
4 0.5669642854166667 0.533358134375 0.4935515875 0.533358134375 0.4935515875 0.5908978171875 0.5669642854166667 0.5908978171875 0.5669642854166667 0.533358134375
3 0.7220568791666667 0.44469246093750003 0.65029761875 0.44469246093750003 0.65029761875 0.4950396828125 0.7220568791666667 0.4950396828125 0.7220568791666667 0.44469246093750003
3 0.7220568791666667 0.4925595234375 0.6453373020833334 0.4925595234375 0.6453373020833334 0.5431547625 0.7220568791666667 0.5431547625 0.7220568791666667 0.4925595234375
5 0.7567790999999999 0.49677579375 0.718088625 0.49677579375 0.718088625 0.5379464281249999 0.7567790999999999 0.5379464281249999 0.7567790999999999 0.49677579375
4 0.7471891541666668 0.5334821421875 0.6949404770833334 0.5334821421875 0.6949404770833334 0.5714285718750001 0.7471891541666668 0.5714285718750001 0.7471891541666668 0.5334821421875
5 0.7159391541666668 0.5262896828125 0.6471560854166667 0.5262896828125 0.6471560854166667 0.5570436515625 0.7159391541666668 0.5570436515625 0.7159391541666668 0.5262896828125
3 0.6023478833333333 0.6238839281249999 0.5577050270833334 0.6238839281249999 0.5577050270833334 0.663318453125 0.6023478833333333 0.663318453125 0.6023478833333333 0.6238839281249999
3 0.6092923270833333 0.6561259921875 0.5514219583333334 0.6561259921875 0.5514219583333334 0.697792659375 0.6092923270833333 0.697792659375 0.6092923270833333 0.6561259921875
5 0.6048280416666666 0.6954365078125 0.55026455 0.6954365078125 0.55026455 0.7358630953125 0.6048280416666666 0.7358630953125 0.6048280416666666 0.6954365078125
5 0.56812169375 0.7225942453124999 0.51223545 0.7225942453124999 0.51223545 0.7657490078125 0.56812169375 0.7657490078125 0.56812169375 0.7225942453124999
5 0.5525793645833333 0.7008928578125 0.5138888895833333 0.7008928578125 0.5138888895833333 0.7304067453124999 0.5525793645833333 0.7304067453124999 0.5525793645833333 0.7008928578125
3 0.7665343916666667 0.8482142859374999 0.7136243395833334 0.8482142859374999 0.7136243395833334 0.890873015625 0.7665343916666667 0.890873015625 0.7665343916666667 0.8482142859374999
3 0.7073412708333334 0.8373015875 0.6699735458333334 0.8373015875 0.6699735458333334 0.8735119046875001 0.7073412708333334 0.8735119046875001 0.7073412708333334 0.8373015875
3 0.70535714375 0.823040675 0.6583994708333333 0.823040675 0.6583994708333333 0.85751488125 0.70535714375 0.85751488125 0.70535714375 0.823040675