4 0.15042978079331942 0.5152601796875 0.07691079540709812 0.5015410640625 0.0604625866388309 0.55091560625 0.13398157202505218 0.564634721875 0.15042978079331942 0.5152601796875
4 0.16489196868475992 0.4456855046875 0.07036755949895615 0.42804664218750005 0.049254933194154485 0.4914229203125 0.14377934237995826 0.5090617828124999 0.16489196868475992 0.4456855046875
4 0.26948997286012527 0.39436578437500003 0.19531456784968684 0.380524178125 0.17616590814196242 0.4380049875 0.2503413131524008 0.45184659531250004 0.26948997286012527 0.39436578437500003
5 0.28304186430062633 0.3154892234375 0.2062407807933194 0.3011576484375 0.18545548225469727 0.36355134843750003 0.2622565657620042 0.377882925 0.28304186430062633 0.3154892234375
5 0.35557600417536533 0.23170332343750003 0.26597474321503134 0.214983153125 0.24232532776617954 0.2859744109375 0.3319265908141963 0.30269458125000004 0.35557600417536533 0.23170332343750003
4 0 0.5785092109375001 0.01938717745302714 0.5821269828125 0.036653705636743215 0.5302959953124999 0 0.523456178125 0 0.5785092109375001
4 0.10697727557411273 0.5488980375 0.05446371607515658 0.5390986703125 0.04096145720250522 0.5796300109375 0.09347501670146137 0.589429378125 0.10697727557411273 0.5488980375
4 0.08188368058455114 0.512775171875 0.04446776826722338 0.5057931234375 0.030229020876826725 0.5485352640625 0.06764493319415447 0.5555173124999999 0.08188368058455114 0.512775171875
4 0 0.5016697890625 0.01936325260960334 0.5052830968750001 0.03245635281837161 0.46597997968750005 0 0.45992341562499994 0 0.5016697890625
4 0.29096675365344465 0.470646903125 0.22335554279749478 0.458030215625 0.2051888643006263 0.5125632921875 0.27280007515657617 0.525179978125 0.29096675365344465 0.470646903125
4 0.35823960542797495 0.471198365625 0.29062839665970774 0.4585816796875 0.27344370146137786 0.5101670234375 0.3410549102296451 0.522783709375 0.35823960542797495 0.471198365625
4 0.4293667244258873 0.372799590625 0.34895533611691026 0.357794309375 0.3302158350730689 0.41404689531249994 0.41062722338204594 0.42905217812499996 0.4293667244258873 0.372799590625
4 0.2990709707724426 0.5467808453125 0.23671111691022964 0.5351440968750001 0.22361801670146136 0.574447215625 0.2859778705636743 0.5860839640625 0.2990709707724426 0.5467808453125
4 0.46977501043841335 0.47439983750000003 0.4110254634655532 0.46343679375 0.3921222985386221 0.5201806703125 0.45087184551148224 0.5311437125 0.46977501043841335 0.47439983750000003
4 0.5179276617954071 0.469035115625 0.43292133402922756 0.4531723875 0.4115632129436326 0.5172855984375 0.4965695407098121 0.533148325 0.5179276617954071 0.469035115625
4 0.593088254697286 0.3381223703125 0.5500927745302714 0.33009913750000003 0.5393727995824635 0.36227856406250003 0.5823682776617954 0.37030179687500003 0.593088254697286 0.3381223703125
4 0.1673677536534447 0.7056273140625 0.10500789979123173 0.6939905640624999 0.08815053027139874 0.744593328125 0.15051038622129437 0.756230078125 0.1673677536534447 0.7056273140625
4 0.21688507933194154 0.664771915625 0.15649448434237997 0.6535026421875 0.14168291440501046 0.69796429375 0.20207350939457203 0.7092335671875001 0.21688507933194154 0.664771915625
4 0 0.61007990625 0.03541408977035491 0.6166884031250001 0.05022566179540709 0.5722267515625 0 0.5628543203125 0 0.61007990625
4 0.2749477703549061 0.6396005375 0.21783927348643006 0.628943725 0.2036005260960334 0.671685865625 0.2607090229645094 0.682342678125 0.2749477703549061 0.6396005375
4 0.2956038100208768 0.6184072625 0.2663931419624217 0.6129563640625 0.2596010960334029 0.63334485625 0.28881176409185805 0.6387957546874999 0.2956038100208768 0.6184072625
4 0.4198213903966597 0.581446190625 0.3551640688935282 0.56938071875 0.3396160104384134 0.616053171875 0.4042733319415449 0.6281186437499999 0.4198213903966597 0.581446190625
4 0.4226068684759916 0.6254082999999999 0.3661547912317328 0.6148739796875 0.3513432212943633 0.6593356328125 0.4077952985386221 0.669869953125 0.4226068684759916 0.6254082999999999
4 0.428043503131524 0.6514706359375 0.3978482066805845 0.645836 0.3898286826722338 0.6699091593750001 0.4200239791231733 0.6755437953125 0.428043503131524 0.6514706359375
4 0.5334549749478079 0.5919534390625001 0.47470542797494786 0.5809903953125 0.46210331732776616 0.618819646875 0.5208528643006263 0.629782690625 0.5334549749478079 0.5919534390625001
5 0.29894722338204593 0.6915654921875001 0.2392130459290188 0.6804187109375001 0.22268300626304802 0.730038896875 0.28241718162839247 0.741185678125 0.29894722338204593 0.6915654921875001
5 0.2546397870563674 0.6843410984375 0.21361356993736952 0.6766853421875 0.1974108559498956 0.7253229515624999 0.2384370751565762 0.7329787078125001 0.2546397870563674 0.6843410984375
4 0.18665262004175365 0.5666360312500001 0.1626933089770355 0.5621650703125 0.15712873903966598 0.5788688953125 0.18108805219206678 0.5833398578125 0.18665262004175365 0.5666360312500001
4 0.22278248225469727 0.7506697328125 0.1545148559498956 0.7379305546875 0.13724832776617954 0.7897615421874999 0.20551595407098122 0.8025007203125 0.22278248225469727 0.7506697328125
4 0.1181144509394572 0.7676660828124999 0.06494446972860125 0.757744221875 0.05152403966597077 0.79802991875 0.10469402087682672 0.8079517796875001 0.1181144509394572 0.7676660828124999
4 0.1729942922755741 0.8593124453125001 0.1047266617954071 0.8465732671874999 0.08639632150313152 0.9015976328124999 0.15466394989561585 0.9143368109375001 0.1729942922755741 0.8593124453125001
4 0.16529581210855948 0.8264356203125001 0.09998207098121085 0.8142476562500001 0.08304287056367432 0.865096065625 0.14835661169102296 0.8772840296875 0.16529581210855948 0.8264356203125001
4 0.1931251503131524 0.896205178125 0.14389368684759918 0.8870182703125 0.1294094425887265 0.9304973437499999 0.17864090814196243 0.9396842515625 0.1931251503131524 0.896205178125
4 0.25572940083507306 0.80873989375 0.19894911273486432 0.7981443265625 0.1821735782881002 0.8485014468750001 0.23895386638830896 0.8590970140625 0.25572940083507306 0.80873989375
5 0.3205780688935282 0.8045338921875 0.25887463674321504 0.7930196359374999 0.24152627557411274 0.8450962687500001 0.30322970981210856 0.856610525 0.3205780688935282 0.8045338921875
4 0.2748244613778706 0.7849070953124999 0.22362374112734865 0.7753527124999999 0.2112671252609603 0.8124450296875001 0.2624678475991649 0.8219994125 0.2748244613778706 0.7849070953124999
4 0.35943607724425886 0.7705605015625 0.3092199853862213 0.76118985625 0.29596321920668056 0.8009842640624999 0.3461793110647181 0.8103549093750001 0.35943607724425886 0.7705605015625
4 0.39381748434237995 0.7301420796875 0.35279126722338205 0.7224863234375001 0.34043465135699374 0.759578640625 0.3814608705636743 0.767234396875 0.39381748434237995 0.7301420796875
4 0.3409475929018789 0.7355397359375 0.301890630480167 0.72825145625 0.2891248559498956 0.766571996875 0.32818181837160754 0.7738602765625 0.3409475929018789 0.7355397359375
4 0.3244568204592902 0.63748945 0.2778510354906054 0.6287925109375 0.26410327974947806 0.670060784375 0.31070906471816284 0.6787577234375 0.3244568204592902 0.63748945
4 0.351008490605428 0.8942269843749999 0.3034180751565762 0.8853463078124999 0.2894248246346555 0.9273515140624999 0.3370152379958246 0.9362321921874999 0.351008490605428 0.8942269843749999
4 0.29295815240083506 0.9340118984375 0.2519319331941545 0.9263561421875 0.24080279749478078 0.95976379375 0.2818290167014614 0.9674195484375 0.29295815240083506 0.9340118984375
3 0.4226328830897703 0.8503217484375 0.3592884008350731 0.8385012609375 0.34005790814196246 0.8962277171874999 0.4034023903966597 0.9080482046875 0.4226328830897703 0.8503217484375
4 0.45929212317327767 0.8841672859375 0.4202351649269311 0.87687900625 0.4102516743215031 0.9068476328124999 0.4493086346555324 0.9141359124999999 0.45929212317327767 0.8841672859375
4 0.252116114822547 0.853073440625 0.2035410688935282 0.8440090250000001 0.18872949895615868 0.8884706781249999 0.23730454279749477 0.8975350921875 0.252116114822547 0.853073440625
4 0.2806413549060543 0.8726162937499999 0.23042526513569936 0.8632456484375 0.21643201252609603 0.90525085625 0.2666481043841336 0.9146215015625 0.2806413549060543 0.8726162937499999
4 0.11932440083507306 0.5976449328125 0.07173398747390397 0.5887642546875 0.060604851774530274 0.6221719046875 0.10819526513569938 0.6310525828125 0.11932440083507306 0.5976449328125
4 0.23059324217118995 0.6251921984375 0.19416196033402924 0.6183938875 0.18442396659707724 0.6476255828124999 0.220855248434238 0.65442389375 0.23059324217118995 0.6251921984375
4 0.4838039791231733 0.6687901421875 0.45426510229645095 0.6632779984375 0.44706389770354904 0.6848947140625 0.4766027745302714 0.6904068578125 0.4838039791231733 0.6687901421875
4 0.6429318935281837 0.6348212125 0.5887772860125261 0.624715615625 0.5743748747390397 0.66794904375 0.62852948434238 0.6780546421875 0.6429318935281837 0.6348212125
4 0.6389100083507306 0.5354448921875 0.5831143486430063 0.5250330640625 0.5689574342379958 0.5675295609375001 0.6247530918580376 0.5779413890625 0.6389100083507306 0.5354448921875
4 0.75080527348643 0.527624634375 0.6772862881002089 0.51390551875 0.660101592901879 0.5654908625 0.7336205782881001 0.579209978125 0.75080527348643 0.527624634375
4 0.7281964008350731 0.616421815625 0.6769956805845512 0.6068674328125 0.6633297557411274 0.6478900609375 0.714530478079332 0.6574444453125 0.7281964008350731 0.616421815625
4 0.7700085114822547 0.6803209156250001 0.7470338288100209 0.6760336921875 0.7398326242171189 0.69765040625 0.7628073068893528 0.7019376296875001 0.7700085114822547 0.6803209156250001
4 0.6980127891440501 0.7216781671875 0.6838997682672233 0.7190445875 0.6798081753653444 0.7313268125 0.6939211941544886 0.7339603921875 0.6980127891440501 0.7216781671875
4 0.9373392630480166 0.353831659375 0.9206005636743215 0.3507081109375 0.9154451544885177 0.3661837140625 0.932183853862213 0.3693072625 0.9373392630480166 0.353831659375
4 0.9207108538622129 0.2870654703125 0.8928130250521921 0.28185955625000003 0.8862664739039666 0.301511115625 0.9141643027139875 0.30671702968750003 0.9207108538622129 0.2870654703125
4 0.9496315824634656 0.289200828125 0.9207491231732777 0.28381117499999997 0.913384254697286 0.3059191796875 0.9422667118997913 0.3113088328125 0.9496315824634656 0.289200828125
4 0.9727421377870564 0.26011630625 0.936310853862213 0.2533179953125 0.9277185073068893 0.27911066562500003 0.96414978914405 0.285908978125 0.9727421377870564 0.26011630625
4 1 0.23063158125 0.9740667787056367 0.2257922765625 0.9609736784968685 0.26509539531250004 1 0.27237795781249996 1 0.23063158125
4 1 0.101348278125 0.9959065198329854 0.1005844078125 0.9909966075156575 0.115323078125 1 0.11700316875000001 1 0.101348278125
4 0.12988721294363256 0.7192454765625 0.06391705010438413 0.7069350203125 0.04951464091858038 0.75016845 0.11548480167014613 0.7624789062499999 0.12988721294363256 0.7192454765625
4 0.23504225678496868 0.8901986921875 0.18220048643006265 0.8803380781250001 0.16894372025052193 0.920132484375 0.22178549060542796 0.9299930984375001 0.23504225678496868 0.8901986921875