4 0.1242756 0.43298965625 0.22000165416666664 0.4190342109375 0.20281531249999998 0.35272216093750003 0.10708925625 0.36667760625 0.1242756 0.43298965625
4 0.19529148333333335 0.4846807703125 0.29484658125 0.47016710625 0.27745725000000004 0.40307184375 0.17790215416666666 0.41758550781250003 0.19529148333333335 0.4846807703125
4 0.29368391875 0.32281234062499997 0.3667838145833333 0.3121554546875 0.3447934166666667 0.227307359375 0.27169352083333337 0.2379642453125 0.29368391875 0.32281234062499997
4 0.33226656250000003 0.2911777734375 0.45096687083333337 0.27387302187499996 0.4270819145833334 0.18171493593750002 0.30838160625 0.19901968750000001 0.33226656250000003 0.2911777734375
4 0.40269163333333335 0.1789037 0.519303375 0.1619034296875 0.49886921875 0.0830599703125 0.38225747916666664 0.100060240625 0.40269163333333335 0.1789037
4 0.40255034791666666 0.309379640625 0.5125482875 0.2933435640625 0.4905578895833333 0.20849547031250001 0.38055995000000004 0.2245315453125 0.40255034791666666 0.309379640625
4 0.5056348291666667 0.23461021249999997 0.605189925 0.22009655 0.5831995270833333 0.13524845624999998 0.48364443125 0.14976211875 0.5056348291666667 0.23461021249999997
4 0.5368978395833334 0.3210867859375 0.6347124625 0.3068268578125 0.61380466875 0.2261559015625 0.5159900458333333 0.2404158296875 0.5368978395833334 0.3210867859375
4 0.6015994479166668 0.3177502921875 0.65903508125 0.30937702499999997 0.6477353979166666 0.26577815781249997 0.5902997666666666 0.274151425 0.6015994479166668 0.3177502921875
4 0.41624596249999996 0.3775552609375 0.5022253645833333 0.365020734375 0.48443005833333336 0.29635904687500003 0.39845065625 0.3088935734375 0.41624596249999996 0.3775552609375
4 0.34410848541666667 0.44280076875 0.4151198145833333 0.4324483671875 0.3990160770833333 0.3703134546875 0.3280047479166667 0.3806658578125 0.34410848541666667 0.44280076875
4 0.39576960625 0.45884071249999997 0.48035662916666666 0.4465091734375 0.4651325083333333 0.387768184375 0.38054548541666666 0.40009972187500004 0.39576960625 0.45884071249999997
4 0.43258786250000003 0.541662590625 0.5331872458333333 0.5269966859374999 0.5158655770833334 0.46016249531250003 0.41526619375 0.4748284 0.43258786250000003 0.541662590625
4 0.66249894375 0.3401650703125 0.7390797895833334 0.32900071406250003 0.7242616437499999 0.2718261515625 0.6476807979166667 0.2829905078125 0.66249894375 0.3401650703125
4 0.6967507708333333 0.296698846875 0.7747239916666667 0.285331503125 0.7581466145833333 0.22136909531249999 0.68017339375 0.23273643906250002 0.6967507708333333 0.296698846875
4 0.6389720708333333 0.420134159375 0.6748258270833334 0.4149072109375 0.6638644604166667 0.3726137 0.6280107020833333 0.3778406484375 0.6389720708333333 0.420134159375
4 0.7986853166666666 0.15476964531249998 0.9079870666666667 0.13883506406249999 0.8887708416666666 0.06469088437500001 0.7794690916666667 0.080625465625 0.7986853166666666 0.15476964531249998
4 0.8125362208333333 0.21587831093749998 0.8905094416666667 0.2045109671875 0.8764355875 0.15020818593750002 0.7984623645833333 0.1615755296875 0.8125362208333333 0.21587831093749998
4 0.7876800708333334 0.23426794375 0.8329323895833334 0.2276708234375 0.82129439375 0.18276660312499998 0.776042075 0.189363721875 0.7876800708333334 0.23426794375
4 0.6387339833333333 0.7279513609375 0.7201881541666667 0.716076546875 0.7026634979166667 0.648459140625 0.6212093270833333 0.66033395625 0.6387339833333333 0.7279513609375
4 0.6025198020833333 0.648157171875 0.6836258770833333 0.6363331046875 0.6675221395833333 0.5741981921875 0.5864160645833334 0.5860222609375 0.6025198020833333 0.648157171875
4 1 0.65509943125 0.9567250333333334 0.6614082828125001 0.9659948312500001 0.6971750171875 1 0.692217565625 1 0.65509943125
4 0.9081145 0.7045293734375 0.9620691854166666 0.6966635765625 0.9524610729166666 0.6595914875 0.8985063875 0.667457284375 0.9081145 0.7045293734375
4 0.8734297645833333 0.7212361140625 0.9179858916666667 0.7147404875000001 0.9096633729166667 0.6826287484375 0.8651072458333334 0.6891243734375 0.8734297645833333 0.7212361140625
4 0.46058202708333335 0.75351688125 0.5664028291666666 0.738089771875 0.5436004770833333 0.650108825 0.437779675 0.665535934375 0.46058202708333335 0.75351688125
4 0.5326306729166667 0.710230084375 0.59493963125 0.7011463578125 0.5797831729166667 0.6426664390625 0.5174742125 0.651750165625 0.5326306729166667 0.710230084375
4 0.4963859395833333 0.6491348828125 0.5785363 0.6371585750000001 0.5617559354166667 0.5724129515625 0.479605575 0.5843892609375 0.4963859395833333 0.6491348828125
4 0.45705666250000004 0.76500370625 0.5144922979166666 0.7566304390624999 0.5023806625 0.7098987203125 0.44494502708333333 0.7182719875 0.45705666250000004 0.76500370625
4 0.5806164291666666 0.7392688625 0.60707163125 0.7354120843749999 0.6014556229166667 0.7137431859375 0.5750004208333334 0.7175999640625 0.5806164291666666 0.7392688625
4 0.5227366375 0.857435675 0.5530208791666666 0.8530206796875 0.5463899291666666 0.827435715625 0.5161056875 0.8318507109375 0.5227366375 0.857435675
4 0.3873311916666667 0.6597502171875 0.48444962708333333 0.6455917828125 0.46503041458333333 0.5706643890625 0.3679119791666666 0.5848228234375 0.3873311916666667 0.6597502171875
4 0.46197767291666664 1 0.5171416 0.9919579140625 0.5038120354166666 0.940526915625 0.43837022291666666 0.9500673656249999 0.45131145 1 0.46197767291666664 1
4 0.2704824375 0.8542476562499999 0.3000704895833334 0.8499341546875 0.29398084166666666 0.826437759375 0.2643927875 0.8307512609375 0.2704824375 0.8542476562499999
4 0.30091901875 0.7612146109375 0.3942084125 0.7476143953125 0.3747891979166667 0.6726870015624999 0.28149980625000004 0.68628721875 0.30091901875 0.7612146109375
4 0.5983959270833333 0.8824400609374999 0.6269396979166667 0.8782788015625 0.6218649895833334 0.8586984703124999 0.5933212208333334 0.86285973125 0.5983959270833333 0.8824400609374999