3 0.7217500395833334 0.5463558578125001 0.54177418125 0.543999740625 0.5386326916666667 0.6789816328125 0.7186085479166666 0.6813377515625 0.7217500395833334 0.5463558578125001
3 0.5251478833333334 0.5129722828125 0.3330645604166667 0.5104576625 0.32972315625 0.6540293125 0.5218064791666667 0.6565439328125 0.5251478833333334 0.5129722828125
3 0.7828387625000001 0.403908440625 0.5694855645833333 0.4011153703125 0.5658642833333333 0.5567126796874999 0.77921748125 0.55950575 0.7828387625000001 0.403908440625
3 0.55359091875 0.4160053171875 0.3723061458333333 0.41363206406249997 0.36976439375 0.5228446875 0.5510491666666667 0.5252179406249999 0.55359091875 0.4160053171875
5 0.5683364104166666 0.295782371875 0.3739624833333333 0.2932377640625 0.37045543750000004 0.443926640625 0.5648293645833333 0.4464712484375 0.5683364104166666 0.295782371875
5 0.72727380625 0.33714249218750003 0.5721673416666667 0.3351119484375 0.5697512499999999 0.43892529375 0.7248577145833334 0.4409558390625 0.72727380625 0.33714249218750003
5 0.5707325104166666 0.192828 0.40777255208333335 0.1906946421875 0.4049509229166667 0.31193292499999997 0.56791088125 0.3140662828125 0.5707325104166666 0.192828
4 0.6808589208333333 0.214768646875 0.5470223291666667 0.21301655312499998 0.5444291708333334 0.32443796874999997 0.6782657625 0.3261900640625 0.6808589208333333 0.214768646875
4 0.7634942541666666 0.1310314453125 0.5930080333333334 0.128799559375 0.5899236604166667 0.26132723593749996 0.76040988125 0.263559121875 0.7634942541666666 0.1310314453125
4 0.6691506520833334 0.070877228125 0.5264788833333334 0.0690094703125 0.5235487291666667 0.19491076406250002 0.6662204979166667 0.196778521875 0.6691506520833334 0.070877228125
3 0 0.9823604296875 0.09914083333333333 0.9836583109375001 0.10211096874999999 0.8560390671875 0 0.8547023015624999 0 0.9823604296875
3 0 0.8405862578125 0.10243939791666666 0.8419273234375 0.105066825 0.7290333765625 0 0.727657915625 0 0.8405862578125