5 0.6248736833333334 1 0.6592587458333333 0.8786732515625 0.4261160375 0.8415062421874999 0.3833041145833333 0.992566940625 0.42993050833333335 1 0.6248736833333334 1
4 0.49573516874999995 0.8137173265625 0.29765151458333333 0.782139340625 0.25107631458333335 0.94647865625 0.44915996875 0.978056640625 0.49573516874999995 0.8137173265625
4 0.6914837458333333 0.77401879375 0.5095272583333333 0.745011759375 0.47189449791666666 0.877797925 0.6538509854166666 0.906804959375 0.6914837458333333 0.77401879375
4 0.5836243708333334 0.69883653125 0.5159603958333333 0.6880497140624999 0.5010563333333333 0.7406382953125 0.56872030625 0.7514251109375001 0.5836243708333334 0.69883653125
4 0.6460577041666667 0.5910279484375 0.5040685354166666 0.5683924015625 0.47254644166666665 0.67961725 0.6145356083333334 0.7022527968750001 0.6460577041666667 0.5910279484375
3 0.5238184229166667 0.5620594921875 0.38638693333333335 0.54015051875 0.3556845604166667 0.6484829953125 0.49311605000000003 0.67039196875 0.5238184229166667 0.5620594921875
4 0.40488177291666666 0.5266095546875 0.2863821708333333 0.507718653125 0.2600019791666667 0.600800440625 0.37850157916666666 0.619691340625 0.40488177291666666 0.5266095546875
4 0.55300879375 0.54568900625 0.46465997708333334 0.531604665625 0.4502030354166667 0.5826155890625 0.5385518520833333 0.5966999296875 0.55300879375 0.54568900625
4 0.6308193291666666 0.509037503125 0.5670118520833333 0.4988654796875 0.5516606666666667 0.5530317171875 0.61546814375 0.563203740625 0.6308193291666666 0.509037503125
4 0.5175707541666666 0.44769912500000003 0.40993945833333334 0.4305408203125 0.38422994791666665 0.521256121875 0.49186124375 0.5384144265625 0.5175707541666666 0.44769912500000003
4 0.3446418520833333 0.48251600781250004 0.2931050416666666 0.47430014218750005 0.28349192083333336 0.5082197765625 0.33502873125000004 0.5164356421875 0.3446418520833333 0.48251600781250004
4 0.44243483749999996 0.374710503125 0.32849291458333335 0.35654617499999997 0.3054661354166667 0.43779553125000004 0.41940805833333333 0.45595985937499994 0.44243483749999996 0.374710503125
4 0.5672457229166666 0.35517046875 0.45891324791666666 0.33790038437500003 0.43357633958333336 0.427300971875 0.5419088145833334 0.44457105625000004 0.5672457229166666 0.35517046875
4 0.47870967708333334 0.3242920921875 0.36161243541666666 0.305624753125 0.3368716895833333 0.392921796875 0.4539689291666667 0.41158913750000004 0.47870967708333334 0.3242920921875
4 0.6077822604166666 0.216663703125 0.51207104375 0.20140566875000002 0.48971494791666664 0.2802885390625 0.5854261645833333 0.2955465734375 0.6077822604166666 0.216663703125
4 0.5159404083333333 0.23623794375 0.40620556874999997 0.2187442984375 0.38146482291666667 0.3060413421875 0.49119966249999997 0.3235349875 0.5159404083333333 0.23623794375
3 0.4159738375 0.221126 0.33183211041666666 0.2077123421875 0.30955053541666666 0.2863322703125 0.3936922625 0.2997459265625 0.4159738375 0.221126
3 0.46168333125 0.1807311421875 0.3565061666666667 0.1639640703125 0.33877033125 0.22654448125 0.44394749375 0.243311553125 0.46168333125 0.1807311421875
5 0.41788390416666665 0.1393959078125 0.3442598895833333 0.1276589578125 0.32674761458333335 0.1894505390625 0.4003716291666667 0.20118749062500002 0.41788390416666665 0.1393959078125
5 0.46201163125 0.1252692859375 0.39645119999999995 0.11481781093750001 0.38035481250000003 0.171613478125 0.4459152416666667 0.1820649515625 0.46201163125 0.1252692859375
3 0.5518524395833333 0.1121092015625 0.4508823666666667 0.0960128125 0.4265142208333333 0.18199514375 0.5274842958333333 0.19809153125 0.5518524395833333 0.1121092015625
5 0.5201482479166667 0.044258004687500005 0.4293453 0.0297824328125 0.40736180625 0.10735058906249999 0.49816475416666667 0.12182616093750001 0.5201482479166667 0.044258004687500005
3 0.9671782312499999 0.10507910937500001 0.9785053208333333 0.06511178749999999 0.9115425270833334 0.054436751562499996 0.9002154395833333 0.0944040734375 0.9671782312499999 0.10507910937500001