4 0.5116396659707725 0.1295825109375 0.32352191231732774 0.1544083578125 0.3611266722338205 0.3140255171875 0.5492444237995825 0.28919966874999997 0.5116396659707725 0.1295825109375
4 0.8802196409185803 0.3578285953125 0.7296583716075156 0.3776981234375 0.7552012275574113 0.48611732500000004 0.9057624947807933 0.46624779531250005 0.8802196409185803 0.3578285953125
4 0.6672595511482254 0.3256386890625 0.5130097014613779 0.34599499843750003 0.5395577139874739 0.458680696875 0.6938075636743215 0.4383243859375 0.6672595511482254 0.3256386890625
4 0.4285878079331942 0.3501492515625 0.24147603131524006 0.3748423421875 0.27565142588726516 0.51990321875 0.46276320250521924 0.4952101296875 0.4285878079331942 0.3501492515625
4 0.4468959916492693 0.4887646 0.31209503549060547 0.5065542453125 0.33598233611691025 0.6079462765625 0.47078329227557414 0.59015663125 0.4468959916492693 0.4887646
4 0.603193394572025 0.48883994218750004 0.46369787891440506 0.5072491265625 0.48841295615866387 0.6121547453125 0.627908471816284 0.5937455609375 0.603193394572025 0.48883994218750004
5 0.06614238204592901 0.5977541000000001 0.01684949686847599 0.60425926875 0.03778044676409186 0.69310278125 0.08707333402922755 0.6865976125000001 0.06614238204592901 0.5977541000000001
4 0.09605276409185803 0.60803936875 0.034017496868475994 0.6162261453125 0.05098694154488517 0.68825464375 0.11302220876826723 0.680067865625 0.09605276409185803 0.60803936875
4 0.1541705052192067 0.6646747625 0.04753691231732777 0.67874716875 0.06539326096033403 0.7545402218749999 0.17202685386221295 0.7404678171875 0.1541705052192067 0.6646747625
4 0.11426294989561586 0.7433035953125 0.05155703340292275 0.751578878125 0.06959076200417537 0.8281248421875 0.13229667849686846 0.8198495593749999 0.11426294989561586 0.7433035953125
4 0.14309083924843424 0.740922440625 0.10117511691022965 0.746454046875 0.11536559290187892 0.8066869359375 0.15728131315240085 0.8011553296875 0.14309083924843424 0.740922440625
4 0.4674790334029228 0.592274721875 0.334019382045929 0.6098873546875 0.3576701732776618 0.7102755046875 0.4911298246346555 0.6926628703125 0.4674790334029228 0.592274721875
4 0.31149179123173276 0.621399834375 0.19211581837160752 0.6371538484375 0.2136971670146138 0.728758034375 0.3330731377870564 0.7130040203125 0.31149179123173276 0.621399834375
4 0.28618829436325677 0.7106518796875 0.21241662630480165 0.7203875078124999 0.22382813361169104 0.768824790625 0.29759980167014616 0.7590891640625 0.28618829436325677 0.7106518796875
4 0.4084048183716075 0.6937466796875 0.3138429540709812 0.706225984375 0.33199493528183716 0.7832738890625001 0.42655680167014615 0.7707945859375 0.4084048183716075 0.6937466796875
4 0.5443028977035491 0.6630029671875 0.4061486826722338 0.681235140625 0.43139590396659705 0.7883994921874999 0.5695501169102296 0.77016731875 0.5443028977035491 0.6630029671875
4 0.7230368496868477 0.6108210421875 0.6006429457202505 0.62697333125 0.6211600083507307 0.7140600515625 0.7435539123173278 0.6979077625000001 0.7230368496868477 0.6108210421875
4 0.8180445177453027 0.6405923484375 0.7197940688935281 0.6535584328125 0.7379460521920668 0.7306063390624999 0.8361964989561587 0.7176402546875 0.8180445177453027 0.6405923484375
4 0.6609264947807933 0.7045423203125 0.5653586513569938 0.7171543828125 0.582860235908142 0.7914416125 0.6784280793319415 0.7788295515625 0.6609264947807933 0.7045423203125
4 0.7456953716075156 0.7436868109375 0.7047856283924843 0.7490856578125 0.7131816597077244 0.78472345 0.7540914008350731 0.779324603125 0.7456953716075156 0.7436868109375