4 0.8807385887265136 0.7211618484375 0.6626192755741127 0.7297173484374999 0.6738676889352818 0.8903563625 0.891987 0.8818008624999999 0.8807385887265136 0.7211618484375
3 0.7687283048016702 0.50021748125 0.508379853862213 0.510429375 0.5245418329853863 0.7412392203125 0.7848902839248434 0.7310273265625 0.7687283048016702 0.50021748125
5 0.8520770292275575 0.320167034375 0.5990896221294364 0.3300901984375 0.615576465553236 0.5655394390625 0.868563872651357 0.555616275 0.8520770292275575 0.320167034375
5 0.6039935908141962 0.364061971875 0.37037734864300625 0.3732253234375 0.3823364008350731 0.544013009375 0.6159526430062631 0.5348496593750001 0.6039935908141962 0.364061971875
4 0.5337909227557411 0.529349609375 0.44080933194154487 0.5329967156250001 0.4501491711899791 0.666379290625 0.5431307599164926 0.662732184375 0.5337909227557411 0.529349609375
5 0.47682380167014615 0.44813639062500005 0.32301675574112737 0.454169309375 0.33036680167014615 0.559135596875 0.48417384759916493 0.5531026781249999 0.47682380167014615 0.44813639062500005
4 0.33407207515657616 0.2708485671875 0.18491411064718163 0.27669913125 0.1950661064718163 0.42168019062499995 0.3442240730688935 0.4158296265625 0.33407207515657616 0.2708485671875
4 0.44838165135699376 0.507985225 0.31007153862212944 0.51341029375 0.31598 0.5977892703125 0.45429011482254694 0.5923642015625 0.44838165135699376 0.507985225
5 0.7767204822546973 0.195479825 0.5655747870563674 0.20376179218749998 0.5780211356993736 0.38150857031249996 0.7891668308977036 0.3732266015625 0.7767204822546973 0.195479825
4 0.5458112797494781 0.1184724734375 0.4075011670146138 0.1238975421875 0.41765316283924847 0.26887859999999997 0.5559632755741126 0.2634535328125 0.5458112797494781 0.1184724734375
4 0.7661398956158665 0.0859881171875 0.603422114822547 0.09237055 0.6115234091858037 0.208065434375 0.7742411899791232 0.20168300156250002 0.7661398956158665 0.0859881171875
4 0.6248667787056368 0.0102623984375 0.47028488517745304 0.016325709375 0.47976685177453027 0.15173801874999998 0.634348745302714 0.1456747078125 0.6248667787056368 0.0102623984375
4 0.5831627599164927 0 0.5890391649269311 0.083921190625 0.7738400751565763 0.0766725703125 0.7684712379958246 0 0.5831627599164927 0