1 0.622329234375 0.9921203235908143 0.62025659375 0.9392791189979123 0.5308311406249999 0.9455409498956159 0.53290378125 0.9983821544885177 0.622329234375 0.9921203235908143
1 0.6595671890625 0.9895128121085595 0.6554147859375 0.8836488183716076 0.57903620625 0.8889970709812108 0.5831886093749999 0.9948610626304802 0.6595671890625 0.9895128121085595
1 0.5050709906249999 0.9628218601252609 0.5901474875 0.9568645553235908 0.5856888171875 0.8431924112734864 0.5006123203125 0.8491497160751565 0.5050709906249999 0.9628218601252609
0 0.62167495 0.7982470688935281 0.73148614375 0.7905577682672233 0.7262867359375 0.6580007954070982 0.6164755421875 0.665690096033403 0.62167495 0.7982470688935281
0 0.719975803125 0.7993754384133611 0.8276125203125 0.7918384008350731 0.8217720890625 0.6429387870563674 0.714135371875 0.6504758225469729 0.719975803125 0.7993754384133611
1 0.6566352578125 0.6854563674321503 0.743614421875 0.6793658308977035 0.7394406499999999 0.5729570814196242 0.6524614859375 0.579047617954071 0.6566352578125 0.6854563674321503
1 0.7789670453124999 0.5731026680584551 0.83903703125 0.5688963924843424 0.836259265625 0.49807828183716074 0.776189278125 0.5022845574112734 0.7789670453124999 0.5731026680584551
1 0.8009946250000001 0.5058280396659708 0.8656853796874999 0.5012982045929019 0.8628791250000001 0.42975375574112734 0.7981883703125 0.43428359081419626 0.8009946250000001 0.5058280396659708
0 0.8437696625 0.3699117557411274 0.89921888125 0.3660290396659708 0.8970536484375 0.31082723173277665 0.8416044296875 0.31470994780793315 0.8437696625 0.3699117557411274
1 0.697318628125 0.22521351565762004 0.7446135484374999 0.22190178705636743 0.7423913359375 0.1652473006263048 0.695096415625 0.1685590292275574 0.697318628125 0.22521351565762004
1 0.465106746875 0.20105110229645093 0.5360491296875 0.19608350939457203 0.5322029921875 0.09802766805845511 0.461260609375 0.10299525887265136 0.465106746875 0.20105110229645093
2 0.49020074375 0 0.44575914375 0.0031119311064718162 0.449722934375 0.10416732776617954 0.5269169437500001 0.09876197912317328 0.5230431078125 0 0.49020074375 0
0 0.2487980265625 0.4190388371607516 0.2977238078125 0.4156129102296451 0.295530084375 0.35968476409185807 0.2466043046875 0.36311068893528187 0.2487980265625 0.4190388371607516
0 0.2164021859375 0.6805943799582463 0.3126228859375 0.6738567244258873 0.30891919843750004 0.5794325803757828 0.212698496875 0.5861702338204592 0.2164021859375 0.6805943799582463
0 0.188522428125 0.6264648434237996 0.2996926734375 0.6186803778705636 0.293310934375 0.45598031315240084 0.1821406890625 0.4637647787056367 0.188522428125 0.6264648434237996
1 0.190561003125 0.6263220960334029 0.282160934375 0.6199080020876826 0.277531325 0.5018778204592902 0.18593139218750002 0.5082919144050104 0.190561003125 0.6263220960334029
2 0.29859484375 0.6393327014613779 0.3654600765625 0.6346506033402922 0.360972915625 0.5202521189979123 0.2941076828125 0.5249342192066806 0.29859484375 0.6393327014613779
0 0.76855164375 0.5785661586638832 0.79709168125 0.5765677035490605 0.7947555093750001 0.5170078580375783 0.766215471875 0.5190063131524009 0.76855164375 0.5785661586638832
2 1 0.5119223027139874 0.9715233734375 0.5139163194154489 0.9741444453125 0.5807395615866388 1 0.5789290793319416 1 0.5119223027139874