3 0.6272435895833334 0.0921875 0.400641025 0.0921875 0.400641025 0.2751201921875 0.6272435895833334 0.2751201921875 0.6272435895833334 0.0921875
3 0.8514423083333333 0.17824519218749998 0.66201923125 0.17824519218749998 0.66201923125 0.32704326875 0.8514423083333333 0.32704326875 0.8514423083333333 0.17824519218749998
3 0.6352564104166666 0.3847355765625 0.42147435833333335 0.3847355765625 0.42147435833333335 0.5455528843749999 0.6352564104166666 0.5455528843749999 0.6352564104166666 0.3847355765625
5 0.81298076875 0.474759615625 0.6527243583333333 0.474759615625 0.6527243583333333 0.591346153125 0.81298076875 0.591346153125 0.81298076875 0.474759615625
5 0.59391025625 0.5459134609375 0.43205128125 0.5459134609375 0.43205128125 0.6661057687499999 0.59391025625 0.6661057687499999 0.59391025625 0.5459134609375
3 0.3157051291666667 0.6472355765625 0.1746794875 0.6472355765625 0.1746794875 0.7556490390625 0.3157051291666667 0.7556490390625 0.3157051291666667 0.6472355765625
4 0.6056089750000001 0.663822115625 0.4674679479166667 0.663822115625 0.4674679479166667 0.7691105765625 0.6056089750000001 0.7691105765625 0.6056089750000001 0.663822115625
4 0.8466346145833333 0.8512019234375 0.7046474354166666 0.8512019234375 0.7046474354166666 0.9865384609375001 0.8466346145833333 0.9865384609375001 0.8466346145833333 0.8512019234375
4 0.7929487187500001 0.9722355765625 0.6923076916666666 0.9722355765625 0.6923076916666666 0.9996394234375 0.7929487187500001 0.9996394234375 0.7929487187500001 0.9722355765625
5 0.45176282083333336 0.70576923125 0.34118589791666665 0.70576923125 0.34118589791666665 0.793028846875 0.45176282083333336 0.793028846875 0.45176282083333336 0.70576923125
4 0.4466346145833333 0.7891826921875 0.36907051249999995 0.7891826921875 0.36907051249999995 0.8447115390625 0.4466346145833333 0.8447115390625 0.4466346145833333 0.7891826921875
4 0.3977564104166667 0.81670673125 0.28173076875 0.81670673125 0.28173076875 0.9123798078125 0.3977564104166667 0.9123798078125 0.3977564104166667 0.81670673125
5 0.35929487083333334 0.7389423078124999 0.2323717958333333 0.7389423078124999 0.2323717958333333 0.84014423125 0.35929487083333334 0.84014423125 0.35929487083333334 0.7389423078124999
5 0.2003205125 0.475240384375 0.12820512916666668 0.475240384375 0.12820512916666668 0.5240384609375 0.2003205125 0.5240384609375 0.2003205125 0.475240384375
4 0.2536858979166667 0.564783653125 0.21137820416666667 0.564783653125 0.21137820416666667 0.6037259609375 0.2536858979166667 0.6037259609375 0.2536858979166667 0.564783653125
4 0.21570512916666665 0.5850961531250001 0.1740384625 0.5850961531250001 0.1740384625 0.619471153125 0.21570512916666665 0.619471153125 0.21570512916666665 0.5850961531250001
4 0.113141025 0.4365384609375 0.05801282083333333 0.4365384609375 0.05801282083333333 0.478365384375 0.113141025 0.478365384375 0.113141025 0.4365384609375
4 0.125 0.48004807656250004 0.0753205125 0.48004807656250004 0.0753205125 0.5125 0.125 0.5125 0.125 0.48004807656250004
4 0.09166666666666666 0.49326923125000005 0.04358974375 0.49326923125000005 0.04358974375 0.5300480765625 0.09166666666666666 0.5300480765625 0.09166666666666666 0.49326923125000005
3 0.1259615375 0.5228365390625 0.07179487083333333 0.5228365390625 0.07179487083333333 0.5567307687499999 0.1259615375 0.5567307687499999 0.1259615375 0.5228365390625
4 0.07003205208333334 0.5248798078125 0.02067307708333333 0.5248798078125 0.02067307708333333 0.5578125 0.07003205208333334 0.5578125 0.07003205208333334 0.5248798078125
3 0.09022435833333334 0.391947115625 0.030929487500000002 0.391947115625 0.030929487500000002 0.436658653125 0.09022435833333334 0.436658653125 0.09022435833333334 0.391947115625
5 0.13701923125 0.41670673125 0.081891025 0.41670673125 0.081891025 0.4537259609375 0.13701923125 0.4537259609375 0.13701923125 0.41670673125
3 0.15384615416666667 0.7373798078125 0.1128205125 0.7373798078125 0.1128205125 0.7681490390625 0.15384615416666667 0.7681490390625 0.15384615416666667 0.7373798078125