4 0.9647817458333333 0.274181546875 0.9045965604166667 0.274181546875 0.9045965604166667 0.3156001984375 0.9647817458333333 0.3156001984375 0.9647817458333333 0.274181546875
4 0.9176587291666666 0.30282738125 0.8664021166666667 0.30282738125 0.8664021166666667 0.34275793593750004 0.9176587291666666 0.34275793593750004 0.9176587291666666 0.30282738125
4 0.8925264541666666 0.2614087296875 0.83035714375 0.2614087296875 0.83035714375 0.30357142812500004 0.8925264541666666 0.30357142812500004 0.8925264541666666 0.2614087296875
4 0.7428902125000001 0.31932043593750004 0.68667328125 0.31932043593750004 0.68667328125 0.3570188484375 0.7428902125000001 0.3570188484375 0.7428902125000001 0.31932043593750004
4 0.7910052916666667 0.24330357187499999 0.7288359791666666 0.24330357187499999 0.7288359791666666 0.286954365625 0.7910052916666667 0.286954365625 0.7910052916666667 0.24330357187499999
3 0.8725198416666667 0.18675595312499998 0.7931547625 0.18675595312499998 0.7931547625 0.24255952343749998 0.8725198416666667 0.24255952343749998 0.8725198416666667 0.18675595312499998
3 0.84325396875 0.12958829375 0.7609126979166666 0.12958829375 0.7609126979166666 0.189112103125 0.84325396875 0.189112103125 0.84325396875 0.12958829375
3 0.73082010625 0.1445932546875 0.6656746041666667 0.1445932546875 0.6656746041666667 0.2018849203125 0.73082010625 0.2018849203125 0.73082010625 0.1445932546875
4 0.34920635 0.750248015625 0.25992063541666666 0.750248015625 0.25992063541666666 0.8209325390625001 0.34920635 0.8209325390625001 0.34920635 0.750248015625
4 0.4085648145833333 0.705853175 0.33713624375 0.705853175 0.33713624375 0.7584325390625 0.4085648145833333 0.7584325390625 0.4085648145833333 0.705853175
4 0.6916335979166667 0.8151041671874999 0.6092923270833333 0.8151041671874999 0.6092923270833333 0.8828125 0.6916335979166667 0.8828125 0.6916335979166667 0.8151041671874999
4 0.7096560854166667 0.73896329375 0.65542328125 0.73896329375 0.65542328125 0.7788938484375 0.7096560854166667 0.7788938484375 0.7096560854166667 0.73896329375
4 0.6094576729166667 0.7149057546875001 0.5370370375 0.7149057546875001 0.5370370375 0.7803819437499999 0.6094576729166667 0.7803819437499999 0.6094576729166667 0.7149057546875001
5 0.5481150791666667 0.698288690625 0.4416335979166667 0.698288690625 0.4416335979166667 0.7811259921875 0.5481150791666667 0.7811259921875 0.5481150791666667 0.698288690625
3 0.32919973541666664 0.3909970234375 0.2197420625 0.3909970234375 0.2197420625 0.4701140875 0.32919973541666664 0.4701140875 0.32919973541666664 0.3909970234375
3 0.27794312083333333 0.4594494046875 0.15128968333333334 0.4594494046875 0.15128968333333334 0.55146329375 0.27794312083333333 0.55146329375 0.27794312083333333 0.4594494046875
3 0.46957671875 0.6364087296875 0.38029100625 0.6364087296875 0.38029100625 0.706597221875 0.46957671875 0.706597221875 0.46957671875 0.6364087296875
3 0.5008267187500001 0.5318700390625 0.40426587291666666 0.5318700390625 0.40426587291666666 0.5936259921875 0.5008267187500001 0.5936259921875 0.5008267187500001 0.5318700390625
3 0.5419973541666666 0.5642361109375 0.42063492083333337 0.5642361109375 0.42063492083333337 0.6614583328125 0.5419973541666666 0.6614583328125 0.5419973541666666 0.5642361109375
3 0.39136904791666666 0.567832340625 0.26471560833333335 0.567832340625 0.26471560833333335 0.661334325 0.39136904791666666 0.661334325 0.39136904791666666 0.567832340625