3 0.2219579311064718 0.172951415625 0.17598685803757827 0.166263475 0.16718637787056367 0.200148640625 0.2131574509394572 0.2068365828125 0.2219579311064718 0.172951415625
4 0.24910596868475993 0.15052685 0.2094036764091858 0.1447509 0.20060319832985385 0.178636065625 0.2403054885177453 0.184412015625 0.24910596868475993 0.15052685
4 0.30609754906054276 0.1801878578125 0.24097186012526098 0.170713275 0.22668800417536536 0.2257115046875 0.2918136931106472 0.2351860890625 0.30609754906054276 0.1801878578125
4 0.3781640855949896 0.1872909109375 0.30642134864300624 0.17685366875 0.29030970146137786 0.23888958749999997 0.36205243841336116 0.24932682968750003 0.3781640855949896 0.1872909109375
4 0.40921677244258875 0.23819987812500001 0.3266777974947808 0.2261919828125 0.31049845511482255 0.28848855625000003 0.3930374279749478 0.30049645156250004 0.40921677244258875 0.23819987812500001
4 0.2850942943632568 0.22487616406250002 0.20046572651356995 0.212564271875 0.18638496033402924 0.26678053749999997 0.2710135281837161 0.27909242968750003 0.2850942943632568 0.22487616406250002
4 0.29247510229645096 0.27856289218749997 0.1977468267223382 0.2647816796875 0.18089052192066804 0.3296848046875 0.2756187974947808 0.34346601718750003 0.29247510229645096 0.27856289218749997
4 0.4310477223382046 0.31765790156249996 0.34119516910229647 0.3045860171875 0.3246096492693111 0.36844652187500004 0.41446220250521926 0.38151840625 0.4310477223382046 0.31765790156249996
3 0.2993351169102296 0.3516501171875 0.2018207160751566 0.337463575 0.18300122964509394 0.4099256984375 0.28051562839248434 0.42411224062499997 0.2993351169102296 0.3516501171875
3 0.42597165970772444 0.409566925 0.33611910647181625 0.3964950390625 0.31885662630480166 0.46296209375 0.4087091816283925 0.4760339796875 0.42597165970772444 0.409566925
4 0.8451898183716076 0.09658413906249999 0.7372274467640919 0.080877609375 0.714752375782881 0.16741510937499998 0.8227147494780793 0.1831216375 0.8451898183716076 0.09658413906249999
4 0.929643382045929 0.156884965625 0.8046159916492693 0.1386957921875 0.7781468559498956 0.24061194531250002 0.9031742463465554 0.25880111875 0.929643382045929 0.156884965625
4 0.7627098935281836 0.1553215359375 0.6519613945720251 0.1392096765625 0.6286062755741126 0.22913569374999998 0.7393547745302714 0.24524755156250003 0.7627098935281836 0.1553215359375
4 0.8679072505219206 0.25055963124999997 0.8135777995824635 0.24265569999999997 0.8053865845511482 0.27419496875 0.8597160354906055 0.2820989 0.8679072505219206 0.25055963124999997
4 0.697964974947808 0.24666495 0.5865199478079333 0.230451759375 0.5657372776617954 0.31047288125 0.6771823048016701 0.3266860734375 0.697964974947808 0.24666495
4 0.9083182713987474 0.287005596875 0.7435885866388309 0.2630404734375 0.7087251482254697 0.3972778609375 0.8734548329853862 0.42124298437499996 0.9083182713987474 0.287005596875
4 0.6715912860125262 0.332905778125 0.5249714196242171 0.31157529687499996 0.49708066805845513 0.41896520625000006 0.6437005365344468 0.44029568750000003 0.6715912860125262 0.332905778125
4 0.5531853674321503 0.3692396265625 0.4605466868475992 0.3557624109375 0.4415918079331942 0.42874584374999997 0.5342304864300627 0.442223059375 0.5531853674321503 0.3692396265625
4 0.9526742901878914 0.4168082375 0.7900342025052192 0.3931471109375 0.7601802672233821 0.50809601875 0.922820356993737 0.5317571453125 0.9526742901878914 0.4168082375
4 0.71556451565762 0.6889290203125 0.9513806743215031 0.7232359109375001 0.9946384154488518 0.5566772906249999 0.7588222588726514 0.5223703984375 0.71556451565762 0.6889290203125
4 0.641710407098121 0.473007603125 0.4508607954070981 0.44524251406250004 0.4168774050104384 0.576091384375 0.6077270146137788 0.603856475 0.641710407098121 0.473007603125
4 0.6980962045929019 0.6643416578125 0.5058535281837161 0.6363739015625 0.4638143152400835 0.7982407328125001 0.6560569895615866 0.8262084875 0.6980962045929019 0.6643416578125
4 0.18112503966597077 0.650941990625 0.13236783924843423 0.6438487187499999 0.12377044885177453 0.6769519203125001 0.17252764926931105 0.684045190625 0.18112503966597077 0.650941990625
4 0.16393233611691024 0.6837414953125001 0.11796126096033403 0.677053553125 0.1077391649269311 0.7164124765625 0.1537102400835073 0.72310041875 0.16393233611691024 0.6837414953125001
4 0.16698347807933192 0.730441503125 0.12553986012526094 0.724412221875 0.11382845302713987 0.7695055562500001 0.15527207098121085 0.7755348375 0.16698347807933192 0.730441503125
4 0.15799258037578287 0.7427939265625 0.10018047181628392 0.734383334375 0.08826597494780793 0.780258634375 0.14607808559498955 0.7886692265625 0.15799258037578287 0.7427939265625
4 0.15956299164926932 0.781974915625 0.10627833820459291 0.7742229828125 0.09246835490605428 0.827396628125 0.14575300835073068 0.8351485593750001 0.15956299164926932 0.781974915625
4 0.11754797494780794 0.82685244375 0.04928789561586639 0.8169218640624999 0.03527482463465553 0.8708774734375 0.10353490396659708 0.8808080531250001 0.11754797494780794 0.82685244375
4 0.2556293027139875 0.773904740625 0.2040859770354906 0.7664061390625 0.19129143215031316 0.815669959375 0.24283475782881 0.8231685593750001 0.2556293027139875 0.773904740625
4 0.2894833319415449 0.7166140390625 0.237940006263048 0.7091154390625001 0.2284625657620042 0.74560715625 0.2800058914405011 0.7531057578125 0.2894833319415449 0.7166140390625
4 0.2565265762004176 0.6862568484375 0.21229683089770354 0.6798222375 0.20410561586638828 0.71136150625 0.2483353611691023 0.7177961171875 0.2565265762004176 0.6862568484375
4 0.30714541753653446 0.6861821031249999 0.26152260751565765 0.6795448281249999 0.2529929123173278 0.7123873734374999 0.2986157223382046 0.7190246484375 0.30714541753653446 0.6861821031249999
4 0.3145002171189979 0.659254965625 0.28733549269311065 0.655303 0.28131054906054276 0.6785013046875 0.30847527348643006 0.6824532703124999 0.3145002171189979 0.659254965625
4 0.3030543674321503 0.64000706875 0.2678795302713987 0.63488978125 0.26070375574112736 0.662519221875 0.2958785929018789 0.6676365109375 0.3030543674321503 0.64000706875
4 0.24216892693110645 0.726231390625 0.19515305427974947 0.7193914515625 0.18432169519832986 0.7610962703124999 0.23133756784968684 0.767936209375 0.24216892693110645 0.726231390625
4 0.1691616158663883 0.6900475828125 0.15140006471816284 0.6874636046875 0.14422428810020876 0.7150930484375 0.16198583924843424 0.7176770265625 0.1691616158663883 0.6900475828125
4 0.597327509394572 0.3106053671875 0.5168781315240083 0.29890146875 0.5006987870563675 0.36119804218749996 0.5811481670146138 0.372901940625 0.597327509394572 0.3106053671875
4 0.9379496075156577 0.46376247812500004 0.7293384446764092 0.43341340937500006 0.7035462693110648 0.5327230109375 0.9121574321503131 0.563072078125 0.9379496075156577 0.46376247812500004
4 0.8064719269311065 0.47249677968750003 0.6629864530271399 0.451622296875 0.6354341816283925 0.5577089296875 0.7789196555323591 0.5785834140625 0.8064719269311065 0.47249677968750003
4 0.24069972442588727 0.624037778125 0.21249020250521922 0.6199338140624999 0.20409589770354905 0.6522550500000001 0.2323054217118998 0.6563590140625 0.24069972442588727 0.624037778125
4 0.18972511691022964 0.41604346875 0.1597742651356994 0.4116861734375 0.15368162630480167 0.435145134375 0.18363247599164928 0.43950242968750003 0.18972511691022964 0.41604346875
5 0.2215836534446764 0.4436711046875 0.19616025678496868 0.439972471875 0.19020301043841337 0.4629101234375 0.21562640501043842 0.46660875781250005 0.2215836534446764 0.4436711046875
3 0.302817636743215 0.4676618125 0.2770459728601252 0.4639125125 0.27169798956158664 0.48450426718750006 0.2974696534446764 0.4882535671875 0.302817636743215 0.4676618125
4 0.9257584321503132 0.32213850625 0.8815286868475992 0.315703896875 0.8664324801670147 0.3738299890625 0.9106622254697285 0.3802645984375 0.9257584321503132 0.32213850625
4 0.9803625532359082 0.49319608906249995 0.9145403340292275 0.48362017343749997 0.8947731022964509 0.55973146875 0.9605953215031315 0.569307384375 0.9803625532359082 0.49319608906249995