5 0.5700248708333333 0.3285069921875 0.7024311416666666 0.3250391953125 0.6975802041666667 0.2208546546875 0.5651739312499999 0.22432245 0.5700248708333333 0.3285069921875
3 0.3932038145833333 0.3574448375 0.5646487916666667 0.35295459375 0.5582528229166667 0.21558715468749998 0.38680784583333333 0.220077396875 0.3932038145833333 0.3574448375
3 0.41196772083333333 0.49461049843750005 0.5970762437499999 0.48976240000000004 0.59043034375 0.34702713749999997 0.40532182083333335 0.35187523593750003 0.41196772083333333 0.49461049843750005
4 0.5894223875000001 0.5037652125000001 0.7234552708333334 0.5002548140624999 0.7197176625 0.419981478125 0.5856847791666666 0.42349187656250004 0.5894223875000001 0.5037652125000001
5 0.41622016666666667 0.5824433234375 0.5740015958333333 0.5783109359374999 0.5687757604166667 0.46607466249999996 0.41099433125 0.47020704843749994 0.41622016666666667 0.5824433234375
4 0.5982753083333333 0.6029591515625 0.7814318958333334 0.5981621734375 0.7755925916666667 0.47275033750000006 0.59243600625 0.47754731406250006 0.5982753083333333 0.6029591515625
4 0.4334462645833333 0.64111020625 0.5551168916666666 0.6379235828125001 0.5514815270833334 0.5598461734375 0.4298109 0.563032796875 0.4334462645833333 0.64111020625
4 0.5366566458333334 0.636697040625 0.6231924395833333 0.63443061875 0.6208862541666667 0.5849002624999999 0.5343504604166667 0.587166684375 0.5366566458333334 0.636697040625
4 0.5441478520833333 0.6996496609375 0.66419186875 0.6965056390625 0.6598635125 0.603544725 0.5398194979166667 0.606688746875 0.5441478520833333 0.6996496609375
4 0.42881635625 0.6466058343750001 0.49941134791666664 0.6447569093750001 0.49735509375000003 0.6005943765625 0.4267601041666667 0.6024433 0.42881635625 0.6466058343750001
3 0.2524770791666667 0.6264288828125 0.37317173958333333 0.6232678203125 0.36920692083333334 0.538114646875 0.24851226041666666 0.541275709375 0.2524770791666667 0.6264288828125
3 0.14971493541666667 0.70692646875 0.27756669166666664 0.7035779578125 0.27289751875 0.6032972859375 0.1450457625 0.6066457984375 0.14971493541666667 0.70692646875
5 0.21946461041666668 0.7463846000000001 0.3313755625 0.7434535875 0.3270244854166667 0.6500046890625 0.21511353333333333 0.6529357015625 0.21946461041666668 0.7463846000000001
4 0.35406139375 0.7864650984375 0.4402718666666667 0.7842071953125 0.4370909229166667 0.7158894640625 0.35088045 0.7181473656249999 0.35406139375 0.7864650984375
4 0.25340350833333336 0.8107210015625 0.33213156041666664 0.8086590687499999 0.3292346291666667 0.7464411328125 0.25050657708333335 0.7485030671875 0.25340350833333336 0.8107210015625