4 0.22558150416666667 0 0.1858394875 0.1291061890625 0.3519101041666667 0.15786150625 0.3930277020833334 0.024286596875 0.25276529166666667 0 0.22558150416666667 0
4 0.3298628 0.2060455078125 0.4210846875 0.2218406828125 0.453716475 0.1158328296875 0.36249458749999997 0.1000376546875 0.3298628 0.2060455078125
3 0.36963703750000004 0.22890247343749998 0.5908417645833333 0.267204325 0.6446880729166666 0.0922788359375 0.42348334583333336 0.053976984375 0.36963703750000004 0.22890247343749998
4 0.16816658958333336 0.3448748359375 0.3141884395833333 0.3701586859375 0.34759166666666663 0.2616447359375 0.20156981666666668 0.23636088593750001 0.16816658958333336 0.3448748359375
4 0.2954602479166667 0.3921247375 0.3856797 0.40774633906249996 0.4129114291666667 0.31928115625000003 0.3226919770833333 0.3036595546875 0.2954602479166667 0.3921247375
4 0.35886957708333334 0.4136628203125 0.50255240625 0.438541665625 0.5357242000000001 0.33077954374999996 0.39204137083333335 0.3059006984375 0.35886957708333334 0.4136628203125
4 0.45654725625000003 0.3970519984375 0.5882008229166666 0.4198479640625 0.62036975 0.31534376875 0.48871618125 0.2925478015625 0.45654725625000003 0.3970519984375
3 0.5268966208333333 0.31658061718749997 0.6157794854166667 0.33197078750000003 0.6350654124999999 0.26931839062499996 0.5461825479166666 0.25392822187499997 0.5268966208333333 0.31658061718749997
4 0.4542820416666667 0.52560770625 0.6203526583333333 0.5543630234375 0.6573044958333334 0.43432103125 0.49123387916666666 0.40556571406249997 0.4542820416666667 0.52560770625
4 0.6357393916666666 0.53181839375 0.8088270770833332 0.561788725 0.8482475125000001 0.433727228125 0.6751598270833333 0.40375689687499994 0.6357393916666666 0.53181839375
4 0.39285943125 0.546780346875 0.5091422791666667 0.5669148546875 0.5359882895833333 0.47970271875000003 0.4197054416666666 0.4595682109375 0.39285943125 0.546780346875
4 0.4689477229166667 0.6163120984375 0.5869013 0.6367358953125 0.6167559166666667 0.5397499859375 0.49880233749999997 0.5193261890625 0.4689477229166667 0.6163120984375
4 0.5797864625 0.59524896875 0.6890522395833333 0.6141684640625 0.7135839395833333 0.534474615625 0.6043181604166666 0.5155551218750001 0.5797864625 0.59524896875
4 0.47008156041666666 0.6960945062499999 0.5750034395833333 0.71426185 0.5990722770833333 0.636071659375 0.4941503979166667 0.6179043171874999 0.47008156041666666 0.6960945062499999
4 0.6377845520833334 0.72354866875 0.6808894 0.731012321875 0.6917666645833334 0.6956763703125 0.6486618145833333 0.688212715625 0.6377845520833334 0.72354866875
3 0.7206726666666667 0.6818078296875 0.8359530770833333 0.701768765625 0.86195050625 0.617313334375 0.7466700958333334 0.5973524 0.7206726666666667 0.6818078296875
4 0.6738829708333333 0.747484946875 0.79851946875 0.7690659 0.8274483583333333 0.6750873046875 0.7028118604166667 0.6535063515624999 0.6738829708333333 0.747484946875
4 0.7264286791666666 0.7980261328125 0.8089627708333332 0.8123170046875 0.8259343854166666 0.7571828953125 0.7434002958333333 0.7428920234375 0.7264286791666666 0.7980261328125
3 0.7790744208333333 0.7682066546875 0.90070360625 0.7892668875 0.9303267916666667 0.69303280625 0.8086976041666667 0.6719725734375 0.7790744208333333 0.7682066546875
5 0.7116402958333333 0.8660767078125 0.8269207020833333 0.8860376421874999 0.8519924083333333 0.8045895265624999 0.736712 0.7846285921875 0.7116402958333333 0.8660767078125
4 0.5852507625 0.88563505 0.6667824145833333 0.89975235 0.6864540604166667 0.8358469062499999 0.6049224083333333 0.8217296078125 0.5852507625 0.88563505
4 0.6438505333333333 0.9302293765625 0.7400846125 0.9468924171875001 0.763227725 0.8717095421875 0.6669936458333333 0.8550465015625001 0.6438505333333333 0.9302293765625
4 0.6210727270833334 0.9619209312500001 0.7019360854166667 0.975922515625 0.7203734333333334 0.9160268234375 0.6395100729166666 0.902025240625 0.6210727270833334 0.9619209312500001
4 0.43947527708333334 0.8429720296875001 0.5059703520833333 0.854485728125 0.522864825 0.7996022296875 0.45636975 0.78808853125 0.43947527708333334 0.8429720296875001
4 0.27773921041666666 0.7869867312500001 0.37998792291666666 0.8046912125000001 0.4060624958333333 0.7199851734375 0.30381378541666665 0.7022806921875 0.27773921041666666 0.7869867312500001
4 0.31310616249999995 0.6995342203125 0.43607193125 0.7208258843750001 0.4648465354166667 0.627348509375 0.34188076458333333 0.6060568468749999 0.31310616249999995 0.6995342203125
4 0.1640020083333333 0.45158834687500005 0.29097753125000003 0.47357430312500004 0.3175149666666667 0.38736460625 0.19053944375 0.36537864999999997 0.1640020083333333 0.45158834687500005
4 0.2710644625 0.5153966921875 0.37097415 0.53269616875 0.3924972458333333 0.46277609531249997 0.29258755833333333 0.4454766171875 0.2710644625 0.5153966921875
4 0.3153498895833333 0.5373189875 0.3614620520833334 0.5453033625 0.37203074166666666 0.5109698484375 0.3259185770833334 0.5029854734375 0.3153498895833333 0.5373189875
4 0.19410040416666666 0.563046678125 0.2716223020833333 0.576469684375 0.2874367625 0.5250947187499999 0.20991486458333333 0.5116717125 0.19410040416666666 0.563046678125
4 0.251455025 0.59567886875 0.30759157291666667 0.6053989750000001 0.3206288583333333 0.56304595625 0.2644923125 0.5533258484375 0.251455025 0.59567886875
4 0.32670569791666665 0.580464128125 0.3467544666666667 0.5839355953124999 0.35176880625 0.5676459703125001 0.33172003958333335 0.5641745031250001 0.32670569791666665 0.580464128125
4 0.5075916729166666 0.4284595859375 0.5887891791666667 0.4425190265625 0.6024436145833333 0.39816113125 0.5212461104166667 0.38410168906250003 0.5075916729166666 0.4284595859375