5 0.8012098145833334 0.6488099218750001 0.5721259354166667 0.6518089265625 0.57636533125 0.8339650890625 0.8054492104166666 0.8309660843750001 0.8012098145833334 0.6488099218750001
4 0.47190752708333333 0.4125670375 0.24703756666666665 0.415510878125 0.24993961458333333 0.5402045281250001 0.474809575 0.5372606875 0.47190752708333333 0.4125670375
5 0.7604611104166668 0.371571184375 0.53137723125 0.37457019062499997 0.5351552416666667 0.536901784375 0.7642391208333332 0.5339027796875 0.7604611104166668 0.371571184375
4 0.6753380541666666 0.21289110312499998 0.48954260208333333 0.21532340625000002 0.49271211875 0.351509559375 0.6785075708333334 0.3490772546875 0.6753380541666666 0.21289110312499998
4 0.47256763958333337 0.1445578078125 0.28753835208333334 0.1469800828125 0.29076805 0.285752046875 0.47579733750000003 0.2833297734375 0.47256763958333337 0.1445578078125
4 0.6717372416666667 0.0581732921875 0.5119914604166667 0.06026457187499999 0.5149269416666666 0.186394784375 0.6746727229166667 0.1843035046875 0.6717372416666667 0.0581732921875
3 0.9028471041666666 0.1998537125 0.7997976666666666 0.2012027625 0.80167664375 0.281937590625 0.9047260791666666 0.280588540625 0.9028471041666666 0.1998537125
3 0.8468344125 0.13117986875 0.7384218062500001 0.1325991296875 0.74031415625 0.21390858281249997 0.8487267604166667 0.212489321875 0.8468344125 0.13117986875
5 0.7773806000000001 0.20120883125 0.6999977520833334 0.2022218734375 0.701676125 0.2743373234375 0.7790589729166667 0.27332428124999997 0.7773806000000001 0.20120883125
5 0.7416575208333334 0.1069781625 0.64933441875 0.108186790625 0.6510261645833334 0.1808768671875 0.7433492666666666 0.1796682375 0.7416575208333334 0.1069781625
5 0.7976126062500001 0.0661533234375 0.7179312562500001 0.06719645625000001 0.71936221875 0.1286813421875 0.7990435687499999 0.1276382109375 0.7976126062500001 0.0661533234375
4 0.7667023395833333 0.0222983640625 0.6958319104166667 0.02322615 0.6972361270833333 0.0835617875 0.76810655625 0.0826340015625 0.7667023395833333 0.0222983640625
4 0.6832205541666667 0 0.6838450229166667 0.026831876562500002 0.7535662041666666 0.025919135937499997 0.7529629770833334 0 0.6832205541666667 0
4 0.5038828958333333 0 0.5057522291666666 0.0803205578125 0.63906525625 0.07857531718750001 0.6372365395833334 0 0.5038828958333333 0
4 0.43807976666666665 0.0622380734375 0.4366488020833333 0.0007531859375 0.35735053541666667 0.0017913031249999999 0.35878150000000003 0.06327619062499999 0.43807976666666665 0.0622380734375
4 0.48968622916666665 0.0239130640625 0.4891312291666667 0.000066121875 0.40140512916666665 0.0012145703125000002 0.4019601291666667 0.0250615140625 0.48968622916666665 0.0239130640625