1 0.7231914655532359 0.579370878125 0.3974879540709812 0.61798005 0.45516720041753655 0.890540353125 0.7808707118997913 0.85193118125 0.7231914655532359 0.579370878125
1 0.9289097870563674 0.481340803125 0.6460716430062631 0.514868678125 0.687329133611691 0.7098288140625 0.9701672755741128 0.6763009390625 0.9289097870563674 0.481340803125
2 1 0.52041693125 0.923512037578288 0.5294838796875 0.9375546701461378 0.59584161875 1 0.5884392968750001 1 0.52041693125
1 0.4529675427974948 0.5713489609375 0.35221561169102295 0.5832921796874999 0.36886947807933196 0.66198916875 0.46962140918580375 0.6500459484375 0.4529675427974948 0.5713489609375
0 0 0.27917006718750004 0.057143599164926936 0.27239621718749996 0.040721841336116914 0.19479605 0 0.1996232515625 0 0.27917006718750004
2 0 0.31571100625000004 0.08850125469728601 0.3052199921875 0.07944897703549061 0.26244392968749997 0 0.2718618796875 0 0.31571100625000004
1 0.24802104384133614 0.2018445921875 0.06740031106471815 0.223255528125 0.0948472776617954 0.35295474531250004 0.27546800835073065 0.331543809375 0.24802104384133614 0.2018445921875
1 0.34528040501043844 0.30738693437500003 0.1664915260960334 0.3285807203125 0.19527312317327766 0.46458666718749997 0.3740620020876827 0.44339287968749996 0.34528040501043844 0.30738693437500003
1 0 0.48070740624999997 0.1998675511482255 0.4570149359375 0.16249789979123175 0.2804265703125 0 0.299689209375 0 0.48070740624999997
1 0.25487209394572025 1 0.24953649895615868 0.9747869171874999 0.1898180835073069 0.9818659890625 0.19365560542797497 1 0.25487209394572025 1
1 0.2937426889352819 1 0.2858020814196242 0.9624770640625 0.24000574947807934 0.9679057999999999 0.24679752818371606 1 0.2937426889352819 1
1 0.11403661169102296 1 0.1051261878914405 0.95789425625 0.0910209185803758 0.95956630625 0.09957750104384133 1 0.11403661169102296 1