4 0 0.5162300453124999 0.06208435 0.50633271875 0.04668348333333334 0.4519911859375 0 0.45943334687500004 0 0.5162300453124999
4 0 0.4849083375 0.048618797916666665 0.477157653125 0.024007610416666665 0.390317753125 0 0.394144984375 0 0.4849083375
3 0.7838651041666667 0.446533709375 0.6439267770833333 0.46884231718749997 0.67306763125 0.5716650203125 0.8130059583333333 0.5493564140625 0.7838651041666667 0.446533709375
3 0.6760757374999999 0.51285749375 0.5510546916666667 0.5327880265625 0.5766473083333333 0.6230908671875001 0.7016683520833333 0.6031603359375 0.6760757374999999 0.51285749375
5 0.6607652520833334 0.5727909890625 0.53858559375 0.5922685546875 0.5621398604166666 0.6753791359375 0.6843195166666667 0.6559015687499999 0.6607652520833334 0.5727909890625
3 0.5675247145833333 0.54505763125 0.5121176625 0.5538904796875 0.5247252333333333 0.5983759515625 0.5801322875 0.5895431015625 0.5675247145833333 0.54505763125
5 0.5752797104166666 0.46697875624999996 0.46659664375 0.48430472968749994 0.48932047083333335 0.5644851296875 0.5980035354166666 0.5471591546875 0.5752797104166666 0.46697875624999996
3 0.5147411645833333 0.548739190625 0.3975339354166667 0.5674240640625 0.42169215625 0.6526656843749999 0.5388993854166666 0.6339808109375 0.5147411645833333 0.548739190625
4 0.6795170625 0.45885316875 0.55733740625 0.4783307359375 0.5750786 0.5409300499999999 0.69725825625 0.5214524843749999 0.6795170625 0.45885316875
4 0.661145175 0.423499878125 0.54251725 0.4424112359375 0.5592015229166667 0.50128123125 0.6778294458333334 0.48236987343750004 0.661145175 0.423499878125
3 0.6530753458333333 0.322329559375 0.53551294375 0.3410710546875 0.5611055583333333 0.43137389531250003 0.6786679604166667 0.41263240156250003 0.6530753458333333 0.322329559375
4 0.5421537625 0.38873505 0.43595690833333334 0.40566467968750003 0.4588317229166667 0.48637783749999997 0.5650285770833333 0.469448209375 0.5421537625 0.38873505
4 0.4884233145833334 0.3445409390625 0.3985644395833334 0.358866009375 0.41728706041666663 0.424928265625 0.5071459375 0.4106031953125 0.4884233145833334 0.3445409390625
4 0.4446074916666667 0.34122458437500003 0.38742457083333337 0.3503405375 0.3989752208333333 0.39109668750000004 0.45615813958333334 0.3819807328125 0.4446074916666667 0.34122458437500003
4 0.8521571604166667 0.9429192499999999 0.85544116875 0.9545067828124999 0.9104930458333332 0.9457305546875 0.9072090395833333 0.934143021875 0.8521571604166667 0.9429192499999999
5 0.9048849645833333 0.9357663875 0.9078292479166666 0.9461552109375001 0.9696294208333334 0.9363031859375001 0.9666851375000001 0.9259143625 0.9048849645833333 0.9357663875