3 0.48158474112734867 0.7008675953125 0.25623799791231733 0.6680838109375 0.20041206263048017 0.8830347171874999 0.42575880584551146 0.9158185015625 0.48158474112734867 0.7008675953125
3 0.4519964572025052 0.5965456328125 0.2642677912317328 0.5692345828125001 0.2253161941544885 0.7192129234375 0.413044860125261 0.7465239734375 0.4519964572025052 0.5965456328125
4 0.3444600167014614 0.490997775 0.17373182463465553 0.46615997968749995 0.13590518371607516 0.611806815625 0.30663337369519833 0.6366446109375 0.3444600167014614 0.490997775
4 0.5376504258872652 0.46909470156250005 0.3741564822546973 0.44530935468750005 0.33597829227557413 0.5923097859374999 0.49947223590814194 0.61609513125 0.5376504258872652 0.46909470156250005
4 0.7341097536534447 0.489528415625 0.5449342359081419 0.462006875 0.5044358246346555 0.617941034375 0.6936113423799583 0.645462575 0.7341097536534447 0.489528415625
4 0.4179914697286013 0.42106322656249995 0.28777505427974953 0.4021191453125 0.2574715553235908 0.5187990453125 0.3876879707724426 0.5377431265625 0.4179914697286013 0.42106322656249995
4 0.2853781189979123 0.4554314640625 0.17903471189979123 0.4399604640625 0.160402630480167 0.51170100625 0.2667460375782881 0.52717200625 0.2853781189979123 0.4554314640625
4 0.36089265553235905 0.3699118671875 0.24984698956158666 0.353756775 0.225449509394572 0.4476962765625 0.33649517536534446 0.46385136875 0.36089265553235905 0.3699118671875
4 0.5178055407098121 0.333038384375 0.4002490542797495 0.3159360890625 0.3743047599164927 0.41583140937499996 0.4918612463465553 0.4329337046875 0.5178055407098121 0.333038384375
4 0.3604442066805845 0.29286693124999996 0.28231435699373697 0.2815004828125 0.2630494885177453 0.35567749531250004 0.3411793382045929 0.36704394375 0.3604442066805845 0.29286693124999996
4 0.48214945720250524 0.23907158125 0.396785363256785 0.226652684375 0.3734425281837161 0.3165314 0.45880662212943635 0.328950296875 0.48214945720250524 0.23907158125
4 0.6947115887265135 0.4027432734375 0.5561757912317328 0.38258887656249996 0.5286143716075157 0.48871073281250005 0.6671501691022964 0.50886513125 0.6947115887265135 0.4027432734375
4 0.8541822860125261 0.3748108140625 0.6628364968684759 0.3469735390625 0.6227599436325678 0.5012833828125001 0.8141057327766179 0.5291206578125001 0.8541822860125261 0.3748108140625
4 0.9314173256784968 0.25737299375 0.7719022150313152 0.2341664953125 0.7353411503131524 0.3749403890625 0.8948562588726513 0.3981468875 0.9314173256784968 0.25737299375