3 0.6237179479166667 0.30264423125 0.3669871791666666 0.30264423125 0.3669871791666666 0.4790865390625 0.6237179479166667 0.4790865390625 0.6237179479166667 0.30264423125
5 0.32948717916666664 0.361658653125 0.1240384625 0.361658653125 0.1240384625 0.5032451921875001 0.32948717916666664 0.5032451921875001 0.32948717916666664 0.361658653125
4 0.5032051291666667 0.47860576874999994 0.31730769166666667 0.47860576874999994 0.31730769166666667 0.6036057687499999 0.5032051291666667 0.6036057687499999 0.5032051291666667 0.47860576874999994
4 0.33605769166666666 0.5143028843749999 0.13926282083333333 0.5143028843749999 0.13926282083333333 0.6590144234374999 0.33605769166666666 0.6590144234374999 0.33605769166666666 0.5143028843749999
4 0.3878205125 0.56514423125 0.30737179583333335 0.56514423125 0.30737179583333335 0.6362980765625 0.3878205125 0.6362980765625 0.3878205125 0.56514423125
3 0.5160256416666666 0.7014423078124999 0.3913461541666667 0.7014423078124999 0.3913461541666667 0.799759615625 0.5160256416666666 0.799759615625 0.5160256416666666 0.7014423078124999
4 0.4354166666666667 0.7840144234374999 0.32067307708333337 0.7840144234374999 0.32067307708333337 0.8770432687499999 0.4354166666666667 0.8770432687499999 0.4354166666666667 0.7840144234374999
4 0.46858974375 0.797115384375 0.41955128125 0.797115384375 0.41955128125 0.8608173078125001 0.46858974375 0.8608173078125001 0.46858974375 0.797115384375
3 0.7751602562500001 0.4318509609375 0.6274038458333333 0.4318509609375 0.6274038458333333 0.533533653125 0.7751602562500001 0.533533653125 0.7751602562500001 0.4318509609375
3 0.8084935895833334 0.5377403843749999 0.6475961541666667 0.5377403843749999 0.6475961541666667 0.6608173078124999 0.8084935895833334 0.6608173078124999 0.8084935895833334 0.5377403843749999
3 0.8703525645833333 0.6425480765625 0.7661858979166667 0.6425480765625 0.7661858979166667 0.7197115390625 0.8703525645833333 0.7197115390625 0.8703525645833333 0.6425480765625
4 0.7854166666666667 0.66045673125 0.6623397437499999 0.66045673125 0.6623397437499999 0.7515625 0.7854166666666667 0.7515625 0.7854166666666667 0.66045673125
5 0.8466346145833333 0.7079326921875 0.7524038458333333 0.7079326921875 0.7524038458333333 0.766346153125 0.8466346145833333 0.766346153125 0.8466346145833333 0.7079326921875
3 0.9483974354166667 0.7165865390625 0.84423076875 0.7165865390625 0.84423076875 0.7956730765625 0.9483974354166667 0.7956730765625 0.9483974354166667 0.7165865390625
3 0.8674679479166667 0.7626201921875 0.74375 0.7626201921875 0.74375 0.8594951921874999 0.8674679479166667 0.8594951921874999 0.8674679479166667 0.7626201921875