1 0.7122928768267224 0.14972004375 0.6508273173277662 0.14160845 0.6407920981210856 0.184203940625 0.7022576576200418 0.19231553437499999 0.7122928768267224 0.14972004375
1 0.7134983736951983 0.09146575 0.6061233507306889 0.0772954984375 0.5849155887265136 0.16731396875 0.6922906096033402 0.181484221875 0.7134983736951983 0.09146575
1 0.7694569478079333 0.1295944734375 0.792705204592902 0.03091491875 0.6860890167014614 0.0168448109375 0.6628407599164927 0.1155243640625 0.7694569478079333 0.1295944734375
1 0.7338086430062631 0.0957564859375 0.7504002066805846 0.025331940625 0.5663829415448852 0.0010472328125 0.5497913799582463 0.071471778125 0.7338086430062631 0.0957564859375
1 0.9888538643006263 0.12326595625 0.9607770041753653 0.119560659375 0.9560270000000001 0.1397225265625 0.9841038601252609 0.143427821875 0.9888538643006263 0.12326595625
1 0.8772938267223382 0.5868304234374999 0.8260725260960334 0.5800707625 0.8169070250521921 0.6189746453125 0.8681283256784968 0.62573430625 0.8772938267223382 0.5868304234374999
1 0.3666386638830898 0.675354821875 0.11204983089770355 0.6417568046875 0.06013429853862213 0.862117478125 0.31472312943632563 0.8957154953125 0.3666386638830898 0.675354821875
1 0 0.8726279015625 0.06938881002087682 0.8817851234375 0.08798741544885177 0.8028414796875 0 0.7912298046874999 0 0.8726279015625
1 0 0.79093700625 0.10759429436325678 0.8051361953124999 0.131812624217119 0.702339078125 0 0.6849438015625 0 0.79093700625
1 0 0.8014777687500001 0.03992611064718163 0.80674680625 0.07116909394572025 0.6741328421875 0 0.6647406765625 0 0.8014777687500001
1 0.9396800041753653 0.145177990625 0.9116031440501045 0.14147269375 0.9069869436325679 0.16106662031250002 0.9350638037578288 0.164771915625 0.9396800041753653 0.145177990625