3 0.5866402125000001 0.3756200390625 0.45568783124999995 0.3756200390625 0.45568783124999995 0.47061011875 0.5866402125000001 0.47061011875 0.5866402125000001 0.3756200390625
3 0.29679232708333336 0.412450396875 0.15228174583333332 0.412450396875 0.15228174583333332 0.5146329359374999 0.29679232708333336 0.5146329359374999 0.29679232708333336 0.412450396875
4 0.48048941875 0.5569196421875 0.36607142916666663 0.5569196421875 0.36607142916666663 0.6499255953125 0.48048941875 0.6499255953125 0.48048941875 0.5569196421875
4 0.5238095229166667 0.701016865625 0.4275793645833333 0.701016865625 0.4275793645833333 0.770957340625 0.5238095229166667 0.770957340625 0.5238095229166667 0.701016865625
4 0.5309193125 0.7533482140625 0.4551917979166667 0.7533482140625 0.4551917979166667 0.805431546875 0.5309193125 0.805431546875 0.5309193125 0.7533482140625
4 0.47800925833333335 0.781001984375 0.40823412708333334 0.781001984375 0.40823412708333334 0.8387896828124999 0.47800925833333335 0.8387896828124999 0.47800925833333335 0.781001984375
4 0.43287037083333335 0.709325396875 0.33068783124999995 0.709325396875 0.33068783124999995 0.793402778125 0.43287037083333335 0.793402778125 0.43287037083333335 0.709325396875
4 0.42476851875 0.7894345234375 0.34375 0.7894345234375 0.34375 0.8603670640625 0.42476851875 0.8603670640625 0.42476851875 0.7894345234375
4 0.3389550270833333 0.7013888890625 0.24503968333333334 0.7013888890625 0.24503968333333334 0.7695932546875001 0.3389550270833333 0.7695932546875001 0.3389550270833333 0.7013888890625
4 0.3176256604166667 0.763516865625 0.23263888958333334 0.763516865625 0.23263888958333334 0.835689484375 0.3176256604166667 0.835689484375 0.3176256604166667 0.763516865625
4 0.27149470833333333 0.666542659375 0.15873015833333334 0.666542659375 0.15873015833333334 0.758556546875 0.27149470833333333 0.758556546875 0.27149470833333333 0.666542659375
4 0.22387566041666668 0.705853175 0.12301587291666666 0.705853175 0.12301587291666666 0.78125 0.22387566041666668 0.78125 0.22387566041666668 0.705853175
4 0.21759259166666667 0.7687251984375 0.12996031666666666 0.7687251984375 0.12996031666666666 0.8289930562500001 0.21759259166666667 0.8289930562500001 0.21759259166666667 0.7687251984375