5 0.6609880542797494 0.39304299375 0.4987805678496869 0.38880353749999996 0.4924469436325678 0.5245485750000001 0.6546544300626305 0.5287880328125001 0.6609880542797494 0.39304299375
4 0.6876158100208768 0.2519303578125 0.5370434592901878 0.247994996875 0.5316778037578288 0.36299409531250004 0.6822501544885178 0.36692945625 0.6876158100208768 0.2519303578125
4 0.4868852713987474 0.21783511875 0.3027763528183716 0.2130232453125 0.2971716931106472 0.3331447984375 0.48128061169102293 0.337956671875 0.4868852713987474 0.21783511875
4 0.6385695407098122 0.186924375 0.5246136471816284 0.1839460234375 0.5208851753653444 0.26385630937500004 0.6348410688935281 0.2668346625 0.6385695407098122 0.186924375
4 0.4951993653444676 0.1057338671875 0.3490757411273486 0.10191477812500001 0.34386543841336115 0.2135842796875 0.48998906263048014 0.21740336875000002 0.4951993653444676 0.1057338671875
3 0.2756211127348643 0.60042795625 0.21607659290187892 0.5988717 0.21402115448851775 0.64292480625 0.27356567223382044 0.6444810624999999 0.2756211127348643 0.60042795625
3 0.15829364091858036 0.5815907296875 0.09327376200417536 0.57989136875 0.09112272025052191 0.62599345625 0.15614259916492693 0.6276928171875 0.15829364091858036 0.5815907296875
4 0.16076516701461377 0.5322915796875 0.10327390605427975 0.5307889875 0.10133796868475992 0.572280865625 0.15882922964509394 0.5737834578125 0.16076516701461377 0.5322915796875
4 0.2865723841336117 0.549298953125 0.23010775156576202 0.5478231921875001 0.22817181419624216 0.589315071875 0.2846364446764092 0.5907908328125 0.2865723841336117 0.549298953125
4 0.30519729227557413 0.5429902046875 0.26344768684759917 0.5418990375 0.2620017098121086 0.572889884375 0.30375131524008353 0.5739810515625 0.30519729227557413 0.5429902046875
4 0.028791665970772443 0.445500928125 0.0022703987473903964 0.44480776874999994 0.000955874739039666 0.472981265625 0.02747713987473904 0.473674425 0.028791665970772443 0.445500928125
4 0.01775893528183716 0.41392749999999995 0.0037283277661795404 0.41356079531249995 0.002007494780793319 0.45044246875000005 0.016038100208768266 0.450809171875 0.01775893528183716 0.41392749999999995