5 0.06731535000000001 0 0.059683933333333335 0.0544560671875 0.07429913958333333 0.0556081578125 0.08209201041666667 0 0.06731535000000001 0
3 0.3669101979166667 0.24764961093750001 0.3108565770833333 0.24323100625 0.30529039999999996 0.2829499828125 0.36134402083333333 0.2873685875 0.3669101979166667 0.24764961093750001
5 0.28867382291666666 0.27499063125 0.24018572291666668 0.271168403125 0.23498098541666668 0.308308225 0.2834690875 0.312130453125 0.28867382291666666 0.27499063125
4 0.2818621375 0.2442049859375 0.24472231666666666 0.2412773203125 0.2406019 0.2706796796875 0.2777417208333333 0.27360734375 0.2818621375 0.2442049859375
4 0.31286978750000005 0.2201816546875 0.27229109375 0.21698291093750002 0.26871283749999997 0.24251653750000002 0.30929153125000003 0.2457152828125 0.31286978750000005 0.2201816546875
4 0.5603571041666666 0.2690266453125 0.4399965708333333 0.2595388453125 0.42839434583333336 0.3423296984375 0.5487548770833333 0.3518175 0.5603571041666666 0.2690266453125
5 0.46108674583333337 0.2392971203125 0.43185633125 0.2369929390625 0.42856722708333334 0.2604632421875 0.45779764166666664 0.26276742343750004 0.46108674583333337 0.2392971203125
4 0.6096744395833333 0.2570076015625 0.52129541875 0.2500408453125 0.5101630645833334 0.32947879687500004 0.5985420854166666 0.3364455546875 0.6096744395833333 0.2570076015625
4 0.7221394854166667 0.2459245234375 0.6138150041666666 0.237385503125 0.6025742187500001 0.31759720156250004 0.7108987 0.3261362234375 0.7221394854166667 0.2459245234375
3 0.4855141125 0.252305178125 0.45662758541666665 0.25002810625 0.45409750416666667 0.2680821875 0.48298403333333334 0.270359259375 0.4855141125 0.252305178125
4 0.7844559312499999 0.29620985625 0.6554982166666666 0.2860443546875 0.6422695104166666 0.3804414015625 0.7712272250000001 0.3906069015625 0.7844559312499999 0.29620985625
4 0.5364208958333333 0.3542351734375 0.40711929375 0.3440425640625 0.3933484291666666 0.4423083421875 0.52265003125 0.45250095156250003 0.5364208958333333 0.3542351734375
4 0.7260122354166667 0.37335254687499997 0.5771090604166667 0.36161478125 0.5613502729166666 0.47406590781249996 0.7102534479166667 0.4858036734375 0.7260122354166667 0.37335254687499997
5 0.534310725 0.47597628125 0.38747087291666665 0.4644011640625 0.3719289520833333 0.575304796875 0.5187688020833333 0.5868799140625 0.534310725 0.47597628125