3 0.6524793799582463 0.6534754875 0.47858969937369517 0.6787732203125 0.5166075323590814 0.8251562218749999 0.6904972150313153 0.7998584875 0.6524793799582463 0.6534754875
3 0.8190529603340292 0.54549798125 0.6734326784968685 0.566683040625 0.7029524091858037 0.680345134375 0.8485726910229645 0.659160075 0.8190529603340292 0.54549798125
5 0.5681801878914404 0.47271945625 0.4294628997912317 0.49290025625 0.45796030062630483 0.6026260015625 0.5966775908141962 0.5824452 0.5681801878914404 0.47271945625
4 0.713001776617954 0.44845912343750005 0.5811874801670146 0.46763566562500003 0.6060428371607515 0.563338165625 0.737857133611691 0.5441616234375 0.713001776617954 0.44845912343750005
4 0.6868327014613779 0.3391606015625 0.573097674321503 0.3557069453125 0.5952055240083508 0.44083050625000003 0.7089405532359081 0.42428416249999995 0.6868327014613779 0.3391606015625
4 0.5439741628392485 0.36441193437499997 0.423336139874739 0.38196253593749996 0.4470413778705637 0.47323664218749995 0.5676794008350731 0.455686040625 0.5439741628392485 0.36441193437499997
4 0.5355052192066806 0.25496388593749997 0.42472861795407096 0.271079834375 0.4454946617954071 0.35103693593749996 0.5562712630480167 0.3349209875 0.5355052192066806 0.25496388593749997
4 0.5490413256784968 0.20397367968750002 0.4553578475991649 0.21760289375 0.4734402797494781 0.2872270765625 0.5671237578288101 0.2735978625 0.5490413256784968 0.20397367968750002
4 0.5623157118997912 0.1710214296875 0.49131349895615867 0.1813509390625 0.5043481858037578 0.2315393953125 0.5753503987473905 0.22120988593750002 0.5623157118997912 0.1710214296875
4 0.654060121085595 0.2530353875 0.556103363256785 0.267286284375 0.5751442296450939 0.340600796875 0.6731009853862213 0.32634989999999997 0.654060121085595 0.2530353875
4 0.6282179290187891 0.2211781625 0.5674058455114822 0.2300251953125 0.5778847118997913 0.2703727796875 0.6386967933194154 0.26152574687499996 0.6282179290187891 0.2211781625