5 0.22982804166666665 0.6230158734375 0.09126984166666667 0.6230158734375 0.09126984166666667 0.7207341265625 0.22982804166666665 0.7207341265625 0.22982804166666665 0.6230158734375
5 0.21329364999999997 0.5586557546875001 0.07605820208333333 0.5586557546875001 0.07605820208333333 0.6432291671875 0.21329364999999997 0.6432291671875 0.21329364999999997 0.5586557546875001
4 0.15922618958333334 0.4931795640625 0.043154762500000006 0.4931795640625 0.043154762500000006 0.5693204359374999 0.15922618958333334 0.5693204359374999 0.15922618958333334 0.4931795640625
4 0.27959656041666664 0.4077380953125 0.16220238125 0.4077380953125 0.16220238125 0.49578372968749995 0.27959656041666664 0.49578372968749995 0.27959656041666664 0.4077380953125
3 0.3612764541666667 0.463665675 0.23396163958333333 0.463665675 0.23396163958333333 0.554439484375 0.3612764541666667 0.554439484375 0.3612764541666667 0.463665675
5 0.4922288354166667 0.3671875 0.343088625 0.3671875 0.343088625 0.473834325 0.4922288354166667 0.473834325 0.4922288354166667 0.3671875
5 0.4052579375 0.5234375 0.27033730208333334 0.5234375 0.27033730208333334 0.6283482140625 0.4052579375 0.6283482140625 0.4052579375 0.5234375
5 0.34540343958333336 0.609375 0.25082671875 0.609375 0.25082671875 0.674603175 0.34540343958333336 0.674603175 0.34540343958333336 0.609375
4 0.31431878333333335 0.6582341265625 0.22205687916666667 0.6582341265625 0.22205687916666667 0.7167658734375 0.31431878333333335 0.7167658734375 0.31431878333333335 0.6582341265625
4 0.2825727520833333 0.53720238125 0.18336640208333332 0.53720238125 0.18336640208333332 0.62177579375 0.2825727520833333 0.62177579375 0.2825727520833333 0.53720238125
4 0.38773148125 0.6939484125 0.2825727520833333 0.6939484125 0.2825727520833333 0.77802579375 0.38773148125 0.77802579375 0.38773148125 0.6939484125
5 0.48511904791666666 0.531498015625 0.39880952291666666 0.531498015625 0.39880952291666666 0.6111111109375 0.48511904791666666 0.6111111109375 0.48511904791666666 0.531498015625
5 0.43220899375 0.6076388890625 0.3525132270833333 0.6076388890625 0.3525132270833333 0.6763392859375 0.43220899375 0.6763392859375 0.43220899375 0.6076388890625
4 0.5132275125 0.60106646875 0.43584656041666664 0.60106646875 0.43584656041666664 0.6722470234375 0.5132275125 0.6722470234375 0.5132275125 0.60106646875
4 0.55621693125 0.42261904687499996 0.43948412708333334 0.42261904687499996 0.43948412708333334 0.5106646828125 0.55621693125 0.5106646828125 0.55621693125 0.42261904687499996
4 0.5861441791666666 0.5195932546875001 0.49454365 0.5195932546875001 0.49454365 0.590773809375 0.5861441791666666 0.590773809375 0.5861441791666666 0.5195932546875001
4 0.6078042333333333 0.5890376984375 0.4996693125 0.5890376984375 0.4996693125 0.6741071421875 0.6078042333333333 0.6741071421875 0.6078042333333333 0.5890376984375
4 0.6964285708333333 0.664806546875 0.5949074083333333 0.664806546875 0.5949074083333333 0.74268353125 0.6964285708333333 0.74268353125 0.6964285708333333 0.664806546875
4 0.5744047625 0.692584325 0.4950396833333333 0.692584325 0.4950396833333333 0.7555803578125 0.5744047625 0.7555803578125 0.5744047625 0.692584325
4 0.5796957666666667 0.7480158734375 0.5214947083333333 0.7480158734375 0.5214947083333333 0.7916666671875 0.5796957666666667 0.7916666671875 0.5796957666666667 0.7480158734375
4 0.7822420625 0.6903521828125 0.7170965604166667 0.6903521828125 0.7170965604166667 0.7369791671875 0.7822420625 0.7369791671875 0.7822420625 0.6903521828125
4 0.7270171958333334 0.5789930562500001 0.6443452375 0.5789930562500001 0.6443452375 0.6437251984375 0.7270171958333334 0.6437251984375 0.7270171958333334 0.5789930562500001
4 0.6823743395833334 0.46143353125 0.6020171958333334 0.46143353125 0.6020171958333334 0.5192212296875 0.6823743395833334 0.5192212296875 0.6823743395833334 0.46143353125
4 0.67410714375 0.3944692453125 0.62549603125 0.3944692453125 0.62549603125 0.4306795640625 0.67410714375 0.4306795640625 0.67410714375 0.3944692453125
4 0.7404100520833333 0.276413690625 0.6736111104166667 0.276413690625 0.6736111104166667 0.3245287703125 0.7404100520833333 0.3245287703125 0.7404100520833333 0.276413690625
5 0.6987433854166666 0.302579365625 0.6137566145833334 0.302579365625 0.6137566145833334 0.3695436515625 0.6987433854166666 0.3695436515625 0.6987433854166666 0.302579365625
4 0.7000661375 0.2099454359375 0.6283068791666667 0.2099454359375 0.6283068791666667 0.255332340625 0.7000661375 0.255332340625 0.7000661375 0.2099454359375
5 0.6402116395833333 0.2108134921875 0.5350529104166667 0.2108134921875 0.5350529104166667 0.2919146828125 0.6402116395833333 0.2919146828125 0.6402116395833333 0.2108134921875
3 0.6335978833333333 0.27256944375000003 0.5449735458333334 0.27256944375000003 0.5449735458333334 0.3258928578125 0.6335978833333333 0.3258928578125 0.6335978833333333 0.27256944375000003