4 0.19704986666666666 0.8375695265624999 0.23148341666666666 0.8402838593749999 0.23577667708333333 0.809648128125 0.20134312708333332 0.8069337953125 0.19704986666666666 0.8375695265624999
4 0.09883586666666666 0.8966395265625 0.17749289375000002 0.9028399171875 0.18604393125 0.84182164375 0.10738690416666666 0.8356212546874999 0.09883586666666666 0.8966395265625
4 0.10295839375 0.941505853125 0.16608656666666669 0.9464821328124999 0.17321834583333334 0.8955913734375001 0.11009017291666666 0.8906150937499999 0.10295839375 0.941505853125
4 0 0.956684446875 0.06327052708333333 0.961671946875 0.07306341875000001 0.8917920984375 0 0.8860326421875 0 0.956684446875
4 0.028067402083333335 0.8475435625 0.07296604791666667 0.8510828421875001 0.07729478958333333 0.8201939218750001 0.03239614375 0.81665464375 0.028067402083333335 0.8475435625
5 0 0.83509166875 0.023241362499999998 0.8369237421875001 0.028279735416666667 0.8009710671875 0 0.798741828125 0 0.83509166875
4 0.13145466458333332 0.8027045390625 0.17669089375 0.8062704281249999 0.18233245208333332 0.7660135593749999 0.13709622083333334 0.7624476687499999 0.13145466458333332 0.8027045390625
4 0.06613168750000001 0.79512339375 0.12284576666666666 0.7995940609375001 0.12820347291666667 0.76136269375 0.07148939166666667 0.7568920265625 0.06613168750000001 0.79512339375
4 0.12547134791666667 0.7382366874999999 0.16260556666666667 0.741163909375 0.16743105 0.7067303609375 0.13029683125 0.7038031375 0.12547134791666667 0.7382366874999999
4 0.0809351125 0.72602249375 0.13427335416666666 0.73022705 0.13952461458333335 0.692755246875 0.08618637291666667 0.688550690625 0.0809351125 0.72602249375
4 0.055834775 0.7066369124999999 0.12605220625 0.712172025 0.13290013333333334 0.6633067687499999 0.06268270208333333 0.65777165625 0.055834775 0.7066369124999999
4 0.07456048333333333 0.6594759156250001 0.12823630625 0.6637070828125 0.13274245625 0.6315522234375 0.07906663124999999 0.62732105625 0.07456048333333333 0.6594759156250001
3 0.24801346666666665 0.48973579218749996 0.34321209999999996 0.4972401265625 0.35126639791666664 0.4397664828125 0.2560677645833333 0.43226214687500003 0.24801346666666665 0.48973579218749996
5 0.2564778395833333 0.4390780703125 0.35505231249999997 0.446848515625 0.3641000916666667 0.3822856140625 0.26552561875 0.3745151671875 0.2564778395833333 0.4390780703125
5 0.32493481458333334 0.39506934375 0.41506968958333335 0.4021745109375 0.42333687708333334 0.34318174218749997 0.333202 0.3360765734375 0.32493481458333334 0.39506934375
5 0.16302335625 0.40329691093750003 0.271050175 0.4118124671875 0.28233328958333337 0.33129872968749996 0.17430647083333334 0.3227831734375 0.16302335625 0.40329691093750003
3 0.20306395208333333 0.3282498828125 0.3178424458333333 0.33729766250000004 0.32710311249999996 0.2712156328125 0.21232462083333334 0.262167853125 0.20306395208333333 0.3282498828125
5 0.20337462083333332 0.2846289640625 0.3164651958333333 0.2935436890625 0.32828053125 0.20923213281250003 0.21518995625 0.20031740937500003 0.20337462083333332 0.2846289640625
3 0.5675216916666667 0.8255595921875001 0.6650834104166666 0.8332502046875 0.6754440041666666 0.7593193515625 0.5778822854166666 0.7516287390625 0.5675216916666667 0.8255595921875001
4 0.5011362604166666 0.792680190625 0.5862073791666667 0.7993861921875001 0.5934456020833333 0.7477358703125 0.5083744833333333 0.74102986875 0.5011362604166666 0.792680190625
4 0.5566241395833333 0.7535367843749999 0.6494596875 0.7608548421875 0.6593590229166666 0.6902154296874999 0.566523475 0.682897371875 0.5566241395833333 0.7535367843749999
4 0.5109636625 0.7603048359375 0.5838817645833333 0.7660528375 0.5926456916666666 0.7035154375 0.5197275895833333 0.6977674359375 0.5109636625 0.7603048359375
4 0.49921659375 0.7040861203125 0.5785487875 0.7103397328125001 0.5862837520833334 0.6551447796875001 0.50695155625 0.64889116875 0.49921659375 0.7040861203125
4 0.5505059854166666 0.6815067515625 0.6129589895833334 0.6864298078125 0.62023269375 0.6345262968750001 0.5577796895833332 0.6296032406250001 0.5505059854166666 0.6815067515625
4 0.5712901770833334 0.664714225 0.6472465333333334 0.6707017265624999 0.6549105354166667 0.6160131484375 0.5789541791666667 0.6100256484375 0.5712901770833334 0.664714225
4 0.5948449854166667 0.642764421875 0.6697885895833333 0.6486720906250001 0.6776299979166667 0.5927175734375 0.60268639375 0.58680990625 0.5948449854166667 0.642764421875
4 0.6226397104166667 0.929098553125 0.7242524375 0.9371085000000001 0.7358548833333334 0.8543160703125 0.63424215625 0.8463061234374999 0.6226397104166667 0.929098553125
4 0.6546952958333333 0.7758586875 0.7293013145833334 0.7817397453125 0.7374975395833334 0.72325335 0.66289151875 0.7173722921875 0.6546952958333333 0.7758586875
4 0.69505578125 0.7435863359375 0.7676362999999999 0.7493077265625 0.7732778562499999 0.7090508578125 0.7006973375 0.70332946875 0.69505578125 0.7435863359375
4 0.6961268020833333 0.7249838734375 0.7707328229166667 0.73086493125 0.7760905291666667 0.6926335640625 0.70148450625 0.6867525062500001 0.6961268020833333 0.7249838734375
4 0.7291649458333332 0.7668818765625 0.7838535229166667 0.771192878125 0.7893886354166667 0.731695571875 0.7347000583333333 0.7273845718749999 0.7291649458333332 0.7668818765625
5 0.8577664333333334 1 0.8629314770833333 0.9631434171875 0.8045294791666666 0.95853969375 0.7987192729166667 1 0.8577664333333334 1
4 0.709506625 0.8572307890624999 0.79559049375 0.8640166234375 0.80570271875 0.7918580859375 0.7196188479166667 0.7850722515624999 0.709506625 0.8572307890624999
4 0.7579545354166667 0.92555801875 0.8028531833333333 0.929097296875 0.8084947395833333 0.8888404265625001 0.7635960937499999 0.8853011484375 0.7579545354166667 0.92555801875
4 0.7938322208333334 0.952064784375 0.8647248208333332 0.95765311875 0.87387904375 0.8923306515625 0.8029864458333333 0.8867423171875 0.7938322208333334 0.952064784375
4 0.8390780854166666 0.9592152203125 0.9298881312499999 0.9663736109375 0.9397519854166667 0.8959873859374999 0.8489419395833333 0.8888289953124999 0.8390780854166666 0.9592152203125
4 0.8512370708333333 0.8614915515625 0.9049128979166666 0.8657227187500001 0.9103415645833334 0.826984978125 0.8566657395833333 0.8227538109375001 0.8512370708333333 0.8614915515625
4 0.7887018916666667 0.803573165625 0.8660085854166667 0.8096671109375 0.874843475 0.746623334375 0.7975367833333333 0.7405293890625 0.7887018916666667 0.803573165625
4 0.8210318395833334 0.7725876671874999 0.9023895375 0.7790009453125 0.91083413125 0.7187422359375 0.8294764333333333 0.7123289578125 0.8210318395833334 0.7725876671874999
4 0.81732040625 0.73940105625 0.8794358291666666 0.7442975015625 0.8850773854166667 0.7040406328125 0.8229619625000001 0.6991441859374999 0.81732040625 0.73940105625
5 0.86161475 0.657137790625 0.8963858833333334 0.6598787359375 0.9008210708333333 0.6282302546875 0.8660499375 0.625489309375 0.86161475 0.657137790625
4 0.9018288229166667 0.689234075 0.9440267979166667 0.6925604640625 0.9480362062500001 0.6639502375 0.90583823125 0.660623846875 0.9018288229166667 0.689234075
4 0.9407566791666666 0.9423998328125001 0.8899503145833333 0.938394859375 0.8839184625000001 0.9814367953125 0.934724825 0.98544176875 0.9407566791666666 0.9423998328125001
4 0.830626525 0.6895089796875 0.8930795270833334 0.6944320359375 0.8990049354166667 0.6521496640625 0.8365519333333334 0.6472266078125 0.830626525 0.6895089796875
4 0.8213267083333334 0.65357798125 0.8692636083333334 0.657356759375 0.8738762020833334 0.6244423390625 0.8259393020833333 0.620663559375 0.8213267083333334 0.65357798125
4 0.7086383479166667 0.8682976828125 0.7538745770833334 0.8718635718750001 0.758380725 0.839708715625 0.7131444979166666 0.8361428249999999 0.7086383479166667 0.8682976828125
4 0.39074321875 0.26036120937499996 0.43125327708333333 0.26355454218749996 0.4360787583333333 0.22912099375 0.39556870208333333 0.225927659375 0.39074321875 0.26036120937499996