3 0.14996400000000001 0.454978475 0.36486006458333337 0.4207202984375 0.32668291666666666 0.2860132828125 0.11178685416666667 0.320271459375 0.14996400000000001 0.454978475
3 0.43302223125 0.5831485359374999 0.5907538250000001 0.558003371875 0.5505515645833333 0.41615080000000004 0.3928199708333333 0.4412959640625 0.43302223125 0.5831485359374999
3 0.28097161875 0.5743334812499999 0.42917580208333334 0.5507071531250001 0.39197370833333334 0.419440590625 0.24376952708333333 0.44306692031250006 0.28097161875 0.5743334812499999
5 0.5431854854166667 0.6315574374999999 0.6194047770833334 0.6194067546875 0.5972785333333334 0.541334909375 0.5210592416666667 0.5534855921874999 0.5431854854166667 0.6315574374999999
5 0.4502610458333333 0.6895219515625 0.58752635 0.6676394703125 0.5538494562499999 0.548811475 0.4165841520833334 0.5706939546875 0.4502610458333333 0.6895219515625
5 0.3486419875 0.7369784234375001 0.48449582291666665 0.71532095625 0.4471437208333333 0.5835250953125 0.31128988750000003 0.6051825625 0.3486419875 0.7369784234375001
4 0.22472278750000002 0.7109547953125 0.39445186250000003 0.6838970234375 0.3549246395833333 0.5444263015625 0.18519556458333333 0.5714840734375 0.22472278750000002 0.7109547953125
4 0.5398601916666668 0.6998563359375 0.6083164083333333 0.688943221875 0.5900903833333333 0.62463319375 0.5216341666666666 0.6355463078125 0.5398601916666668 0.6998563359375
4 0.4728542625 0.7900628484375 0.5864774666666667 0.7719493296875 0.5549756958333333 0.66079619375 0.4413524916666667 0.6789097109375 0.4728542625 0.7900628484375
4 0.5442995687500001 0.7890459953125 0.6166373270833333 0.777514096875 0.58806071875 0.676682321875 0.5157229625 0.688214221875 0.5442995687500001 0.7890459953125
4 0.39145432916666667 0.8320831828124999 0.5160164145833334 0.812225815625 0.48518968124999995 0.7034545328124999 0.3606275958333333 0.7233119 0.39145432916666667 0.8320831828124999
4 0.3532269666666667 0.85726319375 0.4255647208333333 0.8457312953124999 0.40486355625 0.77268780625 0.3325258020833333 0.7842197046875 0.3532269666666667 0.85726319375
4 0.22599129166666668 0.8384068453125 0.38548722291666665 0.8129804140625 0.35046025416666665 0.6893887125 0.19096432291666668 0.7148151421875 0.22599129166666668 0.8384068453125
4 0.20772734583333333 0.8598511234374999 0.33158370000000004 0.8401062640625 0.2995568979166666 0.7271005749999999 0.17570054583333333 0.7468454359375001 0.20772734583333333 0.8598511234374999
4 0.32805461041666667 0.9265554296875 0.3915706875 0.9164298609375001 0.37034449375 0.84153381875 0.30682841666666666 0.8516593890624999 0.32805461041666667 0.9265554296875
4 0.482747375 1 0.452770175 0.8942262671875 0.3349125645833333 0.9130148234375 0.359564925 1 0.482747375 1
4 0.16844509583333334 0.9977784765625 0.30818046875 0.9755022234374999 0.2772787291666667 0.8664662890624999 0.13754335833333334 0.8887425421874999 0.16844509583333334 0.9977784765625
4 0.2850653583333333 1 0.27154635625 0.952298571875 0.14133839583333332 0.9730559890625001 0.14897456458333333 1 0.2850653583333333 1
3 0.5704542687499999 0.9769802546875 0.57667961875 0.9989462296875 0.6345498229166666 0.9897207124999999 0.6283244729166667 0.9677547359374999 0.5704542687499999 0.9769802546875
3 0.6418962437500001 0.96033561875 0.6495466729166667 0.9873299531249999 0.7024767375 0.978891978125 0.6948263083333334 0.95189764375 0.6418962437500001 0.96033561875
3 0.7416118958333333 0.9419497421875 0.7896018208333333 0.9342993109375 0.7767761 0.8890441046875001 0.728786175 0.8966945359375 0.7416118958333333 0.9419497421875
3 0.74206365625 0.9370370953125 0.7517016979166667 0.9710446625 0.7961629541666666 0.9639567625 0.7865249124999999 0.9299491968750001 0.74206365625 0.9370370953125
3 0.6147134416666666 0.46165864843750004 0.6609390333333334 0.454289484375 0.6493133791666666 0.4132686859375 0.6030877875 0.42063785 0.6147134416666666 0.46165864843750004
5 0.6272511604166666 0.48898029374999996 0.6678308770833333 0.4825111796875 0.6581553333333333 0.44837128593750003 0.6175756166666667 0.4548404 0.6272511604166666 0.48898029374999996
5 0.5851389270833334 0.4991513078125 0.6225428395833333 0.49318847187500003 0.6124922749999999 0.4577253296875 0.5750883625000001 0.4636881640625 0.5851389270833334 0.4991513078125
4 0.6472562125 0.5120688328125 0.6867773270833334 0.505768478125 0.6771767854166666 0.47189323749999995 0.6376556729166667 0.478193590625 0.6472562125 0.5120688328125