1 0.5292875828125 0.2539443 0.6800959109375 0.22209671041666665 0.6538132375 0.0008403604166666666 0.5030049109375 0.03268795 0.5292875828125 0.2539443
1 0.6862374953125 0 0.6982832390625 0.10140510833333334 0.798910625 0.08015469166666667 0.7893891828124999 0 0.6862374953125 0
1 0.62349371875 0.25310168125 0.7485478062500001 0.2266928520833333 0.7273534609375 0.04827173333333334 0.6022993718749999 0.0746805625 0.62349371875 0.25310168125
1 0.5060997406250001 0.34285029375 0.6314193375 0.31638539583333336 0.61375738125 0.16770112916666668 0.488437784375 0.19416602708333333 0.5060997406250001 0.34285029375
0 0.6813094765625001 0.6057788166666668 0.8504378296875 0.57006241875 0.8277296015625 0.37889693333333335 0.6586012484375 0.41461333125 0.6813094765625001 0.6057788166666668
0 0.81319125 0.7181853895833333 0.9828506171875 0.68235685 0.9568202593749999 0.4632245625 0.7871608906249999 0.49905310208333337 0.81319125 0.7181853895833333
1 1 0.4580976958333334 0.9385645453125001 0.4710715875 0.9492878765625001 0.5613441791666667 1 0.5506348312499999 1 0.4580976958333334
1 0.7233416515625 0.7476835916666666 0.8391029734375 0.7232372020833334 0.8209363906249999 0.5703048145833333 0.70517506875 0.5947512041666666 0.7233416515625 0.7476835916666666
1 0.8032998125 0.8044649041666666 0.8545427828125 0.7936434499999999 0.8471836359375 0.731691675 0.795940665625 0.7425131270833333 0.8032998125 0.8044649041666666
1 0.072170575 0.9641261458333333 0.199348725 0.9372687604166666 0.18105598437499998 0.7832743395833333 0.053877834375 0.8101317270833334 0.072170575 0.9641261458333333
0 0.143878265625 0.9090649895833334 0.24769174375 0.8871417375 0.2243527296875 0.6906661 0.1205392515625 0.7125893520833333 0.143878265625 0.9090649895833334
2 0.2342840578125 0.8132217729166666 0.33145984687499996 0.7927002625 0.31396609999999997 0.6454320375000001 0.2167903109375 0.6659535479166667 0.2342840578125 0.8132217729166666
2 0.146797696875 0.7297247833333333 0.2731793234375 0.70303560625 0.2555173671875 0.5543513416666667 0.12913574218749999 0.58104051875 0.146797696875 0.7297247833333333
0 0.3060227390625 0.6106389916666667 0.3593897703125 0.5993689833333333 0.3518624125 0.5360011645833332 0.2984953828125 0.547271175 0.3060227390625 0.6106389916666667
2 1 0.5450100229166667 0.9864709015625 0.5478670875 0.9946710953125001 0.6168990708333334 1 0.6157737166666667 1 0.5450100229166667