3 0.3587553444676409 0.38723423281249997 0.5630160396659708 0.35751807812499997 0.522663254697286 0.2021446390625 0.3184025594989562 0.23186079375 0.3587553444676409 0.38723423281249997
3 0.3858775365344468 0.4620388828125 0.5856897223382045 0.43296990468749996 0.5554971941544885 0.316717278125 0.35568500626304805 0.3457862578125 0.3858775365344468 0.4620388828125
5 0.5022442985386221 0.5679142703125 0.6935301774530271 0.5400857109375 0.6583656075156576 0.4046888578125 0.46707973068893527 0.43251741718750003 0.5022442985386221 0.5679142703125
4 0.6768709582463465 0.641847153125 0.8266374217118998 0.6200589015625 0.7968051858037579 0.5051935390625 0.6470387223382046 0.5269817906250001 0.6768709582463465 0.641847153125
5 0.1992726764091858 0.3545764765625 0.3553411941544885 0.3318713921875 0.3232751440501044 0.208405 0.167206624217119 0.23111008437499997 0.1992726764091858 0.3545764765625
5 0.2511135177453027 0.4934499234375 0.4145962150313153 0.46966621249999996 0.38310663256784966 0.34841944062499997 0.21962393528183716 0.3722031515625 0.2511135177453027 0.4934499234375
5 0.12597930271398747 0.565642590625 0.28797916492693115 0.54207460625 0.25886751356993737 0.42998376875 0.09686765135699374 0.4535517546875 0.12597930271398747 0.565642590625
4 0.23598800626304803 0.664812659375 0.4213425386221294 0.6378470015625 0.38488091649269307 0.49745600312500005 0.19952638413361168 0.5244216609375 0.23598800626304803 0.664812659375
4 0.1660877306889353 0.7497011859375 0.33809673903966597 0.7246770546875 0.3074718580375783 0.6067597140625 0.1354628496868476 0.63178384375 0.1660877306889353 0.7497011859375
4 0.2695946847599165 0.836428125 0.43011170981210856 0.813075865625 0.39919859498956156 0.6940487156249999 0.23868156993736953 0.717400975 0.2695946847599165 0.836428125
4 0.39571660334029224 0.8991336328124999 0.5469659018789144 0.87712965625 0.5160527870563675 0.7581025046875001 0.3648034885177453 0.78010648125 0.39571660334029224 0.8991336328124999
4 0.5276733340292276 0.820621603125 0.6184970563674321 0.8074084312500001 0.6009868308977034 0.73998745625 0.510163108559499 0.7532006296875 0.5276733340292276 0.820621603125