4 1 0.05827155625 0.9557233235908142 0.052428375000000006 0.9408662693110647 0.1154906265625 1 0.1232944890625 1 0.05827155625
4 0.7130999394572024 0.212678809375 0.8051082881002087 0.224821125 0.8217970334029228 0.1539840765625 0.7297886847599165 0.1418417609375 0.7130999394572024 0.212678809375
4 0.561388605427975 0.0707554140625 0.5970047390396659 0.075455665625 0.6031685260960334 0.049292853125 0.5675523924843424 0.0445926015625 0.561388605427975 0.0707554140625
3 0.6007408935281837 0.6073298687500001 0.6683455929018789 0.6162516421875 0.6795101878914406 0.568862396875 0.611905490605428 0.5599406234375001 0.6007408935281837 0.6073298687500001
5 0.4860333319415449 0.682155178125 0.5516593569937369 0.6908158281250001 0.5635217411273487 0.6404647531250001 0.4978957160751566 0.6318041046875 0.4860333319415449 0.682155178125
5 0.4948998392484342 0.6380255546875 0.5578876304801671 0.6463380359374999 0.5661447787056368 0.611289740625 0.5031569874739039 0.602977259375 0.4948998392484342 0.6380255546875
5 0.4245174676409186 0.6091412609375 0.4733247640918581 0.615582346875 0.48309378496868477 0.5741167578125 0.43428649060542796 0.567675671875 0.4245174676409186 0.6091412609375
5 0.35304285177453026 0.7046870921874999 0.44076407306889354 0.7162636375 0.4577435636743215 0.6441924921875 0.37002234237995824 0.632615946875 0.35304285177453026 0.7046870921874999
4 0.47117958872651355 0.606646490625 0.5041574906054279 0.610998575 0.511251661795407 0.5808866593750001 0.4782737599164927 0.5765345749999999 0.47117958872651355 0.606646490625
4 0.4034742922755741 0.6825848171875 0.4700896555323591 0.691376028125 0.4836383569937369 0.6338672062499999 0.417022993736952 0.6250759953125 0.4034742922755741 0.6825848171875
4 0.4429835866388309 0.6556055 0.4934397766179541 0.6622641890625001 0.5030343528183716 0.6215390562499999 0.45257816283924845 0.614880365625 0.4429835866388309 0.6556055
4 0.32286012526096036 0.710120121875 0.38914570772442586 0.7188678125 0.39984511273486434 0.6734531171875 0.33355953027139873 0.664705428125 0.32286012526096036 0.710120121875
3 0.3320214780793319 0.321955028125 0.3874243549060543 0.32926653125 0.39701892901878916 0.2885413984375 0.34161605219206675 0.281229896875 0.3320214780793319 0.321955028125
4 0.3486398037578288 0.2896643578125 0.39546842379958247 0.29584431875 0.403841872651357 0.260302384375 0.3570132526096033 0.254122425 0.3486398037578288 0.2896643578125
5 0.2664987787056367 0.3994538578125 0.3509222087682672 0.41059519375000003 0.3649361043841336 0.35111181875 0.2805126743215031 0.3399704828125 0.2664987787056367 0.3994538578125
5 0.37938360751565764 0.43267472500000004 0.453254108559499 0.44242339375000006 0.4664539164926931 0.38639548437500004 0.3925834175365345 0.376646815625 0.37938360751565764 0.43267472500000004
4 0.32206544050104385 0.45297743281249997 0.38373411691022963 0.46111583125 0.39582909603340294 0.4097774828125 0.3341604196242171 0.401639084375 0.32206544050104385 0.45297743281249997
4 0.2670593486430063 0.49305397187500005 0.32971736325678497 0.5013229328125 0.34140529853862217 0.451712315625 0.2787472860125261 0.44344335468749996 0.2670593486430063 0.49305397187500005
5 0.1360161962421712 0 0.12418613361169102 0.0502138859375 0.2095988977035491 0.0614857859375 0.22408454697286015 0 0.1360161962421712 0
4 0.1479402860125261 0.107428453125 0.08667868058455115 0.0993437765625 0.07382776409185803 0.1538907703125 0.135089369519833 0.1619754484375 0.1479402860125261 0.107428453125
4 0.12542577870563673 0.1445398484375 0.18247754906054278 0.15206895468749998 0.19387474112734865 0.103692434375 0.13682297077244257 0.096163328125 0.12542577870563673 0.1445398484375
5 0.11978230480167014 0.047978509375 0.09941329853862213 0.0452904171875 0.08603904175365346 0.102058784375 0.10640804801670146 0.1047468765625 0.11978230480167014 0.047978509375
3 0.11354207306889354 0.2887959828125 0.1630089248434238 0.295324109375 0.17173126513569936 0.25830126249999996 0.1222644133611691 0.2517731359375 0.11354207306889354 0.2887959828125
4 0.14975690187891438 0.33136743750000003 0.19658552400835075 0.337547396875 0.20397043841336118 0.3062013859375 0.15714181628392485 0.300021425 0.14975690187891438 0.33136743750000003
5 0.19129547599164926 0.3159808546875 0.23449652609603341 0.3216820859375 0.2424047828810021 0.288114703125 0.1992037306889353 0.282413471875 0.19129547599164926 0.3159808546875
4 0.2187406701461378 0.24567260625 0.26556929227557413 0.251852565625 0.2726634634655532 0.22174065 0.2258348413361169 0.215560690625 0.2187406701461378 0.24567260625
4 0.40332656784968685 0.0972316875 0.43894270354906056 0.1019319390625 0.44650206680584553 0.0698454703125 0.4108859311064718 0.06514521875 0.40332656784968685 0.0972316875
4 0.283637108559499 0.08639891250000001 0.33244440292275573 0.0928399984375 0.34041080584551153 0.0590257984375 0.29160351148225466 0.0525847125 0.283637108559499 0.08639891250000001
4 0.3787558246346555 0.1863700109375 0.4107443903966597 0.19059153281250002 0.4174896680584551 0.16196052968750002 0.3855011022964509 0.1577390078125 0.3787558246346555 0.1863700109375
4 0.12820134446764092 0.3095630359375 0.1687641649269311 0.3149161 0.17504425052192069 0.28825965 0.1344814300626305 0.2829065859375 0.12820134446764092 0.3095630359375
4 1 0.1921348140625 0.9628966805845511 0.1872382984375 0.9557443611691023 0.217597034375 0.995977400835073 0.222906578125 1 0.205832253125 1 0.1921348140625
4 0.8917612943632568 0.229385390625 0.9336432296450939 0.2349125375 0.9400396137787056 0.20776245000000002 0.8981576784968686 0.20223530312500002 0.8917612943632568 0.229385390625
3 0.8808699791231732 0.9113887109375 0.9098905323590813 0.9152185453125 0.9196014050104384 0.8739997734375 0.8905808517745303 0.8701699390625001 0.8808699791231732 0.9113887109375
5 0.8832859457202505 1 0.8851429248434237 0.99211786875 0.8264422588726513 0.9843711578125 0.8227602066805846 1 0.8832859457202505 1
4 0.8573325260960334 0.87201724375 0.9038313674321503 0.8781536828125001 0.9122048141962421 0.8426117484375 0.8657059728601253 0.836475309375 0.8573325260960334 0.87201724375