3 0.7699059394572025 0.3662957 0.682920363256785 0.35598435624999997 0.6629094279749478 0.45054499375 0.7498950041753654 0.4608563390625 0.7699059394572025 0.3662957
5 0.7854740730688935 0.4545432609375 0.6693830584551148 0.4407817328125 0.652148509394572 0.5222227015625001 0.7682395260960334 0.5359842296874999 0.7854740730688935 0.4545432609375
4 0.7246332254697285 0.5177469421875001 0.6376476513569937 0.507435596875 0.6219322567849687 0.5816978796875001 0.7089178308977035 0.5920092234375 0.7246332254697285 0.5177469421875001
5 0.6111978810020876 0.461796984375 0.520243382045929 0.451015159375 0.5019087557411274 0.5376544875 0.5928632567849687 0.5484363125 0.6111978810020876 0.461796984375
4 0.5720443799582463 0.5450802968749999 0.48968921711899793 0.5353178453125 0.47313567014613783 0.61354078125 0.5554908329853862 0.6233032328125 0.5720443799582463 0.5450802968749999
4 0.686262139874739 0.27530715781250004 0.6240823382045929 0.26793631093750003 0.613448254697286 0.318187121875 0.6756280563674322 0.32555796875 0.686262139874739 0.27530715781250004
4 0.689813 0.262533046875 0.6431781482254697 0.2570049109375 0.6355823736951983 0.292898346875 0.6822172275574113 0.29842648125000004 0.689813 0.262533046875
4 0.6502116075156577 0.28384810625 0.5920007306889353 0.27694773906250003 0.5804237244258873 0.3316542859375 0.6386346012526096 0.338554653125 0.6502116075156577 0.28384810625
4 0.6120507933194155 0.29835578906250004 0.5521861962421711 0.29125938906250004 0.5407139603340292 0.34547085312500003 0.6005785574112734 0.3525672546875 0.6120507933194155 0.29835578906250004
4 0.5651638100208768 0.333270996875 0.516213751565762 0.327468415625 0.5070464384133612 0.37078807812500003 0.555996496868476 0.376590659375 0.5651638100208768 0.333270996875
4 0.6070737640918581 0.34991156874999996 0.5627541148225469 0.3446578796875 0.5542678037578288 0.3847595109375 0.5985874509394572 0.3900132 0.6070737640918581 0.34991156874999996
4 0.6229494572025052 0.3517934875 0.5968207118997912 0.3486961625 0.5916346304801671 0.373202715625 0.6177633778705637 0.3763000390625 0.6229494572025052 0.3517934875
4 0.6266520146137787 0.5650023171874999 0.5654644446764091 0.557749090625 0.5558780542797495 0.6030490828125 0.617065624217119 0.610302309375 0.6266520146137787 0.5650023171874999
4 0.5384374989561587 0.6117660671875 0.4808881064718163 0.6049441140625 0.47208748643006265 0.646530990625 0.529636878914405 0.6533529453125 0.5384374989561587 0.6117660671875
4 0.4808259645093946 0.6068398765625 0.4355140876826722 0.6014685671875 0.426242006263048 0.6452833140625 0.47155388308977036 0.6506546234374999 0.4808259645093946 0.6068398765625
4 0.5229675574112735 0.64241233125 0.45417288308977033 0.6342573515625001 0.4430149540709812 0.6869835703125 0.5118096283924843 0.69513855 0.5229675574112735 0.64241233125
4 0.4731665469728601 0.6878933859374999 0.4225627703549061 0.6818947703125 0.41287161169102293 0.72768984375 0.46347538622129436 0.7336884578125 0.4731665469728601 0.6878933859374999
4 0.5485760605427975 0.6559786359374999 0.5131864926931107 0.6517835265625 0.5034953319415448 0.6975786015625001 0.5388848997912318 0.7017737109375 0.5485760605427975 0.6559786359374999