3 0.6779319854166667 0.341498403125 0.5806428354166666 0.35305521875 0.6030240958333334 0.45903750781249997 0.7003132458333333 0.44748069218750003 0.6779319854166667 0.341498403125
5 0.7352437666666667 0.431528740625 0.60540159375 0.44695247499999996 0.6246776 0.538230415625 0.754519775 0.5228066796874999 0.7352437666666667 0.431528740625
4 0.6997135041666667 0.5146704093750001 0.6024243520833333 0.526227225 0.6200012583333333 0.6094593875000001 0.7172904104166666 0.597902571875 0.6997135041666667 0.5146704093750001
5 0.5532140229166667 0.484435784375 0.451485825 0.4965199078125 0.47199221458333335 0.5936240984375 0.5737204145833333 0.5815399765625 0.5532140229166667 0.484435784375
4 0.5500253854166667 0.5833592671875001 0.4579151229166667 0.594300890625 0.4764294645833333 0.681972103125 0.5685397270833333 0.6710304796875 0.5500253854166667 0.5833592671875001
4 0.5469416395833334 0.2661926265625 0.4773965458333333 0.2744537734375 0.4892902520833333 0.330774203125 0.5588353458333334 0.3225130578125 0.5469416395833334 0.2661926265625
4 0.5448197791666666 0.2516558625 0.49266095625 0.257851721875 0.5011564604166667 0.2980806015625 0.5533152833333334 0.2918847421875 0.5448197791666666 0.2516558625
4 0.5125384270833334 0.28464154375 0.44743237916666667 0.29237538281250003 0.4603807 0.3536897421875 0.5254867479166667 0.3459559046875 0.5125384270833334 0.28464154375
4 0.47864585625 0.309997609375 0.41169020625 0.317951159375 0.4245213479166667 0.3787106375 0.4914769979166667 0.3707570875 0.47864585625 0.309997609375
4 0.4448951479166666 0.35936865 0.39014688124999997 0.36587210468750003 0.4004000770833333 0.4144242 0.45514834375 0.4079207453125 0.4448951479166666 0.35936865
4 0.4971596520833333 0.3662426515625 0.4475902729166667 0.3721309140625 0.4570818020833334 0.41707628437500005 0.50665118125 0.41118802031249996 0.4971596520833333 0.3662426515625
4 0.5149158458333333 0.364133421875 0.48569210833333337 0.3676048609375 0.4914924875 0.395071475 0.520716225 0.3916000359375 0.5149158458333333 0.364133421875
4 0.6173118833333333 0.5904396328125 0.5488765499999999 0.5985689515625 0.5595984625 0.649340571875 0.6280337958333334 0.6412112515625 0.6173118833333333 0.5904396328125
4 0.5450721708333333 0.6631531390625 0.48070596458333337 0.67079909375 0.49054903125 0.7174091046875 0.5549152374999999 0.7097631515625 0.5450721708333333 0.6631531390625
4 0.48151530625 0.6728359562499999 0.43083616875 0.678856046875 0.4412065416666667 0.7279630218750001 0.49188568125000004 0.72194293125 0.48151530625 0.6728359562499999
4 0.54276875 0.6998300000000001 0.46582523958333333 0.708969990625 0.47830484166666665 0.7680648265625 0.5552483541666666 0.7589248359375 0.54276875 0.6998300000000001
4 0.51079755625 0.7612188671875 0.45419968541666667 0.7679420343750001 0.46503877708333335 0.8192685359375 0.5216366479166666 0.81254536875 0.51079755625 0.7612188671875
4 0.5762735645833333 0.70765263125 0.5366920458333334 0.7123544546875 0.5475311375 0.7636809546875 0.58711265625 0.7589791328125 0.5762735645833333 0.70765263125