4 0.18044871875000001 0.00012019218750000001 0.04198717916666667 0.00012019218750000001 0.04198717916666667 0.07079326875 0.18044871875000001 0.07079326875 0.18044871875000001 0.00012019218750000001
4 0 0.1537259609375 0.13333333333333333 0.1537259609375 0.13333333333333333 0.041466346875 0 0.041466346875 0 0.1537259609375
4 0.40352564166666666 0.07463942343749999 0.2717948708333333 0.07463942343749999 0.2717948708333333 0.182572115625 0.40352564166666666 0.182572115625 0.40352564166666666 0.07463942343749999
4 0.094391025 0.158533653125 0.00016025625 0.158533653125 0.00016025625 0.24194711562500001 0.094391025 0.24194711562500001 0.094391025 0.158533653125
4 0.2940705125 0.174158653125 0.15945512916666665 0.174158653125 0.15945512916666665 0.282572115625 0.2940705125 0.282572115625 0.2940705125 0.174158653125
4 0.16362179583333333 0.2467548078125 0.06939102500000001 0.2467548078125 0.06939102500000001 0.32007211562500004 0.16362179583333333 0.32007211562500004 0.16362179583333333 0.2467548078125
5 0.4996794875 0.24194711562500001 0.38493589791666666 0.24194711562500001 0.38493589791666666 0.3349759609375 0.4996794875 0.3349759609375 0.4996794875 0.24194711562500001
3 0.6725961541666667 0.2293269234375 0.5501602562500001 0.2293269234375 0.5501602562500001 0.32139423125 0.6725961541666667 0.32139423125 0.6725961541666667 0.2293269234375
4 0.6097756416666668 0.325841346875 0.5100961541666666 0.325841346875 0.5100961541666666 0.40084134687499995 0.6097756416666668 0.40084134687499995 0.6097756416666668 0.325841346875
4 0.45304487083333334 0.3668269234375 0.36041666666666666 0.3668269234375 0.36041666666666666 0.4362980765625 0.45304487083333334 0.4362980765625 0.45304487083333334 0.3668269234375
4 0.5671474354166667 0.38605769218749997 0.4774038458333333 0.38605769218749997 0.4774038458333333 0.4540865390625 0.5671474354166667 0.4540865390625 0.5671474354166667 0.38605769218749997
4 0.4360576916666667 0.4233173078125 0.35112179583333336 0.4233173078125 0.35112179583333336 0.47956730781249995 0.4360576916666667 0.47956730781249995 0.4360576916666667 0.4233173078125
4 0.5240384625 0.45240384687499996 0.45064102500000003 0.45240384687499996 0.45064102500000003 0.5043269234375 0.5240384625 0.5043269234375 0.5240384625 0.45240384687499996
4 0.4477564104166667 0.4787259609375 0.3878205125 0.4787259609375 0.3878205125 0.5253605765625 0.4477564104166667 0.5253605765625 0.4477564104166667 0.4787259609375
5 0.06698717916666667 0.728966346875 0.025 0.728966346875 0.025 0.7621394234375 0.06698717916666667 0.7621394234375 0.06698717916666667 0.728966346875
3 0.5381410249999999 0.837259615625 0.45769230833333335 0.837259615625 0.45769230833333335 0.9052884609375 0.5381410249999999 0.9052884609375 0.5381410249999999 0.837259615625
5 0.4655448708333333 0.7430288468749999 0.40240384583333333 0.7430288468749999 0.40240384583333333 0.79423076875 0.4655448708333333 0.79423076875 0.4655448708333333 0.7430288468749999
4 0.43157051249999995 0.7766826921875001 0.38253205208333335 0.7766826921875001 0.38253205208333335 0.8137019234375 0.43157051249999995 0.8137019234375 0.43157051249999995 0.7766826921875001
4 0.4059294875 0.792427884375 0.34567307708333334 0.792427884375 0.34567307708333334 0.8390625 0.4059294875 0.8390625 0.4059294875 0.792427884375
4 0.39326923124999996 0.835216346875 0.338141025 0.835216346875 0.338141025 0.8844951921875 0.39326923124999996 0.8844951921875 0.39326923124999996 0.835216346875
4 0.4774038458333333 0.8837740390625 0.40913461458333333 0.8837740390625 0.40913461458333333 0.9405048078125 0.4774038458333333 0.9405048078125 0.4774038458333333 0.8837740390625
4 0.431891025 0.9358173078125 0.37419871875 0.9358173078125 0.37419871875 0.981490384375 0.431891025 0.981490384375 0.431891025 0.9358173078125
4 0.4834935895833333 0.9513221156249999 0.41266025624999997 0.9513221156249999 0.41266025624999997 0.9996394234375 0.4834935895833333 0.9996394234375 0.4834935895833333 0.9513221156249999
4 0.500641025 0.7671875 0.46858974375 0.7671875 0.46858974375 0.7953125 0.500641025 0.7953125 0.500641025 0.7671875
4 0.5381410249999999 0.731490384375 0.49262820416666664 0.731490384375 0.49262820416666664 0.7665865390625 0.5381410249999999 0.7665865390625 0.5381410249999999 0.731490384375
3 0.6006410249999999 0.762259615625 0.5419871791666666 0.762259615625 0.5419871791666666 0.809375 0.6006410249999999 0.809375 0.6006410249999999 0.762259615625
5 0.5636217958333333 0.8157451921875 0.5174679479166666 0.8157451921875 0.5174679479166666 0.8563701921875 0.5636217958333333 0.8563701921875 0.5636217958333333 0.8157451921875
5 0.6974358979166666 0.882091346875 0.6278846145833333 0.882091346875 0.6278846145833333 0.9371394234375 0.6974358979166666 0.9371394234375 0.6974358979166666 0.882091346875
5 0.7217948708333334 0.7921875 0.6583333333333333 0.7921875 0.6583333333333333 0.8433894234375 0.7217948708333334 0.8433894234375 0.7217948708333334 0.7921875
4 0.6605769229166667 0.697115384375 0.6041666666666666 0.697115384375 0.6041666666666666 0.7413461531250001 0.6605769229166667 0.7413461531250001 0.6605769229166667 0.697115384375
4 0.5868589750000001 0.720552884375 0.5310897437500001 0.720552884375 0.5310897437500001 0.76141826875 0.5868589750000001 0.76141826875 0.5868589750000001 0.720552884375