4 0.9385018037578289 0.5658254703125001 0.8181914739039666 0.5642537328125 0.8162209958246346 0.6487437875000001 0.9365313256784968 0.650315525 0.9385018037578289 0.5658254703125001
4 0.9839329081419623 0.6199359062500001 0.9058093173277662 0.6189152984375 0.9045615762004175 0.6724159203125 0.9826851670146137 0.673436528125 0.9839329081419623 0.6199359062500001
4 0.8871915845511482 0.864323525 0.8422705198329854 0.863736675 0.8416909665970773 0.888586690625 0.8866120313152401 0.889173540625 0.8871915845511482 0.864323525
4 0.8333139206680585 0.77866520625 0.7231596576200418 0.7772261484375 0.7212369081419625 0.85966973125 0.8313911711899792 0.8611087890625001 0.8333139206680585 0.77866520625
4 0.739254974947808 0.5562038921875 0.6560533507306889 0.55511694375 0.6542260563674321 0.6334675828125 0.7374276805845512 0.6345545312499999 0.739254974947808 0.5562038921875
4 0.7319922338204593 0.6833213687499999 0.6062132526096033 0.6816781890625 0.6039086805845512 0.780493546875 0.7296876617954071 0.7821367265625 0.7319922338204593 0.6833213687499999
4 0.675558407098121 0.5397261 0.5005615636743215 0.5374399375000001 0.49765016701461373 0.6622747234374999 0.6726470104384134 0.6645608859375 0.675558407098121 0.5397261
4 0.7424790626304801 0.14989757343750001 0.5709977787056367 0.1476573375 0.5680181983298539 0.2754156546875 0.7394994822546973 0.2776558890625 0.7424790626304801 0.14989757343750001
4 0.5601328162839249 0.2951987078125 0.3519334446764092 0.2924787859375 0.34851067849686845 0.4392400578125 0.5567100501043841 0.44195997968749995 0.5601328162839249 0.2951987078125
4 0.48393770354906057 0.1444728875 0.3198781607515658 0.142329609375 0.31715767432150316 0.2589785078125 0.48121721711899795 0.2611217859375 0.48393770354906057 0.1444728875
4 0.42412661795407103 0.271342534375 0.3249096576200417 0.2700463609375 0.323007363256785 0.351612884375 0.4222243235908142 0.3529090578125 0.42412661795407103 0.271342534375
4 0.3643924133611691 0.35303086562499997 0.26830039457202504 0.3517755171875 0.26663673903966595 0.42310968125 0.36272875574112734 0.4243650296875 0.3643924133611691 0.35303086562499997
4 0.26132579331941547 0.36601406875000003 0.1171877682672234 0.364131046875 0.1143718267223382 0.4848728890625 0.2585098517745303 0.4867559109375 0.26132579331941547 0.36601406875000003
4 0.2589871294363257 0.46629119062499996 0.13789556367432151 0.46470924843750006 0.13632736534446765 0.5319504671875 0.25741892901878916 0.5335324109374999 0.2589871294363257 0.46629119062499996
4 0.2767978496868476 0.5235501015625 0.14203465553235908 0.5217895515625 0.13971644676409184 0.621189615625 0.2744796409185804 0.6229501640625 0.2767978496868476 0.5235501015625
4 0.48075592066805845 0.791898353125 0.38544513778705636 0.7906532109375 0.38368602713987476 0.8660803171874999 0.47899680793319416 0.8673254609375001 0.48075592066805845 0.791898353125
4 0.37727605010438414 0.67181495625 0.2331380229645094 0.6699319328125 0.2304993549060543 0.7830725937499999 0.374637382045929 0.7849556171875001 0.37727605010438414 0.67181495625
4 0.30718443423799585 0.6447257 0.1935146075156576 0.643240715625 0.19168731315240084 0.721591353125 0.30535713987473906 0.7230763390625 0.30718443423799585 0.6447257