4 1 0.8015161109375001 0.9035151022964509 0.8142491968750001 0.925000260960334 0.90544509375 1 0.8955473984375001 1 0.8015161109375001
4 0.7573369436325678 0.8698452671875 0.7810786784968685 0.9706194296874999 0.9126605073068893 0.9532546125 0.8889187745302715 0.8524804484375 0.7573369436325678 0.8698452671875
4 0.5584475427974948 1 0.6172322630480167 0.9922421968749999 0.6007687849686848 0.9223613171875 0.43313713987473906 0.94448361875 0.4462164363256785 1 0.5584475427974948 1
4 0.43264915031315243 1 0.40106820668058457 0.865951525 0.19810774112734864 0.8927361609375 0.22337840083507307 1 0.43264915031315243 1
3 0.6221479478079333 0.6715254421875 0.2984205970772443 0.7142476515625 0.3581086513569937 0.9675995640625 0.681836 0.9248773546875 0.6221479478079333 0.6715254421875
5 0.7301945678496868 0.697049028125 0.5834718162839249 0.7164119890625 0.6214840167014615 0.8777585734375 0.7682067682672234 0.8583956125000001 0.7301945678496868 0.697049028125
4 0.8273257286012525 0.694384921875 0.7015118684759917 0.7109885421875 0.715623419624217 0.7708864375 0.841437279749478 0.7542828171875 0.8273257286012525 0.694384921875
4 0.8983563987473905 0.7316093671874999 0.8327457327766179 0.7402679890625 0.8559471607515657 0.8387487640625 0.9215578267223382 0.83009014375 0.8983563987473905 0.7316093671874999
4 0.8192503736951984 0.6167202859375001 0.6627941711899791 0.63736776875 0.6870126471816284 0.7401655078125 0.8434688496868475 0.7195180265625 0.8192503736951984 0.6167202859375001
3 0.8567337244258872 0.48630583749999995 0.6660301941544885 0.5114729296875 0.7011183799582464 0.6604082390625 0.8918219081419625 0.635241146875 0.8567337244258872 0.48630583749999995
3 0.7346291085594989 0.3979561984375 0.516527720250522 0.42673897812500006 0.5562561899791232 0.5953704421875 0.7743575803757828 0.5665876625 0.7346291085594989 0.3979561984375
4 0.6140793256784969 0.272818190625 0.4010249123173278 0.3009349234375 0.44164329853862216 0.47334373125000007 0.6546977118997913 0.44522700000000004 0.6140793256784969 0.272818190625
4 0.6325340167014614 0.23991993125 0.45913440083507306 0.26280343125 0.48920090814196243 0.3904237234375 0.6626005240083507 0.3675402234375 0.6325340167014614 0.23991993125
4 0.5274269269311065 0.08645414375 0.32771094572025056 0.1128106078125 0.3667401941544885 0.27847415781249996 0.5664561774530271 0.2521176953125 0.5274269269311065 0.08645414375
5 0.12431805427974947 0.1843032609375 0.05618390187891441 0.19329490625 0.07004119415448852 0.2521135625 0.1381753465553236 0.24312191562500002 0.12431805427974947 0.1843032609375
5 0 0.2299203828125 0.07583621920668059 0.21991229843750001 0.06210606054279749 0.1616332640625 0 0.169829384375 0 0.2299203828125
3 0 0.1813746453125 0.08132694572025052 0.1706419515625 0.06518129645093947 0.1021101234375 0 0.1107120828125 0 0.1813746453125
5 0 0.26441706875 0.03342885594989562 0.260005471875 0.021287835073068893 0.2084716953125 0 0.21128104531249997 0 0.26441706875
3 0 0.102505209375 0.034466258872651354 0.09795670625 0.02435933611691023 0.05505686093749999 0 0.05827155625 0 0.102505209375
4 0.08719037995824636 0.11269824531249999 0.043930599164926934 0.1184072265625 0.059186331941544885 0.183161709375 0.1024461127348643 0.177452728125 0.08719037995824636 0.11269824531249999
4 0.09497683298538623 0.090527540625 0.02612168267223382 0.09961433593749999 0.03788131106471816 0.14952924843749998 0.1067364592901879 0.140442453125 0.09497683298538623 0.090527540625