4 0.22698747807933195 0.8544084 0.3524338935281837 0.8560472359375 0.35480762839248436 0.754266334375 0.22936121294363254 0.7526274984375 0.22698747807933195 0.8544084
5 0.30315538204592907 0.6452462484375 0.4518730146137787 0.6471891000000001 0.45452601252609603 0.5334339734375 0.30580837995824633 0.531491121875 0.30315538204592907 0.6452462484375
3 0.19236762839248434 0.5843178906250001 0.3429033256784969 0.5862844921875 0.34572768893528183 0.4651815453125 0.19519199164926931 0.46321494375 0.19236762839248434 0.5843178906250001
5 0.17623211064718164 0.5353789328125 0.27549840501043843 0.53667575 0.27741516492693113 0.45448903281249997 0.17814887056367432 0.453192215625 0.17623211064718164 0.5353789328125
5 0.6985034405010438 0.5603048203125 0.864310872651357 0.5624709328125 0.86692578914405 0.4503486546875 0.7011183569937369 0.44818254218750003 0.6985034405010438 0.5603048203125
5 0.5774415762004176 0.4954310984375 0.6985246388308977 0.49701293125 0.7008666409185804 0.3965927359375 0.5797835762004175 0.395010903125 0.5774415762004176 0.4954310984375
4 0.9994414843423799 0.52721376875 0.8493568935281837 0.525253059375 0.8467483235908142 0.6371031953124999 0.9968329144050104 0.6390639046875 0.9994414843423799 0.52721376875
4 0.5581018058455115 0.5916819828125 0.6791848663883089 0.5932638140625001 0.6813428079331941 0.500735721875 0.5602597473903966 0.49915388906249997 0.5581018058455115 0.5916819828125
4 0.512557668058455 0.56386455625 0.5918252588726514 0.564900109375 0.5935198768267224 0.49223834218749996 0.5142522881002087 0.49120278749999996 0.512557668058455 0.56386455625
4 0.580411885177453 0.6098041390625 0.6734967599164926 0.6110202015625 0.674455139874739 0.5699268421875 0.5813702630480168 0.5687107796875 0.580411885177453 0.6098041390625
4 0.49408672442588725 0.48250038906250003 0.5878988246346556 0.483725953125 0.5896886471816284 0.4069820625 0.49587654697286015 0.4057565 0.49408672442588725 0.48250038906250003
5 0.6255861920668058 0.4507347046875 0.751032605427975 0.452373540625 0.7531905469728601 0.3598454453125 0.6277441315240083 0.3582066109375 0.6255861920668058 0.4507347046875
5 0.5194800563674322 0.3840146828125 0.6398358914405011 0.3855870140625 0.6420255678496868 0.2916982125 0.5216697306889353 0.29012588125 0.5194800563674322 0.3840146828125
3 0.541250872651357 0.292695596875 0.6583341941544886 0.2942251765625 0.6603271169102297 0.2087727609375 0.5432437954070981 0.20724318125000002 0.541250872651357 0.292695596875
3 0.6449386576200418 0.35393953906250003 0.7871112588726514 0.3557968859375 0.7896944425887266 0.24503531406249998 0.6475218392484342 0.2431779671875 0.6449386576200418 0.35393953906250003
5 0.7493344363256785 0.3068474296875 0.833692605427975 0.3079494875 0.8356284050104384 0.22494634375000003 0.751270235908142 0.2238442859375 0.7493344363256785 0.3068474296875
5 0.8077337056367432 0.2903241125 0.9735411377870564 0.292490225 0.9761052797494781 0.182545078125 0.8102978455114823 0.180378965625 0.8077337056367432 0.2903241125
5 0.8549889269311065 0.3305501015625 0.9542552212943632 0.33184691875 0.955664229645094 0.271431515625 0.8563979352818372 0.27013469843750004 0.8549889269311065 0.3305501015625