4 0.6777794458333334 0.8920619625 0.6891456104166667 0.989498846875 0.8949323083333333 0.97599584375 0.8835661458333333 0.8785589609375 0.6777794458333334 0.8920619625
4 1 0.848664234375 0.8898240916666667 0.8558935921874999 0.9037665854166667 0.97541616875 1 0.9691016687499999 1 0.848664234375
4 0.43099373333333335 1 0.41640227500000004 0.8749141312500001 0.25010999166666664 0.8858256484375 0.26342860625 1 0.43099373333333335 1
4 0.5242293625000001 0.7832708687500001 0.41648582083333335 0.7903406234375 0.42848848958333335 0.8932339718750001 0.53623203125 0.88616421875 0.5242293625000001 0.7832708687500001
3 0.6486641645833333 0.68137415 0.4629711166666667 0.6935586781249999 0.48030830625000004 0.8421824046875 0.6660013520833333 0.8299978765624999 0.6486641645833333 0.68137415
3 0.43312266666666666 0.714499215625 0.22525731666666668 0.7281386125 0.24353410833333333 0.8848171203125 0.45139945833333334 0.8711777250000001 0.43312266666666666 0.714499215625
3 0.35644413125 0.577885696875 0.18010502291666666 0.5894564515625 0.19804840625 0.7432768109375 0.37438751458333336 0.73170605625 0.35644413125 0.577885696875
4 0.5346703729166666 0.48672858906250005 0.39921145208333336 0.49561692968750004 0.40978956250000004 0.586298190625 0.5452484833333333 0.57740985 0.5346703729166666 0.48672858906250005
5 0.47454434791666666 0.411211325 0.28122957083333333 0.42389596249999995 0.29850613958333333 0.5720000265625 0.49182091666666666 0.5593153875 0.47454434791666666 0.411211325
4 0.3632694041666667 0.408956346875 0.22469250416666667 0.418049278125 0.23878654583333334 0.5388710140625 0.37736344791666665 0.529778084375 0.3632694041666667 0.408956346875
3 0.2546080895833333 0.3961879640625 0.1697297375 0.401757384375 0.17803461458333333 0.47295126718749997 0.26291296666666664 0.46738184687500006 0.2546080895833333 0.3961879640625
3 0.2707573875 0.34459694375 0.20216182291666665 0.3490979453125 0.20998174166666667 0.416134521875 0.27857730833333333 0.4116335203125 0.2707573875 0.34459694375
4 0.4138730583333333 0.31007142656250003 0.25208452708333334 0.3206874234375 0.2646327708333333 0.42825774375 0.4264213041666667 0.41764174687500005 0.4138730583333333 0.31007142656250003
3 0.19308797083333334 0.298245609375 0.09539125624999999 0.304656125 0.10569657708333334 0.3929989 0.20339329166666667 0.386588384375 0.19308797083333334 0.298245609375
3 0.2931796291666667 0.2809433046875 0.16049224583333332 0.2896497859375 0.17088849791666666 0.37877205625 0.3035758791666667 0.37006557500000004 0.2931796291666667 0.2809433046875
4 0.4520825291666667 0.22613807656249998 0.30553745833333334 0.2357538515625 0.31841911041666665 0.34618231875 0.46496418125 0.33656654375 0.4520825291666667 0.22613807656249998
4 0.5885716708333334 0.24702967656250002 0.43267265625 0.2572592234375 0.4479790895833334 0.38847422656249997 0.6038781041666667 0.3782446796875 0.5885716708333334 0.24702967656250002
4 0.6843055520833333 0.1699255046875 0.5332567312500001 0.1798367984375 0.5466233395833334 0.294422575 0.6976721604166667 0.28451128125 0.6843055520833333 0.1699255046875
4 0.67948645625 0.11813943593750001 0.5672391666666667 0.12550471093749999 0.5751500166666667 0.19332078125000002 0.6873973062500001 0.1859555078125 0.67948645625 0.11813943593750001
4 0.5752806791666667 0.1435663109375 0.45229367708333335 0.1516362875 0.4626899291666666 0.24075855625 0.58567693125 0.2326885796875 0.5752806791666667 0.1435663109375
4 0.5798217250000001 0.1106716890625 0.48524298958333334 0.1168776140625 0.4916989708333333 0.1722217640625 0.58627770625 0.16601583749999999 0.5798217250000001 0.1106716890625
4 0.36691945625 0.1589400765625 0.24289312916666667 0.16707825 0.25444115 0.26607412343750003 0.37846747708333334 0.25793594999999997 0.36691945625 0.1589400765625
3 0.3932643791666666 0.14686950468749999 0.3374871770833333 0.15052940937499998 0.34300355416666667 0.19781877812499998 0.3987807583333333 0.1941588734375 0.3932643791666666 0.14686950468749999
4 0.36294871875 0.1353749578125 0.31236815 0.1386938765625 0.31594470208333336 0.16935401562500002 0.36652527083333336 0.1660350953125 0.36294871875 0.1353749578125
4 0.2789834291666667 0.1861794125 0.22320622708333332 0.1898393171875 0.2318142 0.2636315171875 0.2875914041666666 0.2599716125 0.2789834291666667 0.1861794125
4 0.26358331875 0.093065440625 0.17558698541666665 0.0988394515625 0.184861775 0.17834795 0.27285810833333335 0.17257393906250001 0.26358331875 0.093065440625
3 0.2508367229166667 0.2172192890625 0.21792471041666667 0.21937885937499998 0.22241055625 0.25783394843749996 0.25532256875 0.255674378125 0.2508367229166667 0.2172192890625
3 0.23110773125 0.158818759375 0.16874812708333334 0.162910578125 0.17474946249999998 0.21435725312499998 0.23710906666666667 0.21026543437499998 0.23110773125 0.158818759375
4 0.22325985833333334 0.2232179140625 0.13560996666666666 0.22896919375000002 0.14361174583333333 0.29756475781249997 0.23126163749999998 0.2918134796875 0.22325985833333334 0.2232179140625
3 0.1796652979166667 0.168216103125 0.0705359875 0.1753767859375 0.0803866625 0.2598220859375 0.1895159729166667 0.25266140312499996 0.1796652979166667 0.168216103125
4 0.17375214374999998 0.15642945 0.07432321666666668 0.162953628125 0.07889999166666667 0.2021882125 0.17832891875 0.19566403593749998 0.17375214374999998 0.15642945
3 0.33717795208333334 0.5563714921875 0.3091161291666667 0.558212809375 0.3131776375 0.5930302562499999 0.34123946041666664 0.5911889375 0.33717795208333334 0.5563714921875
3 0.27039084166666666 0.5299899171875 0.24752565416666666 0.5314902515625 0.2524055270833333 0.573323153125 0.27527071458333335 0.5718228203125 0.27039084166666666 0.5299899171875
3 0.5504995333333333 0.5580833078125 0.5110051166666667 0.56067479375 0.5141876416666666 0.5879571203125 0.5536820583333333 0.585365634375 0.5504995333333333 0.5580833078125