4 0.23894230833333333 0.01141826875 0.1322115375 0.01141826875 0.1322115375 0.09122596093749999 0.23894230833333333 0.09122596093749999 0.23894230833333333 0.01141826875
4 0 0 0 0.0545673078125 0.14679487083333334 0.0545673078125 0.14679487083333334 0 0 0
3 0.6474358979166667 0.46081730781249997 0.5089743583333334 0.46081730781249997 0.5089743583333334 0.558653846875 0.6474358979166667 0.558653846875 0.6474358979166667 0.46081730781249997
5 0.40112179583333335 0.4637019234375 0.25977564166666667 0.4637019234375 0.25977564166666667 0.5689903843749999 0.40112179583333335 0.5689903843749999 0.40112179583333335 0.4637019234375
5 0.51826923125 0.44230769218750005 0.39839743541666667 0.44230769218750005 0.39839743541666667 0.528846153125 0.51826923125 0.528846153125 0.51826923125 0.44230769218750005
4 0.48381410208333336 0.5311298078125 0.40881410208333335 0.5311298078125 0.40881410208333335 0.6097355765625 0.48381410208333336 0.6097355765625 0.48381410208333336 0.5311298078125
4 0.5764423083333334 0.544591346875 0.4540064104166667 0.544591346875 0.4540064104166667 0.6419471156250001 0.5764423083333334 0.6419471156250001 0.5764423083333334 0.544591346875
4 0.425 0.5402644234375 0.30512820416666664 0.5402644234375 0.30512820416666664 0.6306490390625 0.425 0.6306490390625 0.425 0.5402644234375
5 0.70544871875 0.321634615625 0.6714743583333332 0.321634615625 0.6714743583333332 0.349759615625 0.70544871875 0.349759615625 0.70544871875 0.321634615625
5 0.8012820520833334 0.369591346875 0.7583333333333333 0.369591346875 0.7583333333333333 0.40132211562500003 0.8012820520833334 0.40132211562500003 0.8012820520833334 0.369591346875
4 0.68830128125 0.3418269234375 0.655608975 0.3418269234375 0.655608975 0.371153846875 0.68830128125 0.371153846875 0.68830128125 0.3418269234375