4 0.8578042333333333 0.3587549609375 0.7668650791666667 0.3587549609375 0.7668650791666667 0.4217509921875 0.8578042333333333 0.4217509921875 0.8578042333333333 0.3587549609375
4 0.8050595229166666 0.41480654687499996 0.7104828041666666 0.41480654687499996 0.7104828041666666 0.47854662656249997 0.8050595229166666 0.47854662656249997 0.8050595229166666 0.41480654687499996
4 0.6765873020833334 0.262896825 0.60714285625 0.262896825 0.60714285625 0.343501984375 0.6765873020833334 0.343501984375 0.6765873020833334 0.262896825
4 0.6337632270833333 0.2321428578125 0.5209986770833334 0.2321428578125 0.5209986770833334 0.3196924609375 0.6337632270833333 0.3196924609375 0.6337632270833333 0.2321428578125
4 0.5426587291666666 0.151413690625 0.43187830625 0.151413690625 0.43187830625 0.226314484375 0.5426587291666666 0.226314484375 0.5426587291666666 0.151413690625
4 0.5737433854166666 0.26512896874999997 0.46924603125 0.26512896874999997 0.46924603125 0.3457341265625 0.5737433854166666 0.3457341265625 0.5737433854166666 0.26512896874999997
4 0.4616402125 0.21044146874999997 0.36706349166666663 0.21044146874999997 0.36706349166666663 0.2910466265625 0.4616402125 0.2910466265625 0.4616402125 0.21044146874999997
4 0.4535383604166666 0.29774305624999997 0.36061507916666663 0.29774305624999997 0.36061507916666663 0.3743799609375 0.4535383604166666 0.3743799609375 0.4535383604166666 0.29774305624999997
4 0.39351851875 0.3385416671875 0.3389550270833333 0.3385416671875 0.3389550270833333 0.3799603171875 0.39351851875 0.3799603171875 0.39351851875 0.3385416671875
4 0.5773809520833333 0.34474206406249996 0.49570105833333333 0.34474206406249996 0.49570105833333333 0.40997023749999995 0.5773809520833333 0.40997023749999995 0.5773809520833333 0.34474206406249996
4 0.6588955020833333 0.4010416671875 0.5914351854166667 0.4010416671875 0.5914351854166667 0.46006944375 0.6588955020833333 0.46006944375 0.6588955020833333 0.4010416671875
4 0.6154100520833333 0.42584325468750006 0.5350529104166667 0.42584325468750006 0.5350529104166667 0.481646825 0.6154100520833333 0.481646825 0.6154100520833333 0.42584325468750006
4 0.6013558208333334 0.498883928125 0.5057870375 0.498883928125 0.5057870375 0.5623759921875 0.6013558208333334 0.5623759921875 0.6013558208333334 0.498883928125
4 0.343088625 0.354290675 0.27033730208333334 0.354290675 0.27033730208333334 0.4086061515625 0.343088625 0.4086061515625 0.343088625 0.354290675
4 0.3014219583333333 0.3126240078125 0.2273478833333333 0.3126240078125 0.2273478833333333 0.373387896875 0.3014219583333333 0.373387896875 0.3014219583333333 0.3126240078125
4 0.38359788333333333 0.4384920640625 0.34953703750000004 0.4384920640625 0.34953703750000004 0.47867063437499996 0.38359788333333333 0.47867063437499996 0.38359788333333333 0.4384920640625
4 0.17443783125 0.18663194375 0.07060185208333333 0.18663194375 0.07060185208333333 0.257068453125 0.17443783125 0.257068453125 0.17443783125 0.18663194375
4 0.17625661458333333 0.2632688484375 0.10218253958333333 0.2632688484375 0.10218253958333333 0.3148561515625 0.17625661458333333 0.3148561515625 0.17625661458333333 0.2632688484375
4 0.20337301666666668 0.28571428593750003 0.16038359791666668 0.28571428593750003 0.16038359791666668 0.328373015625 0.20337301666666668 0.328373015625 0.20337301666666668 0.28571428593750003
4 0.4568452375 0.6961805562500001 0.37946428541666666 0.6961805562500001 0.37946428541666666 0.7604166671875 0.4568452375 0.7604166671875 0.4568452375 0.6961805562500001
4 0.4710648145833333 0.6235119046875 0.39401454999999996 0.6235119046875 0.39401454999999996 0.6825396828125 0.4710648145833333 0.6825396828125 0.4710648145833333 0.6235119046875
4 0.1005291 0.7335069437499999 0.042989418749999994 0.7335069437499999 0.042989418749999994 0.775917659375 0.1005291 0.775917659375 0.1005291 0.7335069437499999
4 0.14996693125 0.741939484375 0.105324075 0.741939484375 0.105324075 0.775917659375 0.14996693125 0.775917659375 0.14996693125 0.741939484375
5 0.03422618958333334 0.6595982140625 0.00082671875 0.6595982140625 0.00082671875 0.707961309375 0.03422618958333334 0.707961309375 0.03422618958333334 0.6595982140625
4 0.20469576666666667 0.739707340625 0.15343915416666667 0.739707340625 0.15343915416666667 0.7749255953125 0.20469576666666667 0.7749255953125 0.20469576666666667 0.739707340625
4 0.24041005208333335 0.755084325 0.19808201041666665 0.755084325 0.19808201041666665 0.785590278125 0.24041005208333335 0.785590278125 0.24041005208333335 0.755084325
4 0.6259920625 0.67646329375 0.5254629625 0.67646329375 0.5254629625 0.7600446421875 0.6259920625 0.7600446421875 0.6259920625 0.67646329375
4 0.54976851875 0.6744791671875 0.4905753958333333 0.6744791671875 0.4905753958333333 0.730034721875 0.54976851875 0.730034721875 0.54976851875 0.6744791671875
4 0.56845238125 0.607762896875 0.4904100520833333 0.607762896875 0.4904100520833333 0.6692708328125 0.56845238125 0.6692708328125 0.56845238125 0.607762896875
4 0.6319444437499999 0.7256944437499999 0.5773809520833333 0.7256944437499999 0.5773809520833333 0.7700892859375 0.6319444437499999 0.7700892859375 0.6319444437499999 0.7256944437499999
4 0.51273148125 0.742435515625 0.48759920625 0.742435515625 0.48759920625 0.7630208328125 0.51273148125 0.7630208328125 0.51273148125 0.742435515625
4 0.59375 0.83916170625 0.5649801583333333 0.83916170625 0.5649801583333333 0.8634672625 0.59375 0.8634672625 0.59375 0.83916170625
4 0.6708002645833333 0.59325396875 0.5785383604166667 0.59325396875 0.5785383604166667 0.6644345234375 0.6708002645833333 0.6644345234375 0.6708002645833333 0.59325396875
4 0.69295635 0.93700396875 0.6307870375 0.93700396875 0.6307870375 0.9858630953124999 0.69295635 0.9858630953124999 0.69295635 0.93700396875
4 0.8239087291666666 0.8045634921874999 0.7958002645833333 0.8045634921874999 0.7958002645833333 0.8268849203125 0.8239087291666666 0.8268849203125 0.8239087291666666 0.8045634921874999
4 0.7739748687500001 0.674603175 0.6853505291666667 0.674603175 0.6853505291666667 0.7457837296875 0.7739748687500001 0.7457837296875 0.7739748687500001 0.674603175
4 0.5304232812499999 0.8778521828124999 0.5033068791666666 0.8778521828124999 0.5033068791666666 0.8964533734375 0.5304232812499999 0.8964533734375 0.5304232812499999 0.8778521828124999