1 0.7996804854166667 0.8086581203125001 0.9338845979166667 0.7835624875 0.8907201104166667 0.6537200109375 0.7565159979166667 0.6788156421875 0.7996804854166667 0.8086581203125001
1 0.13067129583333334 0.8860515187500001 0.22226560208333332 0.8689237500000001 0.20059970624999998 0.803750878125 0.1090054 0.820878646875 0.13067129583333334 0.8860515187500001
1 0.6275675395833333 0.7368724546875 0.8459847312500001 0.6960293125 0.7965463354166666 0.5473143796875 0.5781291437499999 0.588157521875 0.6275675395833333 0.7368724546875
1 0.044883243749999996 0.6810568531250001 0.05142569583333333 0.6798334406250001 0.04063457291666666 0.647372821875 0.034092120833333336 0.648596234375 0.044883243749999996 0.6810568531250001
1 0.32319511458333333 0.72122363125 0.43089391250000003 0.7010843859375 0.40412523749999996 0.6205619203125 0.29642643958333337 0.6407011640625 0.32319511458333333 0.72122363125
1 0.22780049791666668 0.7199518578124999 0.37576053125000003 0.6922839234375 0.33544021458333334 0.5709969578125 0.18748018125000002 0.5986648921875 0.22780049791666668 0.7199518578124999
1 0.3242719875 0.6376323609375001 0.43129976666666664 0.61761859375 0.4072916125 0.54540000625 0.30026383333333334 0.5654137734375 0.3242719875 0.6376323609375001
1 0.39297333125 0.220397928125 0.5187896854166667 0.196870771875 0.4793058895833333 0.0781001328125 0.35348953541666667 0.1016272890625 0.39297333125 0.220397928125
1 0.296187525 0.27765231875 0.41965530625 0.2545643375 0.38778385416666666 0.1586922765625 0.26431607291666664 0.1817802578125 0.296187525 0.27765231875
1 0.28520045833333335 0.1792113375 0.39860293333333335 0.158005528125 0.36773530416666667 0.0651530578125 0.25433283125 0.0863588671875 0.28520045833333335 0.1792113375
2 0.19830768541666668 0.0411084421875 0.21424341041666667 0.08904447343750001 0.28168097708333334 0.0764339171875 0.26574525 0.028497887500000003 0.19830768541666668 0.0411084421875
2 0 0.3032401171875 0.011459364583333333 0.33771086875 0.07151570625 0.3264805734375 0.056541979166666666 0.2814383171875 0 0.292011440625 0 0.3032401171875
1 0 0.29305628437500003 0.0006349833333333334 0.29496636875000004 0.05632969166666667 0.28455168125 0.043865527083333335 0.24705840625 0 0.255261084375 0 0.29305628437500003
1 0.028485395833333333 0.5347162812499999 0.12611888541666666 0.516459209375 0.10478760000000001 0.45229286875 0.007154108333333333 0.4705499421875 0.028485395833333333 0.5347162812499999
2 0 0.448501140625 0.031204760416666665 0.442665975 0.02091555 0.41171515156250005 0 0.415626275 0 0.448501140625