3 0.4342948708333333 0.39266826875 0.3471153854166667 0.39266826875 0.3471153854166667 0.45420673125000005 0.4342948708333333 0.45420673125000005 0.4342948708333333 0.39266826875
3 0.4092948708333333 0.4171875 0.29935897499999997 0.4171875 0.29935897499999997 0.4974759609375 0.4092948708333333 0.4974759609375 0.4092948708333333 0.4171875
3 0.6084935895833333 0.28125 0.519391025 0.28125 0.519391025 0.347115384375 0.6084935895833333 0.347115384375 0.6084935895833333 0.28125
3 0.13557692291666665 0.2515625 0.06410256458333334 0.2515625 0.06410256458333334 0.3099759609375 0.13557692291666665 0.3099759609375 0.13557692291666665 0.2515625
5 0.07788461458333333 0.2628605765625 0.024358975 0.2628605765625 0.024358975 0.3087740390625 0.07788461458333333 0.3087740390625 0.07788461458333333 0.2628605765625
4 0.15961538541666667 0.3165865390625 0.0996794875 0.3165865390625 0.0996794875 0.36298076875 0.15961538541666667 0.36298076875 0.15961538541666667 0.3165865390625
4 0.10016025625 0.334615384375 0.044391025 0.334615384375 0.044391025 0.37860576875 0.10016025625 0.37860576875 0.10016025625 0.334615384375
4 0.16650641041666667 0.3625 0.10817307708333333 0.3625 0.10817307708333333 0.4009615390625 0.16650641041666667 0.4009615390625 0.16650641041666667 0.3625
4 0.10432692291666666 0.374278846875 0.05016025625 0.374278846875 0.05016025625 0.4084134609375 0.10432692291666666 0.4084134609375 0.10432692291666666 0.374278846875
4 0.15256410208333332 0.4006009609375 0.10256410208333334 0.4006009609375 0.10256410208333334 0.43545673125000006 0.15256410208333332 0.43545673125000006 0.15256410208333332 0.4006009609375
4 0.11570512916666667 0.412259615625 0.07275641041666667 0.412259615625 0.07275641041666667 0.44230769218750005 0.11570512916666667 0.44230769218750005 0.11570512916666667 0.412259615625
3 0.7971153854166667 0.2646634609375 0.7163461541666667 0.2646634609375 0.7163461541666667 0.3384615390625 0.7971153854166667 0.3384615390625 0.7971153854166667 0.2646634609375
5 0.6666666666666666 0.359375 0.59455128125 0.359375 0.59455128125 0.41394230781249997 0.6666666666666666 0.41394230781249997 0.6666666666666666 0.359375
5 0.81923076875 0.37548076875 0.7407051291666666 0.37548076875 0.7407051291666666 0.431009615625 0.81923076875 0.431009615625 0.81923076875 0.37548076875
3 0.6173076916666667 0.47259615312500003 0.5346153854166666 0.47259615312500003 0.5346153854166666 0.5384615390625 0.6173076916666667 0.5384615390625 0.6173076916666667 0.47259615312500003
4 0.68766025625 0.4568509609375 0.6341346145833333 0.4568509609375 0.6341346145833333 0.49699519218750005 0.68766025625 0.49699519218750005 0.68766025625 0.4568509609375
4 0.7855769229166667 0.42668269218750005 0.7221153854166666 0.42668269218750005 0.7221153854166666 0.4706730765625 0.7855769229166667 0.4706730765625 0.7855769229166667 0.42668269218750005
3 0.4891025645833333 0.5013221156250001 0.41410256458333333 0.5013221156250001 0.41410256458333333 0.5594951921875 0.4891025645833333 0.5594951921875 0.4891025645833333 0.5013221156250001
5 0.6091346145833333 0.5243990390625 0.5392628208333333 0.5243990390625 0.5392628208333333 0.5703125 0.6091346145833333 0.5703125 0.6091346145833333 0.5243990390625
5 0.41698717916666667 0.5006009609375 0.32083333333333336 0.5006009609375 0.32083333333333336 0.5707932687499999 0.41698717916666667 0.5707932687499999 0.41698717916666667 0.5006009609375
4 0.6668269229166667 0.5641826921875001 0.5899038458333333 0.5641826921875001 0.5899038458333333 0.625 0.6668269229166667 0.625 0.6668269229166667 0.5641826921875001
4 0.5934294875 0.5790865390625 0.5415064104166666 0.5790865390625 0.5415064104166666 0.6245192312500001 0.5934294875 0.6245192312500001 0.5934294875 0.5790865390625
5 0.5461538458333333 0.5782451921875 0.46121794791666665 0.5782451921875 0.46121794791666665 0.63545673125 0.5461538458333333 0.63545673125 0.5461538458333333 0.5782451921875
4 0.6993589750000001 0.6704326921875 0.63173076875 0.6704326921875 0.63173076875 0.725 0.6993589750000001 0.725 0.6993589750000001 0.6704326921875
4 0.48333333333333334 0.604927884375 0.41121794791666666 0.604927884375 0.41121794791666666 0.65516826875 0.48333333333333334 0.65516826875 0.48333333333333334 0.604927884375
4 0.6732371791666666 0.8105769234375 0.6511217958333333 0.8105769234375 0.6511217958333333 0.831009615625 0.6732371791666666 0.831009615625 0.6732371791666666 0.8105769234375
3 0.7070512812499999 0.9764423078125001 0.6516025645833333 0.9764423078125001 0.6516025645833333 0.9997596156249999 0.7070512812499999 0.9997596156249999 0.7070512812499999 0.9764423078125001
4 0.5525641020833334 0.7799278843749999 0.5041666666666667 0.7799278843749999 0.5041666666666667 0.8183894234375 0.5525641020833334 0.8183894234375 0.5525641020833334 0.7799278843749999
4 0.5052884625 0.6572115390625 0.43317307708333336 0.6572115390625 0.43317307708333336 0.714903846875 0.5052884625 0.714903846875 0.5052884625 0.6572115390625
4 0.3453525645833333 0.6034855765625 0.26554487083333334 0.6034855765625 0.26554487083333334 0.661658653125 0.3453525645833333 0.661658653125 0.3453525645833333 0.6034855765625
4 0.35993589791666664 0.6878605765625 0.31858974375 0.6878605765625 0.31858974375 0.721033653125 0.35993589791666664 0.721033653125 0.35993589791666664 0.6878605765625
4 0.2899038458333333 0.7066105765625 0.23125 0.7066105765625 0.23125 0.7530048078125 0.2899038458333333 0.7530048078125 0.2899038458333333 0.7066105765625
3 0.03573717916666667 0.63798076875 0.00048076875 0.63798076875 0.00048076875 0.6790865390625 0.03573717916666667 0.6790865390625 0.03573717916666667 0.63798076875
5 0.12724358958333334 0.711658653125 0.07211538541666668 0.711658653125 0.07211538541666668 0.7498798078125 0.12724358958333334 0.7498798078125 0.12724358958333334 0.711658653125
4 0.17003205208333333 0.725841346875 0.12644230833333334 0.725841346875 0.12644230833333334 0.7609375 0.17003205208333333 0.7609375 0.17003205208333333 0.725841346875
4 0.05496794791666667 0.6871394234375 0.006891024999999999 0.6871394234375 0.006891024999999999 0.7181490390625 0.05496794791666667 0.7181490390625 0.05496794791666667 0.6871394234375
5 0.21586538541666667 0.673677884375 0.16554487083333333 0.673677884375 0.16554487083333333 0.7109375 0.21586538541666667 0.7109375 0.21586538541666667 0.673677884375
4 0.25320512916666665 0.612740384375 0.213141025 0.612740384375 0.213141025 0.6485576921875 0.25320512916666665 0.6485576921875 0.25320512916666665 0.612740384375
4 0.24086538541666666 0.65360576875 0.20304487083333334 0.65360576875 0.20304487083333334 0.683653846875 0.24086538541666666 0.683653846875 0.24086538541666666 0.65360576875
5 0.20432692291666665 0.653846153125 0.15849358958333332 0.653846153125 0.15849358958333332 0.6824519234374999 0.20432692291666665 0.6824519234374999 0.20432692291666665 0.653846153125
4 0.21169871875000001 0.622596153125 0.16650641041666667 0.622596153125 0.16650641041666667 0.6483173078125 0.21169871875000001 0.6483173078125 0.21169871875000001 0.622596153125
4 0.27740384583333333 0.6639423078125 0.24887820416666667 0.6639423078125 0.24887820416666667 0.6865384609375 0.27740384583333333 0.6865384609375 0.27740384583333333 0.6639423078125
4 0.07451923125 0.6449519234375 0.03701923125 0.6449519234375 0.03701923125 0.674278846875 0.07451923125 0.674278846875 0.07451923125 0.6449519234375
4 0 0.7479567312500001 0.026282052083333333 0.7479567312500001 0.026282052083333333 0.7186298078125 0 0.7186298078125 0 0.7479567312500001
4 0.04887820416666667 0.7938701921875 0.019391025 0.7938701921875 0.019391025 0.817908653125 0.04887820416666667 0.817908653125 0.04887820416666667 0.7938701921875
5 0.12467948749999999 0.6118990390625 0.07980769166666667 0.6118990390625 0.07980769166666667 0.64170673125 0.12467948749999999 0.64170673125 0.12467948749999999 0.6118990390625
4 0.08413461458333332 0.6105769234375 0.05849358958333333 0.6105769234375 0.05849358958333333 0.6314903843749999 0.08413461458333332 0.6314903843749999 0.08413461458333332 0.6105769234375
4 0.31137820416666667 0.651802884375 0.27387820416666664 0.651802884375 0.27387820416666664 0.6739182687499999 0.31137820416666667 0.6739182687499999 0.31137820416666667 0.651802884375
4 0.24711538541666667 0.699158653125 0.21217948749999999 0.699158653125 0.21217948749999999 0.7248798078124999 0.24711538541666667 0.7248798078124999 0.24711538541666667 0.699158653125
4 0.25112179583333333 0.7902644234375 0.23285256458333334 0.7902644234375 0.23285256458333334 0.8058894234375 0.25112179583333333 0.8058894234375 0.25112179583333333 0.7902644234375