3 0.6261430416666667 0.7698710109375 0.41481395833333334 0.7560043375000001 0.39354303125 0.9383502015625 0.6048721125000001 0.9522168750000001 0.6261430416666667 0.7698710109375
4 0.5465621312500001 1 0.55121813125 0.9600862640625 0.4939141645833333 0.9563261781250001 0.488958675 0.9988073 0.5071355041666666 1 0.5465621312500001 1
4 0.6084768729166666 1 0.6103007333333333 0.98436488125 0.5529967645833334 0.9806047953125001 0.5507342833333334 1 0.6084768729166666 1
4 0 0.747059725 0.04320379791666666 0.7498946078125 0.04847806041666667 0.704680784375 0 0.7014998234375 0 0.747059725
4 0 0.6788450359375 0.004893168749999999 0.6791661078125 0.009587841666666668 0.6389208375 0 0.6382917171875 0 0.6788450359375
4 0.05739968333333333 0.633922384375 0.008707870833333332 0.6307273984374999 0.0045927875 0.66600411875 0.05328459791666666 0.6691991046875 0.05739968333333333 0.633922384375
3 0.5922323333333334 0.60705976875 0.4352260875 0.59675756875 0.41653433125 0.756993375 0.5735405791666667 0.767295575 0.5922323333333334 0.60705976875
3 0.7339679020833334 0.5723020328125 0.49448369166666667 0.5565879171875 0.47257521458333335 0.7443991875 0.712059425 0.760113303125 0.7339679020833334 0.5723020328125
3 0.7572849625 0.4396555984375 0.5562242187499999 0.426462696875 0.53927123125 0.571792846875 0.740331975 0.5849857484375 0.7572849625 0.4396555984375
3 0.3930518770833333 0.214366109375 0.23107707708333333 0.20373789062499997 0.21629755 0.3304359703125 0.37827235 0.3410641890625 0.3930518770833333 0.214366109375
3 0.5252725708333333 0.1724754828125 0.36396024583333336 0.1618907328125 0.3497892875 0.2833718328125 0.5111016125 0.29395658125 0.5252725708333333 0.1724754828125
4 0.59282160625 0.2815453921875 0.47291388125 0.2736774671875 0.46085842499999996 0.3770233515625 0.5807661479166666 0.3848912765625 0.59282160625 0.2815453921875
5 0.7418200625 0.2818096421875 0.5745454729166667 0.2708336703125 0.5601716583333334 0.3940537625 0.7274462458333333 0.40502973437499995 0.7418200625 0.2818096421875
4 0.63021713125 0.2099017328125 0.5162716687500001 0.2024250296875 0.5058390625 0.2918589671875 0.6197845229166667 0.29933567031249997 0.63021713125 0.2099017328125
4 0.7152978416666667 0.1085938890625 0.5924089854166666 0.100530353125 0.58029556875 0.2043730921875 0.703184425 0.212436628125 0.7152978416666667 0.1085938890625