5 0.57523148125 0.3727678578125 0.30274470833333333 0.3727678578125 0.30274470833333333 0.5689484125 0.57523148125 0.5689484125 0.57523148125 0.3727678578125
4 0.3781415354166667 0.7471478171875 0.13277116458333332 0.7471478171875 0.13277116458333332 0.9398561515624999 0.3781415354166667 0.9398561515624999 0.3781415354166667 0.7471478171875
4 0.22503306875 0.8525545640625 0.0014880958333333334 0.8525545640625 0.0014880958333333334 0.9986359125 0.22503306875 0.9986359125 0.22503306875 0.8525545640625
4 0.9277447083333333 0.0221974203125 0.8268849208333333 0.0221974203125 0.8268849208333333 0.10131448437499999 0.9277447083333333 0.10131448437499999 0.9277447083333333 0.0221974203125
4 0.7382605812499999 0.022693453125 0.63740079375 0.022693453125 0.63740079375 0.10478670625 0.7382605812499999 0.10478670625 0.7382605812499999 0.022693453125
5 0.8214285708333333 0.45882936562500004 0.7218915354166667 0.45882936562500004 0.7218915354166667 0.530505953125 0.8214285708333333 0.530505953125 0.8214285708333333 0.45882936562500004
4 0.7329695770833333 0.122271825 0.6638558208333334 0.122271825 0.6638558208333334 0.177579365625 0.7329695770833333 0.177579365625 0.7329695770833333 0.122271825
4 0.6949404770833334 0.19506448437499999 0.6281415354166667 0.19506448437499999 0.6281415354166667 0.25334821406249997 0.6949404770833334 0.25334821406249997 0.6949404770833334 0.19506448437499999
4 0.8501984125 0.0001240078125 0.749338625 0.0001240078125 0.749338625 0.0279017859375 0.8501984125 0.0279017859375 0.8501984125 0.0001240078125
4 0.9968584645833333 0.0313740078125 0.9231150791666667 0.0313740078125 0.9231150791666667 0.0931299609375 0.9968584645833333 0.0931299609375 0.9968584645833333 0.0313740078125
4 0.8680555562500001 0.5543154765625 0.7718253958333333 0.5543154765625 0.7718253958333333 0.6173115078125 0.8680555562500001 0.6173115078125 0.8680555562500001 0.5543154765625
4 0.9983465604166667 0.5455109125 0.9222883604166667 0.5455109125 0.9222883604166667 0.598586309375 0.9983465604166667 0.598586309375 0.9983465604166667 0.5455109125