4 1 0.8591303734375 0.7016666895833333 0.8747764953124999 0.7124171645833334 0.9900807078125 1 0.97499839375 1 0.8591303734375
4 0.605532325 0.760280221875 0.6273737875 0.9945408171875 0.9932864 0.9753504906250001 0.9714449395833333 0.7410898953125 0.605532325 0.760280221875
4 1 0.745752725 0.8805383604166667 0.7520179031249999 0.8890025354166667 0.84280040625 1 0.8369791328125 1 0.745752725
4 0.9482251229166666 0.60638555625 0.8410948125 0.6120040171875 0.8486833833333333 0.6933952265625 0.95581369375 0.6877767671874999 0.9482251229166666 0.60638555625
5 0.55579149375 0.8884562671875 0.5659825541666667 0.9977604875000001 0.6967650083333333 0.9909015859375 0.6865739479166667 0.8815973671874999 0.55579149375 0.8884562671875
3 0.6038018624999999 0.72485035 0.3300630520833333 0.7392066109375001 0.35095594375 0.9632933046875 0.6246947541666666 0.94893704375 0.6038018624999999 0.72485035
3 0.46114406458333335 0.5949681531250001 0.13697053125 0.61196946875 0.15942005208333335 0.8527517953125001 0.4835935854166667 0.835750478125 0.46114406458333335 0.5949681531250001
4 0.6670533729166667 0.5485175171875001 0.4065319375 0.5621805921874999 0.4256006541666667 0.7667020921875001 0.6861220874999999 0.7530390171875 0.6670533729166667 0.5485175171875001
5 0.4654565354166667 0.3319417734375 0.21884812916666666 0.344875178125 0.23570351041666668 0.5256575765625 0.48231191875 0.512724171875 0.4654565354166667 0.3319417734375
4 0.6174141604166666 0.23916848281249997 0.47028389791666664 0.2468847453125 0.48120462708333334 0.3640150421875 0.6283348895833334 0.3562987796875 0.6174141604166666 0.23916848281249997
4 0.5198517625 0.1805839546875 0.33306937291666666 0.190379778125 0.3464709833333333 0.3341187390625 0.5332533729166667 0.3243229171875 0.5198517625 0.1805839546875
4 0.5077960625 0.128131884375 0.36518753333333337 0.1356110046875 0.3732868729166666 0.22248046875 0.5158954020833334 0.21500134843750002 0.5077960625 0.128131884375
4 0.8619991583333333 0.7181249296875001 0.7597384083333334 0.72348800625 0.7649677125000001 0.779574896875 0.8672284625 0.7742118203125 0.8619991583333333 0.7181249296875001