3 0.56960745 0.5496597484375 0.43976497291666666 0.573939771875 0.47255659791666665 0.6725797921875001 0.602399075 0.6482997687500001 0.56960745 0.5496597484375
5 0.5401869416666667 0.5308392109375 0.42846201666666667 0.551731325 0.44335209375 0.596521946875 0.5550770166666666 0.5756298328125 0.5401869416666667 0.5308392109375
4 0.49585426041666664 0.493425165625 0.4143252625 0.5086707625 0.43256142291666666 0.5635266921875 0.5140904208333333 0.5482810953125 0.49585426041666664 0.493425165625
3 0.4527903395833333 0.4432119265625 0.33569725208333334 0.465107865625 0.36455723125 0.5519211515625 0.48165031666666663 0.5300252125 0.4527903395833333 0.4432119265625
4 0.53097900625 0.460797634375 0.4658900125 0.4729690171875 0.48153295625 0.5200243328124999 0.54662195 0.5078529515625 0.53097900625 0.460797634375
4 0.41552310833333334 0.43080328906250004 0.3215802291666667 0.4483702328125 0.33923082499999996 0.501464734375 0.43317370208333333 0.4838977921875 0.41552310833333334 0.43080328906250004
5 0.6416855541666667 0.3049882796875 0.52593450625 0.3266332625 0.5583078729166666 0.42401512031250005 0.6740589187499999 0.4023701375 0.6416855541666667 0.3049882796875
3 0.6728913854166667 0.195717365625 0.5282864541666666 0.222757909375 0.5679375541666667 0.34203181250000003 0.7125424833333334 0.31499126875 0.6728913854166667 0.195717365625
4 0.5955306729166666 0.1908060484375 0.48816738333333337 0.2108825546875 0.51928596875 0.3044899234375 0.62664925625 0.2844134171875 0.5955306729166666 0.1908060484375
4 0.4639417604166667 0.24735205 0.3622821479166667 0.266361990625 0.3825259583333333 0.32725710625 0.48418557083333336 0.308247165625 0.4639417604166667 0.24735205
4 0.43761874375 0.18532188125 0.32488729166666663 0.20640221250000002 0.35374726875 0.293215496875 0.46647872291666664 0.272135165625 0.43761874375 0.18532188125
5 0.40272138541666663 0.0974993609375 0.2775760520833333 0.1209010375 0.30785811458333334 0.21199207812499998 0.4330034479166667 0.1885904 0.40272138541666663 0.0974993609375
4 0.45494614166666664 0 0.4853329 0.0914059734375 0.62054354375 0.0661221234375 0.59856208125 0 0.45494614166666664 0
3 0.26829167916666663 0.04205366875 0.12268021875 0.06928242968750001 0.16283323125000002 0.19006613125 0.30844469166666666 0.1628373703125 0.26829167916666663 0.04205366875