4 0.5010916166666667 0.47590684687499996 0.29072847916666666 0.45091816093750003 0.2619971625 0.5869699625 0.47236029791666667 0.6119586484374999 0.5010916166666667 0.47590684687499996
4 0.70140673125 0.58864130625 0.5441913166666666 0.56996595 0.5191900291666667 0.6883548859374999 0.67640544375 0.7070302421875 0.70140673125 0.58864130625
4 0.7312370833333334 0.43657150624999996 0.5450609354166667 0.41445595312499994 0.5188499083333333 0.5385733859374999 0.7050260583333333 0.5606889390625 0.7312370833333334 0.43657150624999996
4 0.8226275791666667 0.3513926953125 0.6711406624999999 0.3333978171875 0.6487100729166666 0.4396136984375 0.8001969895833334 0.4576085765625 0.8226275791666667 0.3513926953125
4 0.9653553916666666 0.5769325265624999 0.9893832541666666 0.57978675625 0.99956523125 0.5315719078125001 0.9755373687500001 0.528717678125 0.9653553916666666 0.5769325265624999
4 1 0.4902734796875 0.9864428270833333 0.4886630453125 0.97696653125 0.533536271875 0.9986075208333334 0.53610696875 1 0.5295131421875 1 0.4902734796875
4 1 0.46947610468749995 0.9651082104166666 0.4653313671875 0.9558839458333334 0.5090111562499999 1 0.5142516296874999 1 0.46947610468749995
4 1 0.43815770625 0.9877908958333333 0.43670740625000004 0.9798267749999999 0.47442001093749997 1 0.4768163546875 1 0.43815770625
4 0.4923450625 0.3350360984375 0.2921659208333333 0.311257153125 0.2612167458333333 0.4578111984375 0.4613958875 0.4815901453125 0.4923450625 0.3350360984375
4 0.5816407208333333 0.225018609375 0.4107405666666667 0.204717665625 0.38115234791666663 0.3448271515625 0.5520525041666667 0.36512809687500003 0.5816407208333333 0.225018609375
4 0.7560381625 0.238027728125 0.5997774958333333 0.219465784375 0.5755827020833333 0.33403572187499997 0.73184336875 0.352597665625 0.7560381625 0.238027728125
4 0.6713446083333333 0.1578677359375 0.5071276979166667 0.1383606828125 0.4823784395833333 0.25555618281250003 0.64659535 0.2750632359375 0.6713446083333333 0.1578677359375