5 0.99326923125 0.127403846875 0.7022435895833333 0.127403846875 0.7022435895833333 0.3197115390625 0.99326923125 0.3197115390625 0.99326923125 0.127403846875
3 0.6975961541666666 0.1537259609375 0.4203525645833333 0.1537259609375 0.4203525645833333 0.363822115625 0.6975961541666666 0.363822115625 0.6975961541666666 0.1537259609375
4 0.8764423083333334 0.30757211562500003 0.66330128125 0.30757211562500003 0.66330128125 0.464302884375 0.8764423083333334 0.464302884375 0.8764423083333334 0.30757211562500003
3 0.37211538541666667 0.34639423125 0.26666666666666666 0.34639423125 0.26666666666666666 0.43798076874999997 0.37211538541666667 0.43798076874999997 0.37211538541666667 0.34639423125
3 0.2836538458333333 0.3516826921875 0.16538461458333334 0.3516826921875 0.16538461458333334 0.4415865390625 0.2836538458333333 0.4415865390625 0.2836538458333333 0.3516826921875
4 0.6480769229166667 0.4140625 0.45064102500000003 0.4140625 0.45064102500000003 0.5542067312500001 0.6480769229166667 0.5542067312500001 0.6480769229166667 0.4140625
4 0.8479166666666667 0.515384615625 0.6540064104166666 0.515384615625 0.6540064104166666 0.652403846875 0.8479166666666667 0.652403846875 0.8479166666666667 0.515384615625
4 0.7216346145833333 0.7052884609375 0.6296474354166667 0.7052884609375 0.6296474354166667 0.777403846875 0.7216346145833333 0.777403846875 0.7216346145833333 0.7052884609375
4 0.5838141020833334 0.67608173125 0.47163461458333333 0.67608173125 0.47163461458333333 0.757572115625 0.5838141020833334 0.757572115625 0.5838141020833334 0.67608173125
4 0.5578525645833333 0.6118990390625 0.40817307708333334 0.6118990390625 0.40817307708333334 0.7203125 0.5578525645833333 0.7203125 0.5578525645833333 0.6118990390625
4 0.406891025 0.6237980765625 0.3328525645833333 0.6237980765625 0.3328525645833333 0.6802884609375 0.406891025 0.6802884609375 0.406891025 0.6237980765625
4 0.42756410208333334 0.542908653125 0.36057692291666665 0.542908653125 0.36057692291666665 0.6056490390625 0.42756410208333334 0.6056490390625 0.42756410208333334 0.542908653125
4 0.36891025625 0.5610576921875 0.2711538458333333 0.5610576921875 0.2711538458333333 0.6387019234375 0.36891025625 0.6387019234375 0.36891025625 0.5610576921875
5 0.4283653854166667 0.44375 0.3350961541666667 0.44375 0.3350961541666667 0.5175480765625 0.4283653854166667 0.5175480765625 0.4283653854166667 0.44375
3 0.305608975 0.444471153125 0.17836538541666666 0.444471153125 0.17836538541666666 0.537259615625 0.305608975 0.537259615625 0.305608975 0.444471153125
3 0.05496794791666667 0.41021634687499997 0.00048076875 0.41021634687499997 0.00048076875 0.4662259609375 0.05496794791666667 0.4662259609375 0.05496794791666667 0.41021634687499997
3 0 0.4078125 0.06858974375 0.4078125 0.06858974375 0.353966346875 0 0.353966346875 0 0.4078125