2 0.24535256458333335 0.6419471156250001 0.17195512916666666 0.6419471156250001 0.17195512916666666 0.7015625 0.24535256458333335 0.7015625 0.24535256458333335 0.6419471156250001
2 0.3405448708333333 0.590865384375 0.21137820416666667 0.590865384375 0.21137820416666667 0.6884615390625 0.3405448708333333 0.6884615390625 0.3405448708333333 0.590865384375
2 0.31602564166666663 0.45300480781249997 0.1259615375 0.45300480781249997 0.1259615375 0.575841346875 0.31602564166666663 0.575841346875 0.31602564166666663 0.45300480781249997
0 0.19326923125 0.431009615625 0.0740384625 0.431009615625 0.0740384625 0.5170673078125 0.19326923125 0.5170673078125 0.19326923125 0.431009615625
2 0.12692307708333334 0.38233173125 0.015384614583333334 0.38233173125 0.015384614583333334 0.46117788437499996 0.12692307708333334 0.46117788437499996 0.12692307708333334 0.38233173125
2 0.31169871875 0.4203125 0.19631410208333333 0.4203125 0.19631410208333333 0.4902644234375 0.31169871875 0.4902644234375 0.31169871875 0.4203125
1 0.9410256416666667 0.2887019234375 0.66923076875 0.2887019234375 0.66923076875 0.4822115390625 0.9410256416666667 0.4822115390625 0.9410256416666667 0.2887019234375
1 0.68108974375 0.27259615312499996 0.45192307708333335 0.27259615312499996 0.45192307708333335 0.43822115312500004 0.68108974375 0.43822115312500004 0.68108974375 0.27259615312499996
1 0.5578525645833333 0.0003605765625 0.34951923125 0.0003605765625 0.34951923125 0.170552884375 0.5578525645833333 0.170552884375 0.5578525645833333 0.0003605765625
1 0.5833333333333334 0.000721153125 0.45737179583333337 0.000721153125 0.45737179583333337 0.074278846875 0.5833333333333334 0.074278846875 0.5833333333333334 0.000721153125
1 0.6974358979166666 0.04266826875 0.55705128125 0.04266826875 0.55705128125 0.158533653125 0.6974358979166666 0.158533653125 0.6974358979166666 0.04266826875
2 0.8097756416666667 0.040625 0.6886217958333333 0.040625 0.6886217958333333 0.131490384375 0.8097756416666667 0.131490384375 0.8097756416666667 0.040625
2 0.8102564104166666 0.092427884375 0.7176282041666667 0.092427884375 0.7176282041666667 0.1390625 0.8102564104166666 0.1390625 0.8102564104166666 0.092427884375
1 0.7217948708333334 0.11418269218749999 0.6477564104166667 0.11418269218749999 0.6477564104166667 0.1740384609375 0.7217948708333334 0.1740384609375 0.7217948708333334 0.11418269218749999
1 0.42179487083333334 0.0703125 0.3522435895833333 0.0703125 0.3522435895833333 0.14795673125 0.42179487083333334 0.14795673125 0.42179487083333334 0.0703125