1 0.35372744258872646 0.725216165625 0.20688083924843423 0.6998424812499999 0.16759074947807934 0.8272146296875 0.3144373507306889 0.8525883140625 0.35372744258872646 0.725216165625
1 0.4181013674321503 0.6611921640625 0.2823849478079332 0.6377416671875 0.24848273903966595 0.747647171875 0.3841991565762004 0.7710976671875 0.4181013674321503 0.6611921640625
1 0.3296617306889353 0.5819435359375 0.1925091586638831 0.5582448875 0.15636890605427975 0.675405765625 0.29352147807933193 0.699104415625 0.3296617306889353 0.5819435359375
1 0.3848739478079332 0.5660100515625001 0.2918830688935282 0.5499421203125 0.2615451503131524 0.648292765625 0.3545360292275574 0.6643606984375 0.3848739478079332 0.5660100515625001
1 0.3701211774530272 0.49001195624999994 0.2304553382045929 0.46587903906249994 0.1986253903966597 0.569066603125 0.3382912296450939 0.5931995203125 0.3701211774530272 0.49001195624999994
1 0.668238866388309 0.387266875 0.4316327286012526 0.346383603125 0.3822299979123173 0.5065393 0.6188361356993737 0.547422571875 0.668238866388309 0.387266875
1 0.4806660292275574 0.26895335781249996 0.28283600835073064 0.23477022656250002 0.23227281210855952 0.398687971875 0.43010283089770357 0.4328711015625 0.4806660292275574 0.26895335781249996
1 0.544629770354906 0.282270003125 0.44697139457202506 0.26539557187499996 0.4159703528183716 0.3658959578125 0.5136287286012526 0.3827703890625 0.544629770354906 0.282270003125
1 0.5932063611691023 0.32278864375 0.49770221503131523 0.30628644375 0.4794663068893528 0.3654043171875 0.5749704551148225 0.38190651875000003 0.5932063611691023 0.32278864375
1 0.6162625073068894 0.0377883859375 0.4884449269311065 0.015702732812500002 0.4518902212943633 0.1342072 0.5797078016701462 0.15629285312500002 0.6162625073068894 0.0377883859375
2 0.7510161043841336 0.030645682812500002 0.6217623716075157 0.008311878125 0.587694382045929 0.11875481562500001 0.716948114822547 0.1410886203125 0.7510161043841336 0.030645682812500002
1 0.5328079791231732 0 0.5204936409185804 0.039921103125 0.6501064112734865 0.062316946875 0.6646122484342379 0.015291364062500002 0.5761156450939456 0 0.5328079791231732 0