4 0.8716908604166667 0.066165053125 0.7075642479166666 0.0726161859375 0.71678880625 0.2046274828125 0.88091541875 0.1981763484375 0.8716908604166667 0.066165053125
4 0.7196472645833333 0.14838661875 0.6294932083333333 0.1519301984375 0.6368140125 0.2566971359375 0.7269680666666667 0.25315355624999997 0.7196472645833333 0.14838661875
3 0.6720137354166666 0.09698648125 0.45339840833333334 0.10557933906250001 0.4654785979166667 0.2784571703125 0.6840939270833334 0.2698643125 0.6720137354166666 0.09698648125
4 0.8420314395833334 0.2980537859375 0.6977189041666667 0.3037261109375 0.705212775 0.4109698078125 0.8495253125000001 0.40529748281250005 0.8420314395833334 0.2980537859375
4 0.7119842375 0.34675191875 0.6228208854166667 0.3502565578125 0.6289302083333334 0.437686178125 0.7180935604166667 0.43418153750000005 0.7119842375 0.34675191875
4 0.6456271895833333 0.3401709578125 0.5036262979166667 0.345752421875 0.51106825 0.452253090625 0.6530691416666666 0.44667162656250003 0.6456271895833333 0.3401709578125
4 0.5568024979166667 0.3153496734375 0.42669005416666667 0.3204638515625 0.4339070145833333 0.42374473593750006 0.5640194604166666 0.4186305578125 0.5568024979166667 0.3153496734375
3 0.5108526520833333 0.2714582234375 0.42301023958333334 0.27491094375 0.42733695416666667 0.3368299375 0.5151793666666666 0.33337721875000004 0.5108526520833333 0.2714582234375
4 0.52917900625 0.4223593734375 0.36505239166666664 0.42881050781249996 0.37334238124999997 0.5474473 0.53746899375 0.540996165625 0.52917900625 0.4223593734375
4 0.3549201354166666 0.39754334375 0.18385859583333333 0.4042670609375 0.19270240208333334 0.530829484375 0.36376394375000004 0.5241057671875 0.3549201354166666 0.39754334375
4 0.5850482833333334 0.48262497812499994 0.47012663125000004 0.48714207031249995 0.47614942083333334 0.5733333093749999 0.5910710729166666 0.56881621875 0.5850482833333334 0.48262497812499994
4 0.4965933375 0.5294399375000001 0.38002051249999996 0.5340219296875001 0.38671826875 0.6298725328125 0.50329109375 0.625290540625 0.4965933375 0.5294399375000001
4 0.3972336458333333 0.51260760625 0.28924692083333337 0.516852115625 0.29475050208333337 0.5956130765625 0.4027372291666667 0.5913685671875 0.3972336458333333 0.51260760625
4 0.47900224375 0.6236374921875 0.37530856875 0.627713259375 0.3807083104166667 0.7049881640625 0.4844019854166667 0.7009123984375 0.47900224375 0.6236374921875
4 0.3165754416666667 0.67100059375 0.273975175 0.6726750328125 0.2764154416666667 0.7075973453125 0.3190157104166667 0.70592290625 0.3165754416666667 0.67100059375
3 0.24378889583333332 0.57240800625 0.12985794791666666 0.5768861578125 0.13569036041666666 0.6603529609375001 0.24962131041666666 0.655874809375 0.24378889583333332 0.57240800625
4 0.27290121875 0.6312417531250001 0.1497237 0.6360833484375 0.156213775 0.728961840625 0.27939129375 0.7241202453125 0.27290121875 0.6312417531250001
4 0.21440055833333332 0.7110283171875 0.13283260416666667 0.7142344140625 0.13664011458333333 0.768723128125 0.21820806875 0.76551703125 0.21440055833333332 0.7110283171875
3 0.16822549166666667 0.6354802984375 0.048020087499999996 0.640205071875 0.05466592291666667 0.735312646875 0.17487132708333333 0.7305878734375 0.16822549166666667 0.6354802984375
5 0.21143381666666666 0.7515028140625 0.09750286875 0.755980965625 0.10312759791666666 0.8364756578125 0.21705854791666665 0.8319975078124999 0.21143381666666666 0.7515028140625
4 0.32830272083333334 0.8032860515625 0.24772547083333332 0.8064532078125 0.25213872083333333 0.8696105812500001 0.33271597291666666 0.8664434249999999 0.32830272083333334 0.8032860515625
4 0.2619192395833333 0.8271297671875001 0.16681166458333332 0.83086805 0.17200372500000002 0.90517084375 0.2671113 0.9014325609375 0.2619192395833333 0.8271297671875001
4 0.27753006666666663 0.87519399375 0.19761328541666667 0.8783351890625 0.20174962500000002 0.937529746875 0.2816664083333333 0.9343885515625001 0.27753006666666663 0.87519399375
4 0.47688445208333335 0.7899952359375 0.41116776041666664 0.792578284375 0.41495796458333334 0.8468193234375001 0.4806746541666667 0.8442362749999999 0.47688445208333335 0.7899952359375
4 0.6409147208333333 0.7276677359375 0.5398629208333333 0.7316396609375 0.5457126416666667 0.815354140625 0.6467644395833333 0.811382215625 0.6409147208333333 0.7276677359375
4 0.6262480645833333 0.631509465625 0.5047217208333333 0.6362861609375 0.51117718125 0.7286692984375 0.632703525 0.7238926046875 0.6262480645833333 0.631509465625
4 0.8237015229166667 0.42195895156249996 0.6982123604166667 0.4268914078125 0.7041659208333333 0.51209194375 0.8296550833333334 0.5071594875 0.8237015229166667 0.42195895156249996
4 0.7089101270833333 0.48520717343750003 0.6101699708333334 0.4890882375 0.6149985854166666 0.558189834375 0.7137387416666667 0.5543087703125 0.7089101270833333 0.48520717343750003
4 0.66441825 0.5356337859375 0.6188458708333333 0.5374250468749999 0.6212169104166667 0.5713566546875 0.6667892916666667 0.5695653953125001 0.66441825 0.5356337859375
4 0.77264025 0.5584508593749999 0.6960258145833333 0.561462253125 0.6995737229166666 0.6122358296875 0.7761881583333333 0.609224434375 0.77264025 0.5584508593749999
4 0.7115117541666667 0.591153028125 0.6560323375 0.5933336921875 0.6589571979166667 0.63519093125 0.7144366145833333 0.6330102656250001 0.7115117541666667 0.591153028125
4 0.6452477916666666 0.5930125187499999 0.6254337125 0.5937913265625 0.6265586583333334 0.609890265625 0.6463727375 0.60911145625 0.6452477916666666 0.5930125187499999
4 0.5054704083333333 0.39820727968749997 0.4252233916666667 0.40136145624999997 0.42828670625 0.445200103125 0.5085337229166667 0.44204592812500004 0.5054704083333333 0.39820727968749997