1 0.7122892400835074 0.10179539374999999 0.8284724613778706 0.0926559625 0.8159376325678498 0.0033966140625 0.6997544112734865 0.012536045312499999 0.7122892400835074 0.10179539374999999
2 0.8083928684759917 0.11170235312500001 0.9299620668058455 0.1021392390625 0.9185189832985386 0.0206540921875 0.796949782881002 0.0302172046875 0.8083928684759917 0.11170235312500001
1 0.7683636388308976 0.1576449890625 0.8860857118997911 0.1483845046875 0.8754917599164926 0.0729459609375 0.7577696868475992 0.08220644375 0.7683636388308976 0.1576449890625
2 0.18950210020876826 0.3024504515625 0.495733375782881 0.2783610890625 0.4639919561586639 0.052333384375 0.15776068058455117 0.076422746875 0.18950210020876826 0.3024504515625
1 0 0.350398890625 0.18658956784968683 0.33572101875000004 0.16034729853862212 0.14885225468750002 0 0.16146580625 0 0.350398890625
0 0.7632595699373695 0.6475549421875 0.8759803778705637 0.638687878125 0.8677720855949895 0.5802374 0.7550512776617954 0.5891044640625 0.7632595699373695 0.6475549421875
0 0.25635683089770356 0.60679129375 0.4360176450939457 0.592658465625 0.41713453235908143 0.458193575 0.2374737202505219 0.47232640468750003 0.25635683089770356 0.60679129375
0 0.23996088308977037 0.6326802093749999 0.37999629018789144 0.621664471875 0.3664910229645094 0.525494721875 0.22645561586638832 0.5365104609375 0.23996088308977037 0.6326802093749999
1 0.5901667515657619 0.5284230546875001 0.7655957244258872 0.51462311875 0.7495026221294363 0.40002563281250003 0.574073649269311 0.41382556875 0.5901667515657619 0.5284230546875001
1 0.5522355490605428 0.5629927578125 0.6841919916492692 0.5526125421875 0.6697971565762004 0.450108259375 0.5378407139874739 0.4604884734375 0.5522355490605428 0.5629927578125
2 0.7802922463465554 0.48217225937499997 0.8545417891440501 0.476331496875 0.8476274175365345 0.42709488906250004 0.7733778747390396 0.4329356515625 0.7802922463465554 0.48217225937499997
1 0.8412484050104384 0.47999723593750004 0.8978011649269312 0.475548571875 0.8919785344467641 0.43408616406249995 0.8354257745302714 0.438534828125 0.8412484050104384 0.47999723593750004
1 0.8316162901878914 0.3560125203125 0.8793206597077244 0.35225990625 0.8737810751565762 0.3128130328125 0.8260767035490606 0.316565646875 0.8316162901878914 0.3560125203125