4 0.20844852400835073 1 0.2056672254697286 0.96028016875 0.1193900981210856 0.9636642984374999 0.12193443006263048 1 0.20844852400835073 1
4 0.2242358517745303 0.899820853125 0.15334146764091858 0.9026016109375 0.1578104822546973 0.9664237999999999 0.22870486847599167 0.9636430421875 0.2242358517745303 0.899820853125
4 0.3286827661795407 0.9045080015625 0.2507658267223382 0.9075642109375 0.25530494363256784 0.9723875328125 0.33322188308977035 0.9693313218749999 0.3286827661795407 0.9045080015625
4 0.24156181628392484 0.8455590562499999 0.16498250730688938 0.8485627984375 0.16875050104384134 0.9023736625 0.24532981002087684 0.8993699203125001 0.24156181628392484 0.8455590562499999
4 0.34890732567849686 0.8389643203125001 0.28704194363256785 0.841390925 0.29135322964509397 0.9029605671875001 0.3532186116910229 0.9005339625 0.34890732567849686 0.8389643203125001
4 0.25877386638830896 0.78967041875 0.20259341127348643 0.7918740375 0.20637893110647182 0.8459351859375 0.2625593841336117 0.8437315671875 0.25877386638830896 0.78967041875
4 0.321246012526096 0.7887258375 0.2597150375782881 0.791139325 0.26367581419624214 0.8477033046875 0.3252067870563674 0.8452898171875001 0.321246012526096 0.7887258375
4 0.2808393194154488 0.748022215625 0.2326846450939457 0.74991103125 0.23629491022964508 0.80146935 0.2844495845511482 0.7995805328125 0.2808393194154488 0.748022215625
4 0.31337607933194156 0.7385894546875 0.26789666388308975 0.7403733375 0.2714193006263048 0.7906802374999999 0.3168987160751566 0.7888963546875 0.31337607933194156 0.7385894546875
3 0.29684832776617953 0.3588919265625 0.25972909812108563 0.3603478890625 0.26213010020876826 0.39463667187499996 0.2992493277661796 0.393180709375 0.29684832776617953 0.3588919265625
5 0.5553644446764092 0.5501557390625 0.38314459916492694 0.55691088125 0.3961836096033403 0.7431215015625 0.5684034572025053 0.7363663593750001 0.5553644446764092 0.5501557390625
4 0.2650083089770355 0.48123408906250004 0.23624926304801672 0.4823621328125 0.23845748434237996 0.513897803125 0.2672165281837161 0.512769759375 0.2650083089770355 0.48123408906250004
4 0.29967632150313156 0.466321865625 0.2729237244258873 0.46737120781249997 0.27481648434238 0.49440178125 0.30156908141962424 0.49335243906250004 0.29967632150313156 0.466321865625
4 0.3349778705636743 0.42214672656249996 0.30588442171189983 0.4232878859375 0.3073039916492693 0.44356081718749996 0.33639744050104387 0.44241965624999996 0.3349778705636743 0.42214672656249996
4 0.44610209394572026 0.167821365625 0.3477862964509395 0.1716777 0.35246562004175364 0.23850328437499999 0.45078141753653445 0.23464695 0.44610209394572026 0.167821365625
4 0.5122856409185804 0.17438580937499998 0.4390504029227557 0.17725838437500002 0.4444307473903967 0.25409529375 0.5176659853862213 0.25122271875 0.5122856409185804 0.17438580937499998
4 0.5849493945720251 0.19926789218750002 0.48797122755741124 0.2030717578125 0.4947886659707724 0.30043188125000003 0.5917668350730689 0.2966280140625 0.5849493945720251 0.19926789218750002
4 0.6079998162839249 0.2483068953125 0.48660990396659703 0.2530682875 0.4957757682672234 0.38396634375 0.6171656805845511 0.3792049515625 0.6079998162839249 0.2483068953125
4 0.5219407787056367 0.40565288125 0.365772490605428 0.41177841718749997 0.3758321586638831 0.5554409109375 0.5320004467640919 0.549315375 0.5219407787056367 0.40565288125
4 0.4664398058455115 0.37206655 0.3229789979123173 0.37769364843750003 0.32774594989561584 0.4457706484375 0.47120675574112736 0.44014355 0.4664398058455115 0.37206655
4 0.6774923695198329 0.342832196875 0.5460702338204593 0.3479870921875 0.5551134175365345 0.4771331671875 0.6865355553235908 0.471978271875 0.6774923695198329 0.342832196875
4 0.711889661795407 0.4389850421875 0.5687632651356994 0.44459902500000004 0.579120866388309 0.5925163328124999 0.7222472630480167 0.58690235 0.711889661795407 0.4389850421875