4 0.08556110833333334 0 0.08154945416666666 0.086159059375 0.20732312916666668 0.08945314531250001 0.21148815833333331 0 0.08556110833333334 0
4 0.02297573958333333 0 0.021051716666666668 0.0413226171875 0.10074614791666667 0.0434098609375 0.10276735625 0 0.02297573958333333 0
3 0.6684212520833334 0.5375945296875 0.5052554020833333 0.533321121875 0.4998872625 0.6486136578125 0.6630531125 0.652887065625 0.6684212520833334 0.5375945296875
5 0.37800150625 0.5333917031250001 0.21143636875 0.529029265625 0.20565935416666664 0.653103296875 0.37222449166666666 0.657465734375 0.37800150625 0.5333917031250001
5 0.5172242583333333 0.5117958921875 0.37596493541666665 0.5080962296875 0.3712167041666667 0.610074884375 0.5124760270833334 0.6137745484375 0.5172242583333333 0.5117958921875
4 0.4717481145833334 0.6154022453125 0.3833666125 0.6130874828125 0.37905363750000004 0.7057180953125 0.4674351375 0.7080328578125 0.4717481145833334 0.6154022453125
4 0.58016443125 0.634124421875 0.43588351875 0.630345621875 0.43054176041666664 0.7450716109375 0.5748226729166667 0.7488504109375 0.58016443125 0.634124421875
4 0.4019391958333333 0.62435145 0.26067987291666667 0.6206517875 0.2557206083333333 0.727162828125 0.39697993125 0.7308624906250001 0.4019391958333333 0.62435145
5 0.7444214583333333 0.3753693359375 0.70438539375 0.37432076875 0.70284221875 0.40746383281250004 0.7428782833333333 0.40851240000000005 0.7444214583333333 0.3753693359375
5 0.8547220666666667 0.43484025937500004 0.8041104375 0.43351471249999995 0.80236941875 0.4709068875 0.8529810479166666 0.47223243437500007 0.8547220666666667 0.43484025937500004
4 0.72310665625 0.3986351265625 0.6845813854166667 0.39762612656249996 0.6829722625 0.43218556093749994 0.7214975333333334 0.43319456093750003 0.72310665625 0.3986351265625