1 0.5740384625 0 0.5740384625 0.04375 0.6416666666666667 0.04375 0.6416666666666667 0 0.5740384625 0
1 0.6113782041666667 0.0003605765625 0.4209935895833333 0.0003605765625 0.4209935895833333 0.17295673125 0.6113782041666667 0.17295673125 0.6113782041666667 0.0003605765625
1 0.63766025625 0.1139423078125 0.4834935895833333 0.1139423078125 0.4834935895833333 0.2603365390625 0.63766025625 0.2603365390625 0.63766025625 0.1139423078125
1 0.5426282041666667 0.189903846875 0.40705128125 0.189903846875 0.40705128125 0.30264423125 0.5426282041666667 0.30264423125 0.5426282041666667 0.189903846875
1 0.10929487083333332 0.2938701921875 0.01570512916666667 0.2938701921875 0.01570512916666667 0.36141826875 0.10929487083333332 0.36141826875 0.10929487083333332 0.2938701921875
1 0.15897435833333334 0.3110576921875 0.06282051250000001 0.3110576921875 0.06282051250000001 0.3831730765625 0.15897435833333334 0.3831730765625 0.15897435833333334 0.3110576921875
1 0.06586538541666667 0.41165865312500005 0.00048076875 0.41165865312500005 0.00048076875 0.46887019218750003 0.06586538541666667 0.46887019218750003 0.06586538541666667 0.41165865312500005
1 0 0.4921875 0.022756410416666664 0.4921875 0.022756410416666664 0.46262019218750006 0 0.46262019218750006 0 0.4921875
1 0.20769230833333333 0.000721153125 0.12243589791666666 0.000721153125 0.12243589791666666 0.0634615390625 0.20769230833333333 0.0634615390625 0.20769230833333333 0.000721153125
1 0.4461538458333333 0.383533653125 0.39743589791666667 0.383533653125 0.39743589791666667 0.4256009609375 0.4461538458333333 0.4256009609375 0.4461538458333333 0.383533653125
1 0.43141025625 0.41875 0.386858975 0.41875 0.386858975 0.44735576874999994 0.43141025625 0.44735576874999994 0.43141025625 0.41875
2 0.22227564166666666 0.4572115390625 0.13125 0.4572115390625 0.13125 0.518028846875 0.22227564166666666 0.518028846875 0.22227564166666666 0.4572115390625
1 0.2602564104166667 0.47355769218750005 0.19294871875 0.47355769218750005 0.19294871875 0.5259615390625 0.2602564104166667 0.5259615390625 0.2602564104166667 0.47355769218750005
1 0.7681089750000001 0.46490384687499997 0.6142628208333334 0.46490384687499997 0.6142628208333334 0.5665865390625 0.7681089750000001 0.5665865390625 0.7681089750000001 0.46490384687499997
1 0.6262820520833333 0.475 0.4602564104166667 0.475 0.4602564104166667 0.593990384375 0.6262820520833333 0.593990384375 0.6262820520833333 0.475
1 0.7266025645833333 0.5683894234375 0.5634615375 0.5683894234375 0.5634615375 0.683533653125 0.7266025645833333 0.683533653125 0.7266025645833333 0.5683894234375
1 0.65673076875 0.7640625 0.48397435833333335 0.7640625 0.48397435833333335 0.911177884375 0.65673076875 0.911177884375 0.65673076875 0.7640625
1 0.511858975 0.7490384609375 0.3762820520833333 0.7490384609375 0.3762820520833333 0.863221153125 0.511858975 0.863221153125 0.511858975 0.7490384609375
1 0.5443910249999999 0.85673076875 0.4030448708333333 0.85673076875 0.4030448708333333 0.9745192312500001 0.5443910249999999 0.9745192312500001 0.5443910249999999 0.85673076875
0 0.39182692291666665 0.8834134609375001 0.30817307708333336 0.8834134609375001 0.30817307708333336 0.9550480765625 0.39182692291666665 0.9550480765625 0.39182692291666665 0.8834134609375001
1 0 0.721875 0.01955128125 0.721875 0.01955128125 0.6891826921875001 0 0.6891826921875001 0 0.721875
2 0.7190705125 0.40456730781249994 0.6405448708333333 0.40456730781249994 0.6405448708333333 0.458653846875 0.7190705125 0.458653846875 0.7190705125 0.40456730781249994