4 0.27430555624999997 0.45523313437499996 0.16286375625000002 0.45523313437499996 0.16286375625000002 0.5308779765625 0.27430555624999997 0.5308779765625 0.27430555624999997 0.45523313437499996
5 0.5044642854166667 0.30121527812500004 0.3295304229166666 0.30121527812500004 0.3295304229166666 0.4232390875 0.5044642854166667 0.4232390875 0.5044642854166667 0.30121527812500004
4 0.344411375 0.6542658734375 0.2514880958333333 0.6542658734375 0.2514880958333333 0.7177579359374999 0.344411375 0.7177579359374999 0.344411375 0.6542658734375
4 0.45287698333333337 0.6653025796875001 0.34077381041666666 0.6653025796875001 0.34077381041666666 0.7349950390625 0.45287698333333337 0.7349950390625 0.45287698333333337 0.6653025796875001
4 0.4904100520833333 0.5868055562500001 0.3501984125 0.5868055562500001 0.3501984125 0.6803075390625 0.4904100520833333 0.6803075390625 0.4904100520833333 0.5868055562500001
4 0.5415013229166666 0.5275297625 0.43634259166666667 0.5275297625 0.43634259166666667 0.59970238125 0.5415013229166666 0.59970238125 0.5415013229166666 0.5275297625
3 0.6360780416666666 0.3086557546875 0.5021494708333333 0.3086557546875 0.5021494708333333 0.4187748015625 0.6360780416666666 0.4187748015625 0.6360780416666666 0.3086557546875
4 0.6025132270833333 0.4310515875 0.5214947083333333 0.4310515875 0.5214947083333333 0.491071428125 0.6025132270833333 0.491071428125 0.6025132270833333 0.4310515875
4 0.6367394187500001 0.4624255953125 0.5861441791666666 0.4624255953125 0.5861441791666666 0.5028521828125 0.6367394187500001 0.5028521828125 0.6367394187500001 0.4624255953125
4 0.6259920625 0.5389384921875 0.5291005291666667 0.5389384921875 0.5291005291666667 0.6185515875 0.6259920625 0.6185515875 0.6259920625 0.5389384921875
4 0.6096230166666667 0.721726190625 0.5262896833333334 0.721726190625 0.5262896833333334 0.7891865078125 0.6096230166666667 0.7891865078125 0.6096230166666667 0.721726190625