5 0.8508475145833334 0.5864729984375 0.6620218458333333 0.5938949484375 0.6718474708333333 0.734508025 0.8606731395833334 0.7270860734375 0.8508475145833334 0.5864729984375
5 0.5942890708333334 0.5414439265625 0.4172021208333333 0.5484044765625 0.42678166666666667 0.6854959375 0.6038686166666667 0.6785353875 0.5942890708333334 0.5414439265625
5 0.6304774083333334 0.68392149375 0.4832403416666667 0.6897087703125 0.49211679999999997 0.8167384734375001 0.6393538666666667 0.8109511968750001 0.6304774083333334 0.68392149375
5 0.4202557854166667 0.637827821875 0.2502120666666667 0.6445115312499999 0.25924672083333333 0.773805128125 0.42929043958333335 0.7671214187500001 0.4202557854166667 0.637827821875
4 0.33556981666666663 0.5208404515625 0.18028334375000002 0.5269441171875 0.18854460416666668 0.6451697796875 0.3438310770833333 0.639066115625 0.33556981666666663 0.5208404515625
4 0.25613110833333336 0.44766181562499996 0.12700520833333334 0.45273721718750004 0.13294628333333333 0.5377590765625 0.26207218541666666 0.532683675 0.25613110833333336 0.44766181562499996
4 0.5443553541666667 0.4693756859375 0.3773301625 0.47594075 0.3853453416666667 0.5906447984375001 0.5523705333333333 0.5840797328125 0.5443553541666667 0.4693756859375
4 0.4287534645833333 0.3768090984375 0.31237245625000004 0.38138355156250003 0.3193857375 0.4817495921875 0.4357667458333333 0.477175140625 0.4287534645833333 0.3768090984375
4 0.2790332604166667 0.39278336875000003 0.17439097083333335 0.396896421875 0.17962896041666668 0.4718565234375 0.28427125 0.467743471875 0.2790332604166667 0.39278336875000003
4 0.29010595208333334 0.34669364062499997 0.22235678125 0.349356578125 0.22648741041666665 0.408469409375 0.29423658333333336 0.40580647187499996 0.29010595208333334 0.34669364062499997
4 0.36464183333333333 0.3160181109375 0.25530405625 0.3203157234375 0.2614912125 0.40885920000000003 0.3708289895833333 0.40456158750000004 0.36464183333333333 0.3160181109375
4 0.5646309145833333 0.34321801875 0.40095964375000004 0.3496512546875 0.4094142520833334 0.4706439015625 0.5730855229166667 0.464210665625 0.5646309145833333 0.34321801875
4 0.5558447125 0.239138140625 0.3992166708333333 0.24529453750000002 0.40698576875000003 0.35647696875 0.5636138104166667 0.350320571875 0.5558447125 0.239138140625
5 0.8041059729166666 0.43495142500000006 0.63708078125 0.4415164890625 0.6458693541666667 0.567288471875 0.8128945479166667 0.56072340625 0.8041059729166666 0.43495142500000006
4 0.74184161875 0.3356220171875 0.600977 0.3411588171875 0.6081133208333332 0.4432856671875 0.7489779395833334 0.437748865625 0.74184161875 0.3356220171875
4 0.7527197875 0.2313998015625 0.6212461416666667 0.2365674828125 0.6276442229166667 0.3281294859375 0.75911786875 0.3229618046875 0.7527197875 0.2313998015625
4 0.6495440145833334 0.2011512734375 0.54724946875 0.20517204531250002 0.5528565791666666 0.28541456875 0.655151125 0.2813937953125 0.6495440145833334 0.2011512734375
4 0.5801226395833333 0.1582254296875 0.48889603125000003 0.1618111671875 0.49339577916666666 0.2262064234375 0.5846223895833333 0.222620684375 0.5801226395833333 0.1582254296875
4 0.5573710895833333 0.1815686 0.42992214791666666 0.1865780859375 0.4353359104166667 0.26405362656250003 0.5627848520833333 0.25904414062500003 0.5573710895833333 0.1815686