3 0.54805511875 0.2627571390625 0.3468991916666667 0.2574887484375 0.3397599333333333 0.41081994374999997 0.5409158604166666 0.41608833437500004 0.54805511875 0.2627571390625
3 0.53546930625 0.3760583734375 0.3386942708333333 0.370904721875 0.3333525770833334 0.48562931249999997 0.5301276104166667 0.4907829640625 0.53546930625 0.3760583734375
5 0.4465794979166667 0.47173520468749996 0.2582011708333333 0.46680146718750004 0.25197981666666663 0.600418653125 0.44035814375 0.605352390625 0.4465794979166667 0.47173520468749996
4 0.2937477958333333 0.5825969484375 0.1462577875 0.5787340999999999 0.1409798375 0.6920896609375 0.28846984583333335 0.695952509375 0.2937477958333333 0.5825969484375
5 0.6923539145833334 0.244879378125 0.5386576458333334 0.240853984375 0.5329844854166667 0.3626975234375 0.6866807541666666 0.3667229171875 0.6923539145833334 0.244879378125
5 0.6708011791666666 0.3859080046875 0.509803425 0.38169138125 0.5042322541666667 0.5013444734375 0.6652300083333333 0.505561096875 0.6708011791666666 0.3859080046875
5 0.8045278770833334 0.449858165625 0.6449904166666667 0.44567978750000004 0.6398399520833333 0.5562972921875 0.7993774125 0.5604756703125 0.8045278770833334 0.449858165625
4 0.72077750625 0.5293582953125 0.5382403687499999 0.5245775421875 0.5317895375 0.66312323125 0.714326675 0.667903984375 0.72077750625 0.5293582953125
4 0.8036893333333333 0.6248743390625 0.6342948687500001 0.6204378 0.6288766833333334 0.736805225 0.7982711458333333 0.7412417640625 0.8036893333333333 0.6248743390625
4 0.7223855354166666 0.7185567359375 0.564308375 0.714416603125 0.55883919375 0.8318792515625001 0.7169163541666667 0.8360193828125 0.7223855354166666 0.7185567359375
4 0.6145680791666667 0.7929032328125001 0.465617775 0.7890021390624999 0.46014859375 0.9064647859375 0.6090988979166667 0.9103658796874999 0.6145680791666667 0.7929032328125001
4 0.4702536375 0.7836407609375 0.3808104416666667 0.7812981921875 0.3777125125 0.847832978125 0.4671557104166667 0.8501755484375 0.4702536375 0.7836407609375