3 0.3967082229166667 0.8537244859375 0.30148671041666664 0.8676063765625001 0.32099639375 0.9428828421875 0.41621790625 0.929000953125 0.3967082229166667 0.8537244859375
5 0.37661515208333335 0.7320326578125 0.29646731458333336 0.7437170281250001 0.31240379583333333 0.805206596875 0.3925516333333333 0.793522225 0.37661515208333335 0.7320326578125
4 0.28066222916666667 0.7607582296875 0.18691131666666666 0.774425728125 0.20163291041666667 0.83122775 0.2953838208333333 0.8175602515625 0.28066222916666667 0.7607582296875
4 0.19181105833333334 0.553371009375 0.03041243125 0.5769005453125 0.06793105416666667 0.72166298125 0.22932967916666666 0.6981334453125 0.19181105833333334 0.553371009375
4 0.28574911666666664 0.4373753234375 0.14677717916666666 0.4576353796875 0.17657768333333335 0.5726181140625 0.31554962291666666 0.5523580578125 0.28574911666666664 0.4373753234375
4 0.20266141875 0.49513022500000003 0.06442478125000001 0.515283084375 0.09008037291666667 0.6142730171874999 0.22831701041666666 0.59412015625 0.20266141875 0.49513022500000003
3 0.42005961875 0.47273686093749995 0.2722640645833333 0.49428326875 0.30656680625 0.626637496875 0.45436236041666667 0.6050910875 0.42005961875 0.47273686093749995
3 0.5659536645833333 0.47550479687499997 0.4313935333333333 0.495121678125 0.4586927979166667 0.6004535843750001 0.5932529291666667 0.5808367046875 0.5659536645833333 0.47550479687499997
4 0.3013573625 0.7022268484375 0.21643006666666667 0.71460799375 0.23336704583333334 0.7799578921875 0.31829434166666665 0.767576746875 0.3013573625 0.7022268484375
3 0.45636179375 0.383886878125 0.31444864791666666 0.40457571875 0.342319625 0.5121135265625 0.4842327708333333 0.4914246859375 0.45636179375 0.383886878125
3 0.5680092083333333 0.378913509375 0.45109630625 0.395957684375 0.4770377541666667 0.49605056875000003 0.59395065625 0.47900639375000004 0.5680092083333333 0.378913509375
5 0.6906430520833333 0.3375704828125 0.5803478625 0.35364989375 0.6032878208333333 0.442161784375 0.7135830104166666 0.4260823734375 0.6906430520833333 0.3375704828125
4 0.73356895 0.23673784062499997 0.6188619541666667 0.2534604265625 0.6448034020833333 0.35355331093750003 0.7595103979166667 0.336830725 0.73356895 0.23673784062499997
4 0.6290976541666667 0.2804407703125 0.5096111999999999 0.29786013125 0.5366246083333334 0.40208908593750003 0.6561110645833333 0.384669725 0.6290976541666667 0.2804407703125
4 0.62764679375 0.226997965625 0.5838963687500001 0.23337613125 0.6040492291666666 0.3111342390625 0.6477996541666666 0.3047560734375 0.62764679375 0.226997965625
4 0.5260388 0.28616514843749996 0.4495674708333333 0.2973135390625 0.4750801333333333 0.3957519953125 0.5515514645833334 0.3846036046875 0.5260388 0.28616514843749996
4 0.5907994395833334 0.1775708203125 0.4669011770833333 0.19563335625 0.4960585083333333 0.30813445 0.61995676875 0.29007191250000003 0.5907994395833334 0.1775708203125
4 0.43707336249999995 0.28811797499999997 0.3183222083333333 0.305430140625 0.34440658541666663 0.4060745 0.46315773958333334 0.388762334375 0.43707336249999995 0.28811797499999997
4 0.40122558541666664 0.1917585390625 0.28247443125 0.209070703125 0.3117746895833333 0.322123271875 0.43052584374999997 0.30481110624999996 0.40122558541666664 0.1917585390625
4 0.51489833125 0.0230946171875 0.39100006875000004 0.0411571546875 0.41944275833333333 0.1509008671875 0.5433410208333334 0.13283833125 0.51489833125 0.0230946171875
4 0.39589146458333335 0.0453087203125 0.2661107916666667 0.064228825 0.2948393375 0.175075490625 0.4246200083333333 0.156155384375 0.39589146458333335 0.0453087203125