5 0.34498616666666665 0.6318347375 0.16728547916666667 0.6505653890625 0.19622845 0.8050203453125 0.3739291375 0.78628969375 0.34498616666666665 0.6318347375
3 0.6315503895833333 0.5887232703125 0.45281656249999996 0.607562821875 0.47909755416666666 0.747812053125 0.6578313812500001 0.728972503125 0.6315503895833333 0.5887232703125
3 0.6669285916666666 0.6238438609375 0.5543159458333334 0.6357138671875 0.5746921854166666 0.744452221875 0.68730483125 0.732582215625 0.6669285916666666 0.6238438609375
3 0.80917655625 0.41591880156250005 0.6328533958333333 0.4345042546875 0.6580695979166666 0.569071196875 0.8343927583333334 0.55048574375 0.80917655625 0.41591880156250005
5 0.6792704270833333 0.519163378125 0.54771681875 0.53302986875 0.56668946875 0.634277934375 0.6982430770833333 0.62041144375 0.6792704270833333 0.519163378125
5 1 0.47377744374999997 0.9979896125 0.4630489546875 0.8597205687499999 0.47762328906249996 0.8853723666666667 0.61451480625 1 0.6024324078125 1 0.47377744374999997
4 0.8876908375 0.47414829062499997 0.7795551479166666 0.48554639999999993 0.7974146062499999 0.580853890625 0.9055502958333334 0.5694557812500001 0.8876908375 0.47414829062499997
4 0.9569077041666667 0.40311267500000003 0.836718675 0.41578127499999995 0.8512385604166667 0.49326703906249997 0.9714275895833333 0.48059843906250005 0.9569077041666667 0.40311267500000003
4 0.22949464374999998 0.546818215625 0.052482720833333336 0.56547626875 0.077166525 0.6972020671875 0.25417845 0.678544015625 0.22949464374999998 0.546818215625
5 0.7385467583333334 0.3932057125 0.6266228770833333 0.4050031203125 0.6394487770833333 0.473448878125 0.75137265625 0.46165147187500005 0.7385467583333334 0.3932057125
4 0.3993369125 0.50020665 0.2674389229166667 0.514109440625 0.28636317291666663 0.6150992203125 0.4182611645833333 0.6011964296875 0.3993369125 0.50020665
4 0.81616186875 0.3098275203125 0.66911110625 0.325327496875 0.68987454375 0.436132140625 0.8369253062500001 0.4206321625 0.81616186875 0.3098275203125
4 0.8599327104166666 0.2857231546875 0.7249352895833333 0.2999526421875 0.74337554375 0.3983595625 0.8783729645833334 0.38413007499999996 0.8599327104166666 0.2857231546875
4 0.7130243354166667 0.25419345937500004 0.6086768416666666 0.265192271875 0.6246003145833333 0.3501683265625 0.7289478083333333 0.3391695140625 0.7130243354166667 0.25419345937500004
4 0.8115015270833333 0.240916146875 0.6964782145833334 0.25304025 0.7091589145833334 0.32071115156249996 0.8241822270833333 0.3085870484375 0.8115015270833333 0.240916146875
4 0.32292145 0.3173053515625 0.16726115833333333 0.333712821875 0.18836339166666666 0.4463254671875 0.34402368333333333 0.42991799531249997 0.32292145 0.3173053515625
4 0.33449265 0.296595009375 0.22429067500000002 0.3082109171875 0.23895575833333332 0.386471540625 0.34915773333333333 0.3748556328125 0.33449265 0.296595009375
4 0.14887026041666665 0.30022571249999996 0.004918929166666666 0.3153989921875 0.02505316875 0.42284591875000005 0.16900449999999997 0.40767263906249995 0.14887026041666665 0.30022571249999996
4 0.7869610395833334 0.053732178124999995 0.7239392833333333 0.060375025000000006 0.7358939895833333 0.1241716375 0.79891574375 0.11752879062499999 0.7869610395833334 0.053732178124999995
3 0.7417130729166667 0.05402398125 0.6476970125 0.063933803125 0.6614909020833333 0.13754527968750002 0.7555069645833333 0.12763545781250002 0.7417130729166667 0.05402398125
5 0.8522605083333333 0.42375672187499996 0.7665095958333333 0.43279534999999997 0.7772543104166666 0.490134815625 0.863005225 0.48109618750000005 0.8522605083333333 0.42375672187499996