3 0.6621317557411274 0.1387548078125 0.4345318956158664 0.1506664390625 0.4506652463465553 0.3233441921875 0.6782651064718163 0.311432559375 0.6621317557411274 0.1387548078125
3 0.6575771377870564 0.266057084375 0.4389409707724426 0.27749959375 0.45207656993736955 0.41809195312499997 0.6707127369519833 0.40664944375 0.6575771377870564 0.266057084375
5 0.8190332588726513 0.1120771984375 0.6498922672233821 0.1209293359375 0.6624828225469729 0.2556879875 0.8316238141962421 0.24683585 0.8190332588726513 0.1120771984375
5 0.8100307223382045 0.271414878125 0.6280287787056368 0.280940103125 0.6405103235908142 0.41453201406250006 0.8225122672233821 0.40500678749999997 0.8100307223382045 0.271414878125
5 0.5718083319415449 0.389695759375 0.36369476200417533 0.400587559375 0.37742991231732775 0.5475969984375 0.5855434822546972 0.5367051984375 0.5718083319415449 0.389695759375
4 0.4194331983298539 0.5193117828125 0.2619839812108559 0.5275520218749999 0.27345718997912316 0.6503515734375 0.43090640918580375 0.642111334375 0.4194331983298539 0.5193117828125
4 0.6402091878914404 0.7256858078125 0.5439469164926931 0.730723775 0.550759987473904 0.8036451250000001 0.6470222588726513 0.7986071578125 0.6402091878914404 0.7256858078125
4 0.8853956263048017 0.4304406765625 0.6819587640918581 0.44108771718749995 0.6959391837160752 0.590722325 0.8993760459290188 0.580075284375 0.8853956263048017 0.4304406765625
5 0.9644136054279749 0.3351474765625 0.7890370020876827 0.344325959375 0.8007282317327766 0.46945899375 0.9761048350730689 0.4602805109375 0.9644136054279749 0.3351474765625
4 0.9785437327766179 0.52830133125 0.7961520626304801 0.5378469546875 0.8085518517745303 0.6705638078125 0.990943521920668 0.661018184375 0.9785437327766179 0.52830133125
4 0.9047856242171189 0.6379748359375 0.7286295699373695 0.6471941125 0.7408113382045929 0.777577484375 0.916967394572025 0.7683582078125 0.9047856242171189 0.6379748359375
4 0.7995592985386221 0.72731188125 0.6362641920668058 0.73585806875 0.6480644300626305 0.8621578453125001 0.8113595365344467 0.8536116578125 0.7995592985386221 0.72731188125