3 0 0.5087369515625 0.11470365208333333 0.5301860765625 0.16151109583333334 0.38938527343749996 0.029661979166666668 0.364730015625 0 0.4539557921875 0 0.5087369515625
3 0 0.5756495296875 0.04975580416666667 0.584953665625 0.07520370208333334 0.508404209375 0 0.4943414171875 0 0.5756495296875
3 0.7446959458333333 0.08603310625 0.5797172291666667 0.055182746875 0.54016869375 0.1741481296875 0.7051474104166666 0.20499849062500003 0.7446959458333333 0.08603310625
3 0.6333211854166667 0.1377173109375 0.4917674354166667 0.1112473265625 0.45513915208333333 0.22142834687500002 0.5966929000000001 0.24789833125 0.6333211854166667 0.1377173109375
3 0.5994521249999999 0.2465482078125 0.46258337083333334 0.2209542984375 0.439471675 0.2904762640625 0.5763404270833333 0.3160701734375 0.5994521249999999 0.2465482078125
4 0 0.6946792703125 0.1154043 0.7162594125 0.1501135625 0.6118509750000001 0.023618722916666668 0.5881969453125 0 0.659244090625 0 0.6946792703125
4 0.5873916145833333 0.27801581249999996 0.4428260854166667 0.2509826359375 0.4075327729166667 0.35714794843750003 0.5520983 0.3841811234375 0.5873916145833333 0.27801581249999996
4 0.34085738958333334 0.5951355578124999 0.20331935 0.5694164953125 0.16827634375 0.6748288609374999 0.3058143833333334 0.7005479234374999 0.34085738958333334 0.5951355578124999
4 0.20166940416666668 0.7454532578124999 0.05074566875 0.7172311234375 0.0151186125 0.8244003609374999 0.16604234791666667 0.8526224953125 0.20166940416666668 0.7454532578124999
4 0.35076913958333333 0.743343615625 0.205534325 0.7161852859375 0.16773793958333333 0.8298800515625 0.31297275416666664 0.85703838125 0.35076913958333333 0.743343615625
4 0.4386829520833333 0.6446188703125 0.2824049375 0.6153955078125 0.24460855208333332 0.729090271875 0.40088656666666667 0.7583136359375 0.4386829520833333 0.6446188703125
4 0.44041104375 0.5116500328125 0.31157370833333337 0.4875579671875 0.274945425 0.5977389875 0.4037827583333333 0.621831053125 0.44041104375 0.5116500328125
4 0.546021775 0.3698489328125 0.41718443958333334 0.34575686562499997 0.3873978854166667 0.435357375 0.5162352208333333 0.4594494421875 0.546021775 0.3698489328125
4 0.49070231875000003 0.4352142609375 0.34781000208333335 0.4084939703125 0.316688475 0.5021101890625 0.45958079166666665 0.52883048125 0.49070231875000003 0.4352142609375
5 0.67341326875 0.3656793140625 0.5485916437499999 0.34233816875 0.5147167375 0.4442367890625 0.6395383625 0.46757793437500006 0.67341326875 0.3656793140625
4 0.6658113916666667 0.4767562296875 0.51957265 0.44941016874999995 0.4870327145833333 0.54729308125 0.63327145625 0.574639140625 0.6658113916666667 0.4767562296875
4 0.6664709999999999 0.5645857000000001 0.4998190708333333 0.5334224562500001 0.45885212708333334 0.65665453125 0.6255040583333333 0.687817775 0.6664709999999999 0.5645857000000001
4 0.5428689645833333 0.6979574046875 0.37956346041666666 0.667419928125 0.33901369583333335 0.78939709375 0.5023192020833334 0.8199345703124999 0.5428689645833333 0.6979574046875
4 0.7121977291666667 0.1837905265625 0.6445999583333334 0.17115001406250002 0.6310833708333334 0.21180907031250001 0.6986811416666666 0.2244495828125 0.7121977291666667 0.1837905265625
4 0.7131384604166667 0.20822558125 0.6391824833333334 0.19439610937500001 0.62758491875 0.22928258281249997 0.70154089375 0.2431120546875 0.7131384604166667 0.20822558125
4 0.7787582916666668 0.1567826578125 0.7141723020833334 0.1447053375 0.6906434270833334 0.2154822109375 0.7552294145833333 0.22755953281250002 0.7787582916666668 0.1567826578125
4 0.8710678812499999 0.11272986874999999 0.7860687020833333 0.0968353625 0.75703306875 0.1841770359375 0.8420322458333334 0.20007154218749998 0.8710678812499999 0.11272986874999999
4 0.8600183833333334 0.10319930468750001 0.87603804375 0.055010796875000004 0.7880270854166667 0.0385530984375 0.772007425 0.0867416078125 0.8600183833333334 0.10319930468750001
4 1 0.16309818125 0.9640787958333333 0.156381059375 0.9417180208333333 0.2236441875 1 0.23454268437499998 1 0.16309818125
4 0.9708946604166666 0.20430779375000002 0.8852261958333333 0.1882881328125 0.8596114270833334 0.265339553125 0.9452798895833333 0.2813592125 0.9708946604166666 0.20430779375000002
4 0.94267044375 0.2619437953125 0.8677105416666666 0.24792659218750002 0.8554454895833333 0.2848209203125 0.9304053916666667 0.298838121875 0.94267044375 0.2619437953125
3 0.5252459166666666 0.8782050281249999 0.45564029166666664 0.8651890546875001 0.4374513020833334 0.9199030921875 0.5070569270833334 0.932919065625 0.5252459166666666 0.8782050281249999
3 0.5509527770833333 0.8607523468749999 0.4723118041666667 0.8460467984375001 0.45554122291666665 0.8964941453125 0.5341821958333333 0.9111996937500001 0.5509527770833333 0.8607523468749999
3 0.5960813791666666 0.8121422453125 0.5268103979166666 0.7991888484375 0.5076201791666667 0.85691466875 0.5768911625 0.869868065625 0.5960813791666666 0.8121422453125
3 0.7761907604166667 0.63335455625 0.7313486729166667 0.6249692640625 0.7145780916666666 0.675416609375 0.7594201791666666 0.6838019015625 0.7761907604166667 0.63335455625
3 0.7113795416666666 0.6021743625 0.6541556854166667 0.5914737296875 0.63905381875 0.6369014390625 0.6962776729166666 0.647602071875 0.7113795416666666 0.6021743625
5 0.56760516875 0.9181161156250001 0.4879602708333334 0.9032228375000001 0.46618354375 0.96872909375 0.5458284437500001 0.983622371875 0.56760516875 0.9181161156250001
5 0.5231448104166667 1 0.5326436895833333 0.9714265609374999 0.44730986875 0.9554694765624999 0.4325062604166667 1 0.5231448104166667 1
5 0.45170306875 0.8583213781250001 0.385109225 0.8458685953125 0.36683679999999996 0.900833615625 0.43343064375 0.9132863984374999 0.45170306875 0.8583213781250001
4 0.4658066270833333 0.9185408234375 0.39151600625 0.9046487750000001 0.3716583041666667 0.9643824499999999 0.4459489229166667 0.9782744984375 0.4658066270833333 0.9185408234375
4 0.45969782708333334 1 0.46001919583333334 0.9990332937499999 0.3633075333333334 0.9809485984374999 0.36055415416666664 0.9892309984375001 0.418143625 1 0.45969782708333334 1
4 0.3157949458333333 0.93034354375 0.29998387499999996 0.9779045984374999 0.35988487083333337 0.9891058453125 0.3756959416666667 0.941544790625 0.3157949458333333 0.93034354375
4 0.20677416666666665 0.6985560046875 0.09667680625000001 0.6779682390625 0.07965591875000001 0.7291685296875 0.18975327916666668 0.749756296875 0.20677416666666665 0.6985560046875