2 0.5416931106471816 0.276539240625 0.33104839248434237 0.2372315828125 0.2765406409185804 0.40085397812499995 0.48718535908141963 0.4401616375 0.5416931106471816 0.276539240625
0 0.6643125260960333 0.37245122343750003 0.4868925302713987 0.3393435125 0.4443135260960334 0.46715796718749997 0.6217335240083508 0.5002656796875 0.6643125260960333 0.37245122343750003
1 0.7984334279749478 0.565726325 0.7505898329853863 0.556798403125 0.740069338204593 0.5883790171875 0.7879129331941546 0.597306940625 0.7984334279749478 0.565726325
0 0.8151055135699373 0.5903635859375 0.7479915824634655 0.5778396953125 0.7313410396659709 0.6278216125 0.7984549707724425 0.6403455046875 0.8151055135699373 0.5903635859375
1 0.8085747766179541 0.67511741875 0.7524250020876827 0.6646395109375 0.7385081294363256 0.7064154421875 0.7946579039665971 0.71689335 0.8085747766179541 0.67511741875
0 0.7765370334029227 0.6976644125 0.7104198455114823 0.6853265203125 0.6944320104384133 0.73331910625 0.7605491983298539 0.7456569984375 0.7765370334029227 0.6976644125
1 0.8216604634655532 0.77990751875 0.7395954091858038 0.764593653125 0.7134184342379959 0.8431721890625001 0.7954834885177453 0.85848605625 0.8216604634655532 0.77990751875
1 0.8692056388308976 0.7796674625 0.7984369895615867 0.7664615765625 0.7803781899791232 0.8206708203125 0.851146841336117 0.8338767046875001 0.8692056388308976 0.7796674625
0 0 0.5620019671875001 0.10714982881002087 0.5819968140625 0.13316112526096033 0.503915609375 0 0.4790668875 0 0.5620019671875001
2 0 0.504819021875 0.06893459290187891 0.5176826609375 0.0889815177453027 0.4575054265625 0.004124546972860125 0.44167057187500003 0 0.454051715625 0 0.504819021875
1 0.21242070354906054 0.884650390625 0.12902665762004176 0.8690885249999999 0.10798567223382045 0.9322497546875 0.19137971816283925 0.94781161875 0.21242070354906054 0.884650390625
1 0.21641023799582465 0.8393051453125 0.13500967849686846 0.824115278125 0.11454856158663883 0.8855358437499999 0.19594912108559498 0.9007257109375001 0.21641023799582465 0.8393051453125
1 0.8688233674321504 0.9169408453125 0.8239699979123173 0.9085709171874999 0.8129524739039666 0.9416435296874999 0.8578058434237996 0.95001345625 0.8688233674321504 0.9169408453125
1 0.8449626388308977 0.9355991687499999 0.8687183131524008 0.9400321296874999 0.8811440918580375 0.9027321921875 0.8573884175365345 0.89829923125 0.8449626388308977 0.9355991687499999