5 0.9325448079331942 0.389159571875 0.8164735427974947 0.3722733484375 0.7927727995824635 0.46353014843749996 0.9088440647181628 0.48041637187499997 0.9325448079331942 0.389159571875
5 0.87416648434238 0.48006400625 0.7537013528183716 0.46253855625 0.7296447432150314 0.555165578125 0.850109872651357 0.5726910265625 0.87416648434238 0.48006400625
4 0.6686224363256785 0.5282286328125 0.5715912526096034 0.5141123890625 0.5515203549060542 0.5913929203125 0.6485515365344467 0.6055091640625 0.6686224363256785 0.5282286328125
5 0.5545638288100209 0.4355585203125 0.4564341795407098 0.42128247031250005 0.4372173611691023 0.4952744703125 0.5353470104384134 0.50955051875 0.5545638288100209 0.4355585203125
5 0.47489895615866384 0.35457543281250004 0.36908004175365344 0.3391807375 0.3483685824634655 0.41892767031249994 0.454187496868476 0.43432236562500004 0.47489895615866384 0.35457543281250004
5 0.6515223653444676 0.24731440937500002 0.507257133611691 0.2263264859375 0.47949950730688934 0.3332038171875 0.6237647390396659 0.35419174062500003 0.6515223653444676 0.24731440937500002
4 0.7147428726513569 0.289928690625 0.6415117891440502 0.279274921875 0.6257824676409186 0.33983874375 0.6990135511482255 0.3504925125 0.7147428726513569 0.289928690625
4 0.5878139311064718 0.2080419328125 0.5347213966597077 0.20031795 0.5243300814196242 0.24032843750000002 0.5774226137787057 0.2480524203125 0.5878139311064718 0.2080419328125
5 0.7509833820459291 0.1876982484375 0.624659764091858 0.169320496875 0.5987526471816285 0.269072671875 0.7250762630480168 0.2874504234375 0.7509833820459291 0.1876982484375
4 0.23141370981210857 0.355698084375 0.12852404175365345 0.340729540625 0.1074567139874739 0.42184669374999995 0.21034638413361167 0.4368152390625 0.23141370981210857 0.355698084375
5 0.18805185177453027 0.251983128125 0.059897457202505215 0.2333390328125 0.03605436743215031 0.3251439203125 0.16420876200417536 0.343788015625 0.18805185177453027 0.251983128125
4 0.8011968371607515 0.5561899218749999 0.7459073716075156 0.5481463265625 0.7364413089770354 0.5845942375 0.7917307745302714 0.5926378328124999 0.8011968371607515 0.5561899218749999