4 0.09531456458333333 0.9224557671875001 0.0246305375 0.9196774734375 0.020561179166666665 0.977913453125 0.09124520833333333 0.9806917484375001 0.09531456458333333 0.9224557671875001
4 0.11096961458333333 0.8458208828125 0.04376755625 0.84317945 0.04035513541666667 0.8920141046875001 0.10755719375 0.8946555375 0.11096961458333333 0.8458208828125
4 0.08871284583333333 0.78458614375 0.03334949583333333 0.7824100406250001 0.030466272916666665 0.8236714078125 0.08582962499999999 0.8258475109375001 0.08871284583333333 0.78458614375
4 0.73530631875 1 0.7398877270833334 0.93443613125 0.6531866291666667 0.931028271875 0.6483670875 1 0.73530631875 1
4 0.9657476520833334 1 0.9710847375 0.9236217703125 0.9049272729166666 0.9210213968750001 0.89940848125 1 0.9657476520833334 1
3 0.35470882916666663 0.61304505625 0.28472119375 0.610294134375 0.28098030416666664 0.6638294515625 0.35096793958333333 0.6665803734375 0.35470882916666663 0.61304505625
4 0.39166335208333336 0.613842921875 0.34047836458333336 0.611831053125 0.33783237083333334 0.649697496875 0.38901735625 0.651709365625 0.39166335208333336 0.613842921875
4 0.4621661395833333 0.6541917421875 0.41864149166666664 0.6524809703125001 0.41646995 0.6835575687500001 0.45999459791666664 0.685268340625 0.4621661395833333 0.6541917421875
4 0.474762625 0.5838523328125 0.4406393 0.5825110875 0.4386867395833333 0.6104539124999999 0.47281006458333336 0.6117951578125 0.474762625 0.5838523328125
5 0.2709742895833333 0.5097213109375 0.22222668333333334 0.5078052468750001 0.21910623541666666 0.5524615359375 0.2678538395833333 0.5543776015625 0.2709742895833333 0.5097213109375
4 0.40639636458333334 0.51792470625 0.3569523625 0.5159812671874999 0.35448885 0.5512362343749999 0.4039328520833333 0.553179671875 0.40639636458333334 0.51792470625
5 0.5344328041666666 0.49441398437500006 0.43206283125 0.490390246875 0.4268073375 0.5656008390625 0.5291773125 0.569624575 0.5344328041666666 0.49441398437500006
4 0.66523215 0.5487858109375 0.5750490791666666 0.5452410890625 0.5704687708333334 0.610789209375 0.6606518416666667 0.61433393125 0.66523215 0.5487858109375
5 0.6760215625 0.47182874375 0.5771335625 0.46794186875 0.5718233229166666 0.5439359046875001 0.6707113229166667 0.5478227812500001 0.6760215625 0.47182874375
5 0.6947364291666667 0.516295828125 0.6362393041666666 0.51399655 0.6325531583333334 0.5667484234375 0.6910502854166667 0.5690477015625001 0.6947364291666667 0.516295828125
4 0.80217053125 0.417867475 0.71860320625 0.4145827921875 0.7142601249999999 0.47673598906250003 0.79782745 0.4800206734375 0.80217053125 0.417867475
5 0.83246516875 0.42403366875000004 0.7767536166666668 0.4218438796875 0.7727755 0.4787741203125 0.8284870520833334 0.48096390937500005 0.83246516875 0.42403366875000004
5 0.7075583000000001 0.402757528125 0.6051883270833333 0.39873379062500003 0.59996933125 0.47342208750000003 0.7023393041666667 0.47744582500000005 0.7075583000000001 0.402757528125
4 0.8059888541666667 0.378214053125 0.7339120375 0.3753810140625 0.7307185958333334 0.4210818953125 0.8027954125 0.42391493437500005 0.8059888541666667 0.378214053125
4 0.8219363749999999 0.3298721 0.7658766270833334 0.327668625 0.7627561791666667 0.3723249140625 0.8188159270833334 0.374528390625 0.8219363749999999 0.3298721
4 0.6862903979166667 0.36984309375 0.5995893 0.36643523437500003 0.5956111833333334 0.42336547500000005 0.68231228125 0.426773334375 0.6862903979166667 0.36984309375
4 0.6586841770833334 0.34519014531250003 0.5911339229166667 0.3425350265625 0.5881229645833332 0.3856244265625 0.6556732166666667 0.3882795453125 0.6586841770833334 0.34519014531250003
4 0.65248221875 0.319021721875 0.6169661041666666 0.31762573125000004 0.6150682875 0.3447851125 0.6505844020833333 0.346181103125 0.65248221875 0.319021721875
4 0.75183110625 0.3013228375 0.6745313333333333 0.29828450625 0.6701700020833333 0.3606988515625 0.7474697770833333 0.363737184375 0.75183110625 0.3013228375
4 0.74774644375 0.27733255625000003 0.6774106124999999 0.2745679484375 0.6748558583333334 0.31112865312500004 0.7451916895833333 0.3138932609375 0.74774644375 0.27733255625000003
4 0.56117961875 0.46391053906249996 0.4786568854166667 0.4606669140625 0.4742408104166667 0.523864703125 0.5567635458333334 0.527108328125 0.56117961875 0.46391053906249996
5 0.5408485229166666 0.3151575953125 0.43813035208333334 0.31112017187499996 0.43256463749999996 0.3907702796875 0.5352828083333333 0.394807703125 0.5408485229166666 0.3151575953125
4 0.5657379791666667 0.38618482656249997 0.4807778645833333 0.3828453984375 0.47621580416666665 0.4481323703125 0.56117591875 0.4514717984375 0.5657379791666667 0.38618482656249997
4 0.5648756104166667 0.3210774375 0.5178689895833333 0.319229803125 0.5143653270833333 0.3693702 0.5613719479166667 0.371217834375 0.5648756104166667 0.3210774375
4 0.59538674375 0.2541917640625 0.5017216999999999 0.25051018125 0.49686766875 0.319975521875 0.5905327125 0.3236571046875 0.59538674375 0.2541917640625
4 0.5595120687499999 0.217953615625 0.4815159 0.2148879109375 0.47764727291666664 0.2702512625 0.5556434416666666 0.2733169671875 0.5595120687499999 0.217953615625
4 0.49119616666666666 0.41363125624999997 0.4184229541666667 0.41077084375000006 0.4142258604166667 0.4708348578125 0.4869990708333333 0.47369526874999995 0.49119616666666666 0.41363125624999997
4 0.4258926666666667 0.3863181890625 0.34058435625 0.382965075 0.3358033166666667 0.45138582187500004 0.42111162708333333 0.4547389359375 0.4258926666666667 0.3863181890625
4 0.43248004166666665 0.3220273515625 0.3523946875 0.3188795296875 0.3479056208333333 0.38312191093750003 0.42799097291666666 0.3862697328125 0.43248004166666665 0.3220273515625
4 0.3842216770833333 0.270638003125 0.3211979875 0.26816080468750003 0.3175118416666667 0.320912678125 0.38053553333333334 0.32338987656249996 0.3842216770833333 0.270638003125
5 0.3891063208333333 0.3656251828125 0.3138957291666667 0.36266896875 0.3096621375 0.4232552796875 0.38487272708333337 0.42621149375 0.3891063208333333 0.3656251828125
5 0.4142761625 0.45512492499999996 0.34951148541666666 0.4525792953125 0.34571585208333333 0.5068980578125 0.41048052916666666 0.5094436875 0.4142761625 0.45512492499999996
4 0.3083236125 0.48238419062500004 0.26653995 0.4807418484375 0.26442315208333333 0.5110350046875001 0.3062068145833334 0.5126773453125 0.3083236125 0.48238419062500004