4 0.44185672291666667 0.4420626921875 0.21911004791666666 0.43038071875000006 0.2064406020833333 0.566266846875 0.42918727916666666 0.5779488203125001 0.44185672291666667 0.4420626921875
4 0.31477864791666665 0.41130090781249995 0.16130725625 0.40325208437500004 0.15159401666666666 0.5074314484375 0.30506540625 0.515480271875 0.31477864791666665 0.41130090781249995
4 0.3526171791666667 0.3768718640625 0.232540025 0.3705744046875 0.22657793333333334 0.43452081875 0.3466550875 0.44081827812499996 0.3526171791666667 0.3768718640625
4 0.2278267604166667 0.25265274843749996 0.036342775 0.24261035 0.022977754166666666 0.38595689375000003 0.2144617375 0.3959992921875 0.2278267604166667 0.25265274843749996
4 0.31888326041666665 0.242836046875 0.16789867083333335 0.23491764375000002 0.15684396041666665 0.3534849515625 0.30782854791666664 0.3614033546875 0.31888326041666665 0.242836046875
4 0.4739208354166667 0.209198596875 0.26680550625 0.1983364109375 0.2535895375 0.34008429375000004 0.4607048666666667 0.35094647968750003 0.4739208354166667 0.209198596875
4 0.5115939083333333 0.11719543750000001 0.32650456666666666 0.10748840625 0.3146300666666667 0.234848346875 0.49971940833333334 0.244555378125 0.5115939083333333 0.11719543750000001
4 0.6241931937499999 0.1079730578125 0.46539293333333337 0.0996447609375 0.4537916958333333 0.22407382187499997 0.61259195625 0.23240211875 0.6241931937499999 0.1079730578125
4 0.30261180625 0 0.298133375 0.0480334171875 0.5034724145833334 0.05880244531249999 0.5089549041666667 0 0.30261180625 0
4 0.48057380208333333 0 0.47540330833333333 0.055456134375 0.6043619083333333 0.0622193828125 0.6097402125 0.0045343890625 0.5232805083333333 0 0.48057380208333333 0
3 0.5326633354166667 0.3832353234375 0.48079568749999996 0.38051511875 0.47575275208333334 0.434603128125 0.5276203979166667 0.43732333125 0.5326633354166667 0.3832353234375
3 0.5033246041666667 0.34755900624999997 0.44612808958333333 0.34455932968749997 0.44260051666666667 0.382394290625 0.49979703333333336 0.3853939671875 0.5033246041666667 0.34755900624999997