3 0.42689254583333336 0 0.32082081041666666 0.018366442187500002 0.3745350833333333 0.1928630046875 0.5759673562500001 0.1579847765625 0.5273358104166667 0 0.42689254583333336 0
3 0.35606480625 0.12698299375 0.19710507500000002 0.154507053125 0.24058119375 0.29574386874999997 0.39954092291666665 0.268219809375 0.35606480625 0.12698299375
5 0.245377125 0.2258352859375 0.08891577708333333 0.252926746875 0.12691231875 0.37636257031250003 0.28337366458333335 0.349271109375 0.245377125 0.2258352859375
4 0 0.40154478281249995 0.03369173958333334 0.3957110203125 0.020209095833333336 0.3519112125 0 0.355410440625 0 0.40154478281249995
3 0.6074585541666667 0.22555752343750002 0.43850528333333333 0.2548119765625 0.47895321458333334 0.3862114015625 0.6479064854166666 0.35695695 0.6074585541666667 0.22555752343750002
4 0.38867385416666667 0.2964991796875 0.23877076666666666 0.3224550703125 0.27323442291666666 0.43441393906250003 0.4231375104166667 0.40845804843750005 0.38867385416666667 0.2964991796875
3 0.4782265916666667 0.338969334375 0.33862934166666664 0.3631407578125 0.37374189375 0.4772076375 0.51333914375 0.4530362140625 0.4782265916666667 0.338969334375
4 0.27372988125000003 0.362289496875 0.13881710416666668 0.38564979843749997 0.17205506458333333 0.493626865625 0.30696784166666663 0.4702665640625 0.27372988125000003 0.362289496875
3 0.2572247791666667 0.45026153593749996 0.16415994583333332 0.46637581875 0.181031275 0.521184134375 0.27409610833333337 0.505069853125 0.2572247791666667 0.45026153593749996
5 0.6156429791666667 0.356869134375 0.46542759375000003 0.38287909999999997 0.49866555416666664 0.49085616718749997 0.6488809375 0.4648462015625 0.6156429791666667 0.356869134375
4 0.10857901666666667 0.4450379 0.03269057708333333 0.4581780703125 0.04920140833333333 0.5118152703125001 0.12508984791666666 0.4986751 0.10857901666666667 0.4450379
4 0 0.49282663906249996 0.025078941666666667 0.4884841921875 0.009000710416666667 0.43625233437500005 0 0.4378108171875 0 0.49282663906249996
4 0 0.5329166437499999 0.020243341666666668 0.5294114859375 0.008563191666666666 0.49146726718749995 0 0.49294999375000004 0 0.5329166437499999
4 0.08330205208333334 0.5066508265625 0.012410383333333334 0.5189258 0.028416516666666666 0.5709234328125 0.09930818333333334 0.558648459375 0.08330205208333334 0.5066508265625
4 0.15277863958333335 0.51275389375 0.09875106666666666 0.522108828125 0.11129641458333334 0.56286373125 0.1653239875 0.5535087953125 0.15277863958333335 0.51275389375
4 0.2923758895833333 0.48858246875000005 0.19306509375 0.5057782468750001 0.22017457916666666 0.5938463109375001 0.319485375 0.5766505328125 0.2923758895833333 0.48858246875000005
4 0.39583241458333335 0.48485454843750003 0.26123193541666667 0.508160775 0.2933163 0.612390265625 0.42791678125000004 0.5890840390625 0.39583241458333335 0.48485454843750003
4 0.4852548083333333 0.44568701875 0.3656446375 0.46639765625 0.3957823104166666 0.5643031093750001 0.51539248125 0.543592471875 0.4852548083333333 0.44568701875
4 0.09562055625 0.5584235 0.05189882291666667 0.56599396875 0.06170438125 0.597848375 0.10542611458333333 0.59027790625 0.09562055625 0.5584235
4 0.06299203541666668 0.616991971875 0.024891666666666666 0.6235890937499999 0.034697225000000005 0.6554435 0.07279759375 0.648846378125 0.06299203541666668 0.616991971875
4 0.3280731708333333 0.571956346875 0.2531216270833333 0.5849342921875 0.2646575770833333 0.6224100640625 0.33960912083333333 0.60943211875 0.3280731708333333 0.571956346875
4 0.4894618 0.564611815625 0.3851542333333333 0.582672790625 0.4137057125 0.675425325 0.5180132791666667 0.65736435 0.4894618 0.564611815625
4 0.41207463333333333 0.5995984187500001 0.3115146458333333 0.6170104953125 0.33689373749999996 0.6994571921875 0.43745372708333335 0.682045115625 0.41207463333333333 0.5995984187500001
4 0.6147020708333333 0.5167753015625001 0.4916566229166667 0.5380807625 0.5207849 0.6327070859374999 0.6438303479166667 0.611401625 0.6147020708333333 0.5167753015625001
4 0.32501917708333333 0.6437836796874999 0.2513168270833333 0.6565453265625 0.26963015 0.7160381140625 0.3433325 0.7032764671875 0.32501917708333333 0.6437836796874999
4 0.6211168395833333 0.6166913875 0.5143108875 0.6351849609375 0.5404830791666666 0.7202081171875 0.6472890291666666 0.7017145453125 0.6211168395833333 0.6166913875
4 0.53042758125 0.7067767125 0.43611355625 0.7231072937499999 0.45997855625 0.8006352968750001 0.5542925812499999 0.784304715625 0.53042758125 0.7067767125
4 0.6395947479166666 0.743506884375 0.5699522708333333 0.7555655578125 0.5892028916666666 0.8181032531250001 0.6588453666666666 0.806044578125 0.6395947479166666 0.743506884375
3 0.7212445375000001 0.8880021921875001 0.6640939854166666 0.8978978765625 0.67981171875 0.9489586140625 0.7369622729166667 0.93906293125 0.7212445375000001 0.8880021921875001