4 0.5759570708333333 1 0.7098855270833333 0.9768101343750001 0.6624820499999999 0.822814865625 0.4523018395833333 0.8592078093750001 0.49564109166666664 1 0.5759570708333333 1
4 1 0.78722915625 0.9127541458333333 0.8023358765624999 0.9351630645833333 0.8751336390625 1 0.8639070500000001 1 0.78722915625
4 0.7573515375 0.8276219828125001 0.8783078229166666 0.8066782640625 0.84934860625 0.71260115625 0.7283923229166667 0.733544875 0.7573515375 0.8276219828125001
4 0.6068087145833334 0.79013446875 0.6676601791666666 0.7795979671875 0.6519739375 0.728639534375 0.5911224729166666 0.739176034375 0.6068087145833334 0.79013446875
4 0.4810647895833334 0.876641009375 0.6203138437500001 0.8525298765624999 0.59006180625 0.7542528953125001 0.4508127520833333 0.7783640296875001 0.4810647895833334 0.876641009375
4 0.6346582833333334 0.737536059375 0.7474014875 0.71801444375 0.7226654895833333 0.6376569125 0.6099222875 0.6571785265625001 0.6346582833333334 0.737536059375
5 0.36378758541666667 0.8086206562499999 0.546341975 0.7770111546875 0.5024722104166667 0.634495534375 0.31991781874999997 0.6661050359375 0.36378758541666667 0.8086206562499999
5 0.40995273125 0.7056644890625 0.6010935270833334 0.672568240625 0.5554138104166667 0.5241728 0.36427301458333333 0.557269046875 0.40995273125 0.7056644890625
4 0.5670716583333333 0.62655413125 0.6316563416666666 0.6153712203125 0.6065755895833332 0.533893721875 0.5419909083333334 0.545076634375 0.5670716583333333 0.62655413125
3 0.46661062291666666 0.5742016828125001 0.6192992645833333 0.5477634703125001 0.58310024375 0.43016708281250005 0.43041160208333334 0.45660529531250005 0.46661062291666666 0.5742016828125001
3 0.20408228541666668 0.644284165625 0.4053027708333333 0.6094426078125 0.362381075 0.4700068921875 0.16116058958333335 0.5048484484375 0.20408228541666668 0.644284165625
3 0.14692814375 0.48224504062499995 0.30148339583333333 0.455483621875 0.2642501166666667 0.3345273375 0.10969486458333333 0.36128875625 0.14692814375 0.48224504062499995
5 0.6992236333333334 0.45739403906250004 0.77463465 0.4443365359375 0.7563627625 0.3849783578125 0.6809517458333333 0.3980358625 0.6992236333333334 0.45739403906250004
5 0.9030835395833333 0.4017463296875 0.9624417145833333 0.39146839375 0.9500306229166667 0.3511496328125 0.8906724458333334 0.36142756875000004 0.9030835395833333 0.4017463296875
4 0.8611741395833333 0.43421821875 0.8985063249999999 0.427754109375 0.8895427583333333 0.3986350046875 0.8522105729166667 0.405099115625 0.8611741395833333 0.43421821875
4 0.8144302791666667 0.387752703125 0.8450426708333333 0.3824521328125 0.838837125 0.36229275156249996 0.8082247333333333 0.3675933234375 0.8144302791666667 0.387752703125
4 0.9034619020833333 0.441936709375 0.9542336770833334 0.43314551874999996 0.9410468916666667 0.39030683437499997 0.8902751166666667 0.39909802499999997 0.9034619020833333 0.441936709375
4 0.9408541083333334 0.4561062546875 0.9658666729166666 0.4517753 0.9596611270833333 0.4316159203125 0.9346485625 0.43594687343749994 0.9408541083333334 0.4561062546875
3 0.9438225583333334 0.4255109359375 0.9878745375 0.4178832859375 0.9752910687499999 0.3770045421875 0.9312390895833332 0.3846321921875 0.9438225583333334 0.4255109359375