0 0 0.8774793484375 0.16445454488517744 0.9036416484375 0.20535634446764092 0.7596214375 0.017565319415448852 0.7297466453125 0 0.791596271875 0 0.8774793484375
1 0.5605131607515657 0.2501553640625 0.33960202505219206 0.21501165000000003 0.2967290521920668 0.36597259375 0.5176401878914405 0.401116309375 0.5605131607515657 0.2501553640625
1 0.1722877139874739 0.1569158453125 0.1279067682672234 0.14985548906249999 0.11854370354906055 0.182823971875 0.16292465135699374 0.189884328125 0.1722877139874739 0.1569158453125
1 0.13104115031315242 0.144913384375 0.09146261795407098 0.138617021875 0.08033958246346556 0.1777825890625 0.1199181127348643 0.1840789515625 0.13104115031315242 0.144913384375
1 0.1324152025052192 0.23697681718750002 0.07478621294363257 0.22780889218749997 0.06183280167014614 0.273419425 0.11946179331941545 0.28258735 0.1324152025052192 0.23697681718750002
2 0.07382243215031316 0.2732541375 0.05411596659707725 0.270119128125 0.04292253027139875 0.30953257500000003 0.06262899582463466 0.31266758437500003 0.07382243215031316 0.2732541375
2 0.11704016701461378 0.2783158640625 0.07828963674321504 0.2721512234375 0.07153133611691022 0.295948021875 0.11028186638830899 0.3021126625 0.11704016701461378 0.2783158640625
1 0.43640133611691023 0.3507549421875 0.21449659707724425 0.31545315937499996 0.1658509102296451 0.48674053749999996 0.3877556492693111 0.52204231875 0.43640133611691023 0.3507549421875
0 0.5726750772442588 0.4724400390625 0.5226637118997912 0.4644839671875 0.5125966597077245 0.49993128125 0.562608025052192 0.5078873546875 0.5726750772442588 0.4724400390625
1 0.21867432150313154 0.338528434375 0.13686764926931105 0.3255141953125 0.11645194780793319 0.397400359375 0.19825862004175365 0.4104145984375 0.21867432150313154 0.338528434375
2 0.1492068935281837 0.32838397656249996 0.09488991231732775 0.31974294375 0.08299248643006263 0.361635225 0.1373094676409186 0.370276259375 0.1492068935281837 0.32838397656249996
0 0.12153569728601252 0.3435426453125 0.06026349269311065 0.3337951375 0.04829566805845511 0.375935303125 0.10956787265135699 0.3856828109375 0.12153569728601252 0.3435426453125
2 0.13435522129436325 0.40322795781250004 0.08335025260960334 0.3951138171875 0.0723680146137787 0.433783615625 0.12337298329853862 0.44189775625000005 0.13435522129436325 0.40322795781250004
1 0.10147785386221295 0.3044687734375 0.08127458663883089 0.30125473125 0.07599466388308977 0.3198459796875 0.09619793110647182 0.3230600234375 0.10147785386221295 0.3044687734375
1 0.07565698121085596 0.4666921890625 0.012066369519832986 0.45657585625 0.0040408872651357 0.48483455624999994 0.06763149895615866 0.49495088750000005 0.07565698121085596 0.4666921890625
1 0 0.535490096875 0.05965412526096033 0.5449801921875 0.07704267014613779 0.4837530109375 0 0.4714966546875 0 0.535490096875
1 0.1513246701461378 0.5269192 0.1003196993736952 0.518805059375 0.08743668893528184 0.56416770625 0.13844165762004174 0.5722818484375 0.1513246701461378 0.5269192
1 0.1529553841336117 0.5906539000000001 0.10294401878914404 0.5826978265625 0.09196178079331942 0.621367625 0.14197314613778705 0.6293236984374999 0.1529553841336117 0.5906539000000001
1 0.2924961231732776 0.505203890625 0.21499506471816285 0.4928746125 0.2010560688935282 0.5419555109374999 0.278557127348643 0.5542847906249999 0.2924961231732776 0.505203890625
1 0.27443464926931105 0.5401566609375 0.19560878705636742 0.5276166250000001 0.18075460542797495 0.57992000625 0.2595804676409186 0.5924600421874999 0.27443464926931105 0.5401566609375
0 0.8627743298538623 0.658883884375 0.7869292776617954 0.6468180515624999 0.7719342964509395 0.6996171984374999 0.8477793486430062 0.7116830328125 0.8627743298538623 0.658883884375
1 0.83521124217119 0.6962113265625 0.7560541774530272 0.6836186015625 0.7419039853862213 0.73344315 0.8210610501043841 0.746035875 0.83521124217119 0.6962113265625
1 0.9168546931106473 0.704924734375 0.8373664300626305 0.6922793203125 0.823216235908142 0.7421038671875 0.9027045010438414 0.7547492828125 0.9168546931106473 0.704924734375