1 0 0.20132211562500002 0.06410256458333334 0.20132211562500002 0.06410256458333334 0.1578125 0 0.1578125 0 0.20132211562500002
1 0.09166666666666666 0.2056490390625 0.050641025 0.2056490390625 0.050641025 0.2318509609375 0.09166666666666666 0.2318509609375 0.09166666666666666 0.2056490390625
1 0.3483974354166667 0.118509615625 0.17307692291666665 0.118509615625 0.17307692291666665 0.25024038437499996 0.3483974354166667 0.25024038437499996 0.3483974354166667 0.118509615625
1 0.363141025 0.2215144234375 0.19198717916666666 0.2215144234375 0.19198717916666666 0.329927884375 0.363141025 0.329927884375 0.363141025 0.2215144234375
1 0.43333333333333335 0.20997596093749998 0.31698717916666663 0.20997596093749998 0.31698717916666663 0.288341346875 0.43333333333333335 0.288341346875 0.43333333333333335 0.20997596093749998
1 0.5036858979166666 0.25697115312499996 0.37387820416666667 0.25697115312499996 0.37387820416666667 0.3456730765625 0.5036858979166666 0.3456730765625 0.5036858979166666 0.25697115312499996
1 0.26554487083333334 0.7643028843749999 0.13958333333333334 0.7643028843749999 0.13958333333333334 0.8768028843750001 0.26554487083333334 0.8768028843750001 0.26554487083333334 0.7643028843749999
1 0.9153846145833333 0.677283653125 0.6830128208333334 0.677283653125 0.6830128208333334 0.8510817312500001 0.9153846145833333 0.8510817312500001 0.9153846145833333 0.677283653125
1 0.6833333333333333 0.6634615390625 0.47051282083333335 0.6634615390625 0.47051282083333335 0.816346153125 0.6833333333333333 0.816346153125 0.6833333333333333 0.6634615390625
1 0.7913461541666666 0.7766826921875001 0.5701923083333333 0.7766826921875001 0.5701923083333333 0.9216346156249999 0.7913461541666666 0.9216346156249999 0.7913461541666666 0.7766826921875001
1 0 0.7784855765625001 0.021474358333333332 0.7784855765625001 0.021474358333333332 0.741466346875 0 0.741466346875 0 0.7784855765625001