5 0.368139525 0.344561590625 0.20434314583333332 0.3381234375 0.19363019791666666 0.49143486562499994 0.3574265770833333 0.4978730203125 0.368139525 0.344561590625
4 0.5223736145833333 0.42860774843750005 0.3754192041666667 0.4228315828125 0.3656754395833334 0.5622731578125 0.51262985 0.5680493234374999 0.5223736145833333 0.42860774843750005
4 0.46355655208333335 0.512102975 0.33344410625 0.506988796875 0.3249637416666667 0.6283500234375 0.4550761895833333 0.6334642015624999 0.46355655208333335 0.512102975
4 0.3468345125 0.5025479921875 0.19459634374999998 0.49656414375 0.18412569166666665 0.6464081109375 0.33636386041666666 0.6523919593749999 0.3468345125 0.5025479921875
4 0.4232506395833333 0.5984368250000001 0.33937104166666665 0.5951398671875 0.33556353125 0.6496285828125 0.4194431291666667 0.652925540625 0.4232506395833333 0.5984368250000001
4 0.30051795625 0.5990765515625001 0.16677292708333333 0.593819590625 0.158448325 0.7129517359374999 0.2921933541666667 0.718208696875 0.30051795625 0.5990765515625001
4 0.41842084583333333 0.63438281875 0.32595515 0.6307483765625 0.32029580416666664 0.711738421875 0.41276150208333334 0.7153728625 0.41842084583333333 0.63438281875
4 0.2737264020833334 0.6886735125000001 0.17531648333333333 0.6848054296874999 0.17097246041666667 0.7469721 0.26938237916666663 0.7508401828125 0.2737264020833334 0.6886735125000001
4 0.7367004395833334 0.94877006875 0.6987234583333334 0.9472773515625 0.6960755083333333 0.9851717765625001 0.7340524895833334 0.98666449375 0.7367004395833334 0.94877006875
4 0.7665659520833333 1 0.7675965645833334 0.9852510515624999 0.73259169375 0.9838751562500001 0.7314649375 1 0.7665659520833333 1
4 0.6839924541666667 0.8856027031249999 0.6410619520833334 0.883915284375 0.63839669375 0.922057384375 0.6813271979166667 0.9237448031250001 0.6839924541666667 0.8856027031249999
4 0.7332376458333333 0.9059166890625001 0.7028560604166666 0.9047225156250001 0.7008484645833334 0.9334529281249999 0.7312300500000001 0.9346471015625 0.7332376458333333 0.9059166890625001
3 0.18820686666666667 0.72306224375 0.15386246458333333 0.721712309375 0.15176833541666665 0.7516811031249999 0.18611273541666667 0.7530310390625 0.18820686666666667 0.72306224375
3 0.2447532375 0.747885265625 0.2087576625 0.7464704281250001 0.20681929375000002 0.7742101390625 0.24281486875 0.775624975 0.2447532375 0.747885265625
3 0.022907245833333333 0.1623580625 0.06633309999999999 0.164064953125 0.06901566458333333 0.1256751765625 0.025589810416666667 0.1239682875 0.022907245833333333 0.1623580625
4 0.12488706875000001 0.160157559375 0.06841694583333333 0.157937953125 0.06597667708333334 0.1928602671875 0.12244680000000001 0.1950798734375 0.12488706875000001 0.160157559375
4 0.018303620833333333 0.228239871875 0.06849928333333333 0.23021285468750002 0.07119915416666665 0.19157540312500002 0.021003491666666665 0.189602421875 0.018303620833333333 0.228239871875
4 0.14826614791666665 0.22602165 0.09410766875 0.22389290625 0.09201353749999999 0.2538616984375 0.14617201875000002 0.2559904421875 0.14826614791666665 0.22602165
4 0.11905114374999999 0.231827303125 0.07479970208333334 0.23008796406249998 0.07189215 0.271697528125 0.11614358958333333 0.27343686875 0.11905114374999999 0.231827303125
4 0.13205191666666666 0.26139599062499996 0.09374469791666667 0.25989029375 0.09128712291666667 0.29506028125 0.12959434375 0.29656597812499996 0.13205191666666666 0.26139599062499996
4 0.6901234729166668 0.5206358421874999 0.6389371041666667 0.51862391875 0.6340392604166667 0.5887162203125 0.68522563125 0.5907281421875 0.6901234729166668 0.5206358421874999
4 0.7507715708333333 0.48675965468750004 0.6662315041666667 0.48343673750000005 0.6612644333333333 0.55451974375 0.7458045 0.5578426609375 0.7507715708333333 0.48675965468750004
4 0.72578084375 0.4368511953125 0.6343058500000001 0.43325569531249997 0.6295291541666667 0.5016142640625 0.7210041500000001 0.505209765625 0.72578084375 0.4368511953125
5 0.8083247583333333 0.390548584375 0.6940635749999999 0.386057453125 0.68862921875 0.463827709375 0.8028904020833333 0.468318840625 0.8083247583333333 0.390548584375
5 0.7842566833333334 0.374825371875 0.6997166166666666 0.3715024546875 0.6976571 0.4009758953125 0.7821971666666666 0.4042988140625 0.7842566833333334 0.374825371875
4 0.7150276291666666 0.3964431765625 0.6516225791666667 0.39395098906250003 0.6474862375 0.45314554687499997 0.7108912895833334 0.4556377359375 0.7150276291666666 0.3964431765625
5 0.4724043083333333 0.2527942984375 0.4357482645833333 0.2513535015625 0.43351567916666667 0.2833037015625 0.47017172291666665 0.2847444984375 0.4724043083333333 0.2527942984375
5 0.5204359145833333 0.283367365625 0.48377986875 0.28192656875 0.4818934208333333 0.30892325 0.5185494666666667 0.310364046875 0.5204359145833333 0.283367365625
5 0.5121524541666667 0.30713233125 0.48011969583333336 0.30587325781249997 0.47844092916666664 0.329897828125 0.5104736875 0.3311569015625 0.5121524541666667 0.30713233125
4 0.5117120770833333 0.375040453125 0.48694448125 0.3740669421875 0.48547339791666666 0.3951194 0.51024099375 0.3960929109375 0.5117120770833333 0.375040453125
4 0.5577868125 0.31277555 0.5264145208333333 0.3115424359375 0.5248222895833333 0.334328625 0.55619458125 0.3355617390625 0.5577868125 0.31277555
5 0.49095265208333333 0.29301199843750003 0.46123153333333333 0.291843784375 0.45970852916666666 0.3136392703125 0.48942964791666665 0.314807484375 0.49095265208333333 0.29301199843750003
3 0.7843591208333333 0.3686204921875 0.7586008208333334 0.3676080421875 0.7571989645833334 0.3876697953125 0.7829572645833333 0.388682246875 0.7843591208333333 0.3686204921875
3 0.8247179208333333 0.4308057515625 0.8052340791666667 0.43003992343749997 0.8038668354166667 0.44960632343749996 0.8233506791666667 0.450372153125 0.8247179208333333 0.4308057515625
3 0.8263209145833332 0.41497395781249996 0.8022137854166667 0.4140264078125 0.8010196104166667 0.43111605 0.8251267395833334 0.43206360000000005 0.8263209145833332 0.41497395781249996
4 0.31148353958333336 0.681465121875 0.27350655416666664 0.6799724046875 0.2708239916666667 0.7183621796875 0.308800975 0.719854896875 0.31148353958333336 0.681465121875