4 0.16931216875 0.582465278125 0.09523809583333334 0.582465278125 0.09523809583333334 0.63231646875 0.16931216875 0.63231646875 0.16931216875 0.582465278125
4 0.16104497291666667 0.51376488125 0.06580687916666667 0.51376488125 0.06580687916666667 0.5777529765625 0.16104497291666667 0.5777529765625 0.16104497291666667 0.51376488125
4 0.24404761875 0.446428571875 0.16931216875 0.446428571875 0.16931216875 0.5044642859375 0.24404761875 0.5044642859375 0.24404761875 0.446428571875
5 0.23197751249999998 0.36904761875 0.15459656041666667 0.36904761875 0.15459656041666667 0.4320436515625 0.23197751249999998 0.4320436515625 0.23197751249999998 0.36904761875
5 0.27430555624999997 0.2765376984375 0.18402777708333332 0.2765376984375 0.18402777708333332 0.34821428593750003 0.27430555624999997 0.34821428593750003 0.27430555624999997 0.2765376984375
4 0.06613756666666666 0.616939484375 0.0019841270833333333 0.616939484375 0.0019841270833333333 0.6692708328125 0.06613756666666666 0.6692708328125 0.06613756666666666 0.616939484375
4 0.13872354583333332 0.6221478171875 0.08581349166666666 0.6221478171875 0.08581349166666666 0.6630704359374999 0.13872354583333332 0.6630704359374999 0.13872354583333332 0.6221478171875
4 0.10350529166666668 0.5922619046875 0.06580687916666667 0.5922619046875 0.06580687916666667 0.6354166671875 0.10350529166666668 0.6354166671875 0.10350529166666668 0.5922619046875
4 0.04183201041666666 0.55654761875 0.00082671875 0.55654761875 0.00082671875 0.596230159375 0.04183201041666666 0.596230159375 0.04183201041666666 0.55654761875
4 0.28852513125 0.51512896875 0.22040343958333333 0.51512896875 0.22040343958333333 0.5701884921875 0.28852513125 0.5701884921875 0.28852513125 0.51512896875
4 0.3525132270833333 0.5037202375 0.2843915354166667 0.5037202375 0.2843915354166667 0.5558035718750001 0.3525132270833333 0.5558035718750001 0.3525132270833333 0.5037202375
4 0.3888888895833333 0.39756944375000003 0.30787037083333335 0.39756944375000003 0.30787037083333335 0.4543650796875 0.3888888895833333 0.4543650796875 0.3888888895833333 0.39756944375000003
4 0.3202711645833333 0.5860615078125 0.25744047708333334 0.5860615078125 0.25744047708333334 0.625744046875 0.3202711645833333 0.625744046875 0.3202711645833333 0.5860615078125
4 0.4593253958333333 0.4869791671875 0.400132275 0.4869791671875 0.400132275 0.5442708328125 0.4593253958333333 0.5442708328125 0.4593253958333333 0.4869791671875
4 0.5033068791666666 0.47333829375 0.4176587291666667 0.47333829375 0.4176587291666667 0.5380704359374999 0.5033068791666666 0.5380704359374999 0.5033068791666666 0.47333829375
4 0.5332341270833333 0.3355654765625 0.4899140208333333 0.3355654765625 0.4899140208333333 0.36805555624999997 0.5332341270833333 0.36805555624999997 0.5332341270833333 0.3355654765625
4 0.24553571458333331 0.7604166671875 0.18270502708333333 0.7604166671875 0.18270502708333333 0.8115079359375 0.24553571458333331 0.8115079359375 0.24553571458333331 0.7604166671875
4 0.27959656041666664 0.71279761875 0.21875 0.71279761875 0.21875 0.7576884921875 0.27959656041666664 0.7576884921875 0.27959656041666664 0.71279761875
4 0.09226190416666666 0.65438988125 0.02248677291666667 0.65438988125 0.02248677291666667 0.6992807546875001 0.09226190416666666 0.6992807546875001 0.09226190416666666 0.65438988125
4 0.3267195770833334 0.6785714281249999 0.26917989374999995 0.6785714281249999 0.26917989374999995 0.721726190625 0.3267195770833334 0.721726190625 0.3267195770833334 0.6785714281249999
4 0.3396164020833333 0.6547619046875 0.3101851854166667 0.6547619046875 0.3101851854166667 0.675347221875 0.3396164020833333 0.675347221875 0.3396164020833333 0.6547619046875
4 0.44576719583333335 0.5975942453124999 0.38062169375 0.5975942453124999 0.38062169375 0.6447172625 0.44576719583333335 0.6447172625 0.44576719583333335 0.5975942453124999
4 0.4623015875 0.6388888890625 0.40542328125 0.6388888890625 0.40542328125 0.6837797625 0.4623015875 0.6837797625 0.4623015875 0.6388888890625
4 0.47569444375000003 0.6626984125 0.4452711645833333 0.6626984125 0.4452711645833333 0.68700396875 0.47569444375000003 0.68700396875 0.47569444375000003 0.6626984125
4 0.55687830625 0.5874255953125 0.4976851854166667 0.5874255953125 0.4976851854166667 0.6256200390625 0.55687830625 0.6256200390625 0.55687830625 0.5874255953125
5 0.36590608541666664 0.7237103171875 0.3057209 0.7237103171875 0.3057209 0.7738095234375 0.36590608541666664 0.7738095234375 0.36590608541666664 0.7237103171875
5 0.32159391458333336 0.72470238125 0.2802579375 0.72470238125 0.2802579375 0.7738095234375 0.32159391458333336 0.7738095234375 0.32159391458333336 0.72470238125
4 0.21990740833333333 0.6248759921875 0.19576719583333332 0.6248759921875 0.19576719583333332 0.6417410718750001 0.21990740833333333 0.6417410718750001 0.21990740833333333 0.6248759921875
4 0.31233465625 0.793402778125 0.2435515875 0.793402778125 0.2435515875 0.8457341265625 0.31233465625 0.8457341265625 0.31233465625 0.793402778125
4 0.2184193125 0.828125 0.1648478833333333 0.828125 0.1648478833333333 0.868799603125 0.2184193125 0.868799603125 0.2184193125 0.828125
4 0.29943783124999995 0.905505953125 0.2306547625 0.905505953125 0.2306547625 0.9610615078125001 0.29943783124999995 0.9610615078125001 0.29943783124999995 0.905505953125
4 0.28174603125 0.8756200390625001 0.21593915416666667 0.8756200390625001 0.21593915416666667 0.926959325 0.28174603125 0.926959325 0.28174603125 0.8756200390625001
4 0.3301917979166667 0.93700396875 0.280588625 0.93700396875 0.280588625 0.980902778125 0.3301917979166667 0.980902778125 0.3301917979166667 0.93700396875
4 0.36193783124999995 0.8427579359375 0.3047288354166667 0.8427579359375 0.3047288354166667 0.893601190625 0.36193783124999995 0.893601190625 0.36193783124999995 0.8427579359375
5 0.42212301666666663 0.8272569437499999 0.35995370416666667 0.8272569437499999 0.35995370416666667 0.879836309375 0.42212301666666663 0.879836309375 0.42212301666666663 0.8272569437499999
4 0.3725198416666667 0.8167162703124999 0.32093253958333334 0.8167162703124999 0.32093253958333334 0.8541666671874999 0.3725198416666667 0.8541666671874999 0.3725198416666667 0.8167162703124999
4 0.44824735416666667 0.7880704359374999 0.39765211666666667 0.7880704359374999 0.39765211666666667 0.8282490078125001 0.44824735416666667 0.8282490078125001 0.44824735416666667 0.7880704359374999
4 0.468088625 0.7435515875 0.42675264583333333 0.7435515875 0.42675264583333333 0.781001984375 0.468088625 0.781001984375 0.468088625 0.7435515875
4 0.41964285625000003 0.758060515625 0.38029100625 0.758060515625 0.38029100625 0.7967509921875 0.41964285625000003 0.7967509921875 0.41964285625000003 0.758060515625
4 0.37301587291666666 0.6677827375 0.3260582020833333 0.6677827375 0.3260582020833333 0.7094494046875 0.37301587291666666 0.7094494046875 0.37301587291666666 0.6677827375
4 0.4793320104166667 0.9071180562500001 0.431382275 0.9071180562500001 0.431382275 0.9495287703124999 0.4793320104166667 0.9495287703124999 0.4793320104166667 0.9071180562500001
4 0.436838625 0.955233134375 0.39550264583333333 0.955233134375 0.39550264583333333 0.98896329375 0.436838625 0.98896329375 0.436838625 0.955233134375
3 0.5333994708333333 0.8526785718750001 0.46957671875 0.8526785718750001 0.46957671875 0.9109623015625001 0.5333994708333333 0.9109623015625001 0.5333994708333333 0.8526785718750001
4 0.5788690479166667 0.8783482140625001 0.5395171958333334 0.8783482140625001 0.5395171958333334 0.9086061515624999 0.5788690479166667 0.9086061515624999 0.5788690479166667 0.8783482140625001
4 0.3725198416666667 0.885540675 0.3235780416666667 0.885540675 0.3235780416666667 0.930431546875 0.3725198416666667 0.930431546875 0.3725198416666667 0.885540675
4 0.40575396875 0.8990575390625001 0.3551587291666667 0.8990575390625001 0.3551587291666667 0.9414682546875 0.40575396875 0.9414682546875 0.40575396875 0.8990575390625001
4 0.16583994791666665 0.6662946421875 0.11789021250000001 0.6662946421875 0.11789021250000001 0.7000248015625 0.16583994791666665 0.7000248015625 0.16583994791666665 0.6662946421875
4 0.28009259166666667 0.6727430562500001 0.24338624374999998 0.6727430562500001 0.24338624374999998 0.7022569437499999 0.28009259166666667 0.7022569437499999 0.28009259166666667 0.6727430562500001
4 0.5340608458333332 0.6692708328125 0.5042989416666667 0.6692708328125 0.5042989416666667 0.6910962296875 0.5340608458333332 0.6910962296875 0.5340608458333332 0.6692708328125
4 0.6742724875 0.6087549609375 0.61970899375 0.6087549609375 0.61970899375 0.6524057546875001 0.6742724875 0.6524057546875001 0.6742724875 0.6087549609375
4 0.6390542333333333 0.5150049609375 0.5828373020833334 0.5150049609375 0.5828373020833334 0.55791170625 0.6390542333333333 0.55791170625 0.6390542333333333 0.5150049609375
4 0.7427248687500001 0.48772321406249997 0.66865079375 0.48772321406249997 0.66865079375 0.539806546875 0.7427248687500001 0.539806546875 0.7427248687500001 0.48772321406249997
4 0.749338625 0.5761408734375 0.6977513229166666 0.5761408734375 0.6977513229166666 0.6175595234375 0.749338625 0.6175595234375 0.749338625 0.5761408734375
4 0.8091931208333333 0.6294642859375 0.7860449729166666 0.6294642859375 0.7860449729166666 0.6512896828125 0.8091931208333333 0.6512896828125 0.8091931208333333 0.6294642859375
4 0.7539682541666667 0.68154761875 0.7397486770833334 0.68154761875 0.7397486770833334 0.6939484125 0.7539682541666667 0.6939484125 0.7539682541666667 0.68154761875
4 0.9704034395833333 0.26674107187499996 0.93733465625 0.26674107187499996 0.93733465625 0.2905505953125 0.9704034395833333 0.2905505953125 0.9704034395833333 0.26674107187499996
4 0.9710648145833333 0.2030009921875 0.9224537041666667 0.2030009921875 0.9224537041666667 0.23350694375 0.9710648145833333 0.23350694375 0.9710648145833333 0.2030009921875
4 0.8647486770833334 0.2894345234375 0.8478835979166667 0.2894345234375 0.8478835979166667 0.3050595234375 0.8647486770833334 0.3050595234375 0.8647486770833334 0.2894345234375
4 0.8278769833333333 0.2289186515625 0.79976851875 0.2289186515625 0.79976851875 0.2487599203125 0.8278769833333333 0.2487599203125 0.8278769833333333 0.2289186515625
4 0.85598545 0.22581845312499998 0.8268849208333333 0.22581845312499998 0.8268849208333333 0.24813988125000003 0.85598545 0.24813988125000003 0.85598545 0.22581845312499998
4 0.86871693125 0.1940724203125 0.8320105812499999 0.1940724203125 0.8320105812499999 0.2201140875 0.86871693125 0.2201140875 0.86871693125 0.1940724203125
4 0.9133597874999999 0.1612103171875 0.8591269833333333 0.1612103171875 0.8591269833333333 0.2008928578125 0.9133597874999999 0.2008928578125 0.9133597874999999 0.1612103171875
4 0.9836309520833333 0.12450396875 0.9406415354166667 0.12450396875 0.9406415354166667 0.1540178578125 0.9836309520833333 0.1540178578125 0.9836309520833333 0.12450396875
4 0.9575066145833334 0.0027281750000000002 0.9290674604166667 0.0027281750000000002 0.9290674604166667 0.02529761875 0.9575066145833334 0.02529761875 0.9575066145833334 0.0027281750000000002
4 0.9699074083333333 0.0658482140625 0.9203042333333333 0.0658482140625 0.9203042333333333 0.10751488125 0.9699074083333333 0.10751488125 0.9699074083333333 0.0658482140625
4 0.9239417979166666 0.08581349218749999 0.89384920625 0.08581349218749999 0.89384920625 0.11483134843750001 0.9239417979166666 0.11483134843750001 0.9239417979166666 0.08581349218749999
4 0.8969907416666667 0.052455357812500006 0.881117725 0.052455357812500006 0.881117725 0.0638640875 0.8969907416666667 0.0638640875 0.8969907416666667 0.052455357812500006
4 0.8554894187500001 0.038318453125 0.8402777770833333 0.038318453125 0.8402777770833333 0.05319940468749999 0.8554894187500001 0.05319940468749999 0.8554894187500001 0.038318453125
4 0.21428571458333331 0.7800099203124999 0.14781746041666669 0.7800099203124999 0.14781746041666669 0.8236607140625001 0.21428571458333331 0.8236607140625001 0.21428571458333331 0.7800099203124999
4 0.36805555624999997 0.9238591265625 0.3148148145833333 0.9238591265625 0.3148148145833333 0.9640376984374999 0.36805555624999997 0.9640376984374999 0.36805555624999997 0.9238591265625