3 1 0.49224095781250005 0.9853726409185803 0.493974896875 1 0.5630957234375 1 0.49224095781250005
3 0.22672207098121086 0.1837411953125 0.07590297494780794 0.2016194203125 0.10366683716075158 0.33281611718750004 0.2544859331941545 0.3149378921875 0.22672207098121086 0.1837411953125
5 0.40042140292275574 0.3236480203125 0.26349353862212943 0.339879565625 0.28449978079331945 0.43914348125 0.42142764509394576 0.4229119359375 0.40042140292275574 0.3236480203125
5 0.32572002505219205 0.3920077140625 0.20235265135699373 0.4066317875 0.22183973903966597 0.49871701718750006 0.34520711482254696 0.4840929421875 0.32572002505219205 0.3920077140625
5 0.4982798684759916 0.3695223171875 0.3907881899791232 0.3822644734375 0.4097514300626305 0.4718742921875 0.517243108559499 0.4591321375 0.4982798684759916 0.3695223171875
4 0.4403293402922756 0.41610380156250004 0.329199478079332 0.42927722968750004 0.34412910229645094 0.4998263953125 0.4552589624217119 0.4866529671875 0.4403293402922756 0.41610380156250004
4 0.6149835866388309 0.34744126249999996 0.48202464718162835 0.363202328125 0.5025594279749478 0.46023837500000003 0.6355183674321503 0.444477309375 0.6149835866388309 0.34744126249999996
4 0.16184372442588726 0.4363013140625 0.01830098956158664 0.45331699375 0.04161215657620042 0.5634727109375001 0.18515489144050104 0.54645703125 0.16184372442588726 0.4363013140625
4 0.4248002651356994 0.47009039062499997 0.3226004822546973 0.48220524062500003 0.33983502922755743 0.5636462078125 0.4420348121085595 0.5515313578125001 0.4248002651356994 0.47009039062499997
4 0.5832033486430063 0.45600754062500004 0.4743886951983298 0.468906521875 0.48968501252609603 0.5411884765625 0.5984996659707724 0.52828949375 0.5832033486430063 0.45600754062500004
4 0.8319030480167015 0.42322770624999995 0.7290417807933194 0.43542096875 0.7464334822546972 0.5176045609375 0.8492947494780794 0.5054112984375 0.8319030480167015 0.42322770624999995
4 0.8313175156576201 0.48774978437499994 0.7836904321503132 0.4933955390625 0.7930148997912317 0.537457825 0.840641981210856 0.5318120703125 0.8313175156576201 0.48774978437499994
4 0.6223121941544885 0.510241696875 0.5082056409185803 0.5237679859375 0.5274308058455115 0.6146155109375 0.6415373590814196 0.6010892218749999 0.6223121941544885 0.510241696875
4 0.7414204321503131 0.545984509375 0.632605776617954 0.5588834921875 0.6523024029227558 0.651958884375 0.7611170584551148 0.6390599015625 0.7414204321503131 0.545984509375
4 0.6617800020876826 0.5950102562499999 0.5681795532359082 0.6061057328125 0.5861474864300626 0.6910122750000001 0.6797479352818372 0.6799167984375 0.6617800020876826 0.5950102562499999
4 0.6247725929018789 0.6828811124999999 0.5480400709812109 0.6919770515625 0.5629696951983298 0.7625262187499999 0.639702217118998 0.75343028125 0.6247725929018789 0.6828811124999999
4 0.4446068016701461 0.558077740625 0.34968337995824633 0.5693300453125001 0.3668131586638831 0.6502759296875 0.46173658037578286 0.6390236265625 0.4446068016701461 0.558077740625
4 0.5231183027139875 0.6086560750000001 0.4215800083507307 0.6206925109375 0.4396527098121086 0.7060941359374999 0.5411910062630481 0.6940576984375 0.5231183027139875 0.6086560750000001
4 0.3510597870563674 0.5437918171875 0.24588331106471814 0.5562595265625 0.2648989373695198 0.6461168875000001 0.3700754133611691 0.633649178125 0.3510597870563674 0.5437918171875
4 0.34818370146137784 0.6063016625000001 0.22183963465553236 0.6212785968750001 0.242112490605428 0.7170769390625 0.36845655949895617 0.70210000625 0.34818370146137784 0.6063016625000001
4 0.16812715657620042 0.652640159375 0.037814164926931106 0.6680875734375 0.056829791231732776 0.757944934375 0.18714278288100208 0.7424975203125 0.16812715657620042 0.652640159375