3 0.5347222229166667 0.271825396875 0.3525132270833333 0.271825396875 0.3525132270833333 0.41071428593750003 0.5347222229166667 0.41071428593750003 0.5347222229166667 0.271825396875
3 0.5281084645833334 0.3746279765625 0.349867725 0.3746279765625 0.349867725 0.47854662656249997 0.5281084645833334 0.47854662656249997 0.5281084645833334 0.3746279765625
5 0.4517195770833334 0.4632936515625 0.28108465625 0.4632936515625 0.28108465625 0.584325396875 0.4517195770833334 0.584325396875 0.4517195770833334 0.4632936515625
4 0.31812169375 0.5672123015625 0.18452381041666666 0.5672123015625 0.18452381041666666 0.6698908734375 0.31812169375 0.6698908734375 0.31812169375 0.5672123015625
5 0.6645171958333334 0.2522321421875 0.52529761875 0.2522321421875 0.52529761875 0.36259920625 0.6645171958333334 0.36259920625 0.6645171958333334 0.2522321421875
5 0.65095899375 0.380332340625 0.5051256604166666 0.380332340625 0.5051256604166666 0.48871527812500004 0.65095899375 0.48871527812500004 0.65095899375 0.380332340625
5 0.7746362437500001 0.435019840625 0.6301256604166666 0.435019840625 0.6301256604166666 0.5352182546875001 0.7746362437500001 0.5352182546875001 0.7746362437500001 0.435019840625
4 0.7022156083333333 0.5089285718750001 0.53687169375 0.5089285718750001 0.53687169375 0.634424603125 0.7022156083333333 0.634424603125 0.7022156083333333 0.5089285718750001
4 0.78125 0.5933779765625 0.6278108458333332 0.5933779765625 0.6278108458333332 0.698784721875 0.78125 0.698784721875 0.78125 0.5933779765625
4 0.7116402125000001 0.6800595234375 0.56845238125 0.6800595234375 0.56845238125 0.7864583328125 0.7116402125000001 0.7864583328125 0.7116402125000001 0.6800595234375
4 0.6172288354166666 0.7498759921875 0.4823082020833333 0.7498759921875 0.4823082020833333 0.8562748015625001 0.6172288354166666 0.8562748015625001 0.6172288354166666 0.7498759921875
4 0.4862764541666667 0.744915675 0.4052579375 0.744915675 0.4052579375 0.80518353125 0.4862764541666667 0.80518353125 0.4862764541666667 0.744915675