5 0.5626847500000001 1 0.5626847500000001 0.927230046875 0.4124500083333333 0.927230046875 0.4124500083333333 1 0.5626847500000001 1
4 0.3557642145833333 1 0.3557642145833333 0.9040166921875 0.23474178333333334 0.9040166921875 0.23474178333333334 1 0.3557642145833333 1
4 0.44009737499999996 0.8427230046874999 0.32742131874999997 0.8427230046874999 0.32742131874999997 0.9350547734375001 0.44009737499999996 0.9350547734375001 0.44009737499999996 0.8427230046874999
4 0.36810989375 0.8172926453124999 0.26169361875 0.8172926453124999 0.26169361875 0.907016171875 0.36810989375 0.907016171875 0.36810989375 0.8172926453124999
4 0.32150930208333334 0.7301773609375 0.23317683958333332 0.7301773609375 0.23317683958333332 0.7977308296875 0.32150930208333334 0.7977308296875 0.32150930208333334 0.7301773609375
3 0.4720918104166667 0.6469744390625001 0.31211963125 0.6469744390625001 0.31211963125 0.8039906109375 0.4720918104166667 0.8039906109375 0.4720918104166667 0.6469744390625001
4 0.33315945 0.6477569125 0.26986611041666664 0.6477569125 0.26986611041666664 0.7014866984375 0.33315945 0.7014866984375 0.33315945 0.6477569125
5 0.7104851333333334 0.52256129375 0.5505129541666667 0.52256129375 0.5505129541666667 0.64540949375 0.7104851333333334 0.64540949375 0.7104851333333334 0.52256129375
4 0.7516953583333332 0.42370892031249996 0.5840723354166666 0.42370892031249996 0.5840723354166666 0.5588158578125 0.7516953583333332 0.5588158578125 0.7516953583333332 0.42370892031249996
4 0.7456094583333334 0.378325509375 0.6005912020833333 0.378325509375 0.6005912020833333 0.4565727703125 0.7456094583333334 0.4565727703125 0.7456094583333334 0.378325509375
3 0.8269866104166667 0.31246739687499997 0.7028342895833333 0.31246739687499997 0.7028342895833333 0.4063641109375 0.8269866104166667 0.4063641109375 0.8269866104166667 0.31246739687499997
5 0.9038428104166666 0.3305946796875 0.8082072687499999 0.3305946796875 0.8082072687499999 0.40753781875 0.9038428104166666 0.40753781875 0.9038428104166666 0.3305946796875
5 0.8916710145833334 0.2567814296875 0.7779516604166666 0.2567814296875 0.7779516604166666 0.34207094374999997 0.8916710145833334 0.34207094374999997 0.8916710145833334 0.2567814296875
4 0.7730829416666667 0.17305685937499998 0.7038775875 0.17305685937499998 0.7038775875 0.2432185703125 0.7730829416666667 0.2432185703125 0.7730829416666667 0.17305685937499998
4 0.7110067812499999 0.2546948359375 0.5586854458333333 0.2546948359375 0.5586854458333333 0.376238915625 0.7110067812499999 0.376238915625 0.7110067812499999 0.2546948359375
4 0.6339767 0.2968179453125 0.5313858458333333 0.2968179453125 0.5313858458333333 0.382107459375 0.6339767 0.382107459375 0.6339767 0.2968179453125
4 0.6367588249999999 0.158711528125 0.5122587375000001 0.158711528125 0.5122587375000001 0.26825769374999997 0.6367588249999999 0.26825769374999997 0.6367588249999999 0.158711528125
4 0.5979829604166667 0.1508868015625 0.49782646458333335 0.1508868015625 0.49782646458333335 0.2312206578125 0.5979829604166667 0.2312206578125 0.5979829604166667 0.1508868015625
4 0.53190749375 0.1266301515625 0.4825247791666667 0.1266301515625 0.4825247791666667 0.16575378125 0.53190749375 0.16575378125 0.53190749375 0.1266301515625
4 0.559902625 0.2390453828125 0.45279081875 0.2390453828125 0.45279081875 0.3334637453125 0.559902625 0.3334637453125 0.559902625 0.2390453828125
4 0.4809598333333333 0.2455659890625 0.3512432625 0.2455659890625 0.3512432625 0.3527647359375 0.4809598333333333 0.3527647359375 0.4809598333333333 0.2455659890625
5 0.38480264374999995 0.290036515625 0.2721265875 0.290036515625 0.2721265875 0.365936359375 0.38480264374999995 0.365936359375 0.38480264374999995 0.290036515625
4 0.39958268125 0.234480959375 0.34081029375 0.234480959375 0.34081029375 0.275691184375 0.39958268125 0.275691184375 0.39958268125 0.234480959375
4 0.3529820895833333 0.2213093375 0.29455746875 0.2213093375 0.29455746875 0.2886019828125 0.3529820895833333 0.2886019828125 0.3529820895833333 0.2213093375
5 0.30290384375 0.21152842968750002 0.1874456625 0.21152842968750002 0.1874456625 0.30125195625 0.30290384375 0.30125195625 0.30290384375 0.21152842968750002
5 0.25160841666666667 0.28808033437499997 0.13684576666666667 0.28808033437499997 0.13684576666666667 0.381194575 0.25160841666666667 0.381194575 0.25160841666666667 0.28808033437499997
4 0.39680055625 0.35563380312500004 0.24169709583333335 0.35563380312500004 0.24169709583333335 0.4709181015625 0.39680055625 0.4709181015625 0.39680055625 0.35563380312500004
4 0.49782646458333335 0.3498956703125 0.37436967499999996 0.3498956703125 0.37436967499999996 0.441444965625 0.49782646458333335 0.441444965625 0.49782646458333335 0.3498956703125