4 0.4061338666666667 0.1026870234375 0.18561096458333332 0.13784221562500001 0.23938618750000001 0.327586615625 0.4599090895833333 0.29243142187500004 0.4061338666666667 0.1026870234375
4 0.43887694791666665 0.3130177515625 0.20414858125000002 0.3504375421875 0.258642725 0.5427186328125 0.4933710916666667 0.505298840625 0.43887694791666665 0.3130177515625
4 0.62020611875 0.37531538124999997 0.4764603604166667 0.398230959375 0.5083085208333333 0.5106063187500001 0.6520542791666667 0.48769074218749997 0.62020611875 0.37531538124999997
4 0.9447621916666668 0.4309530671875 0.8385594416666666 0.4478836359375 0.8637935375 0.5369214484375 0.9699962854166666 0.5199908796875 0.9447621916666668 0.4309530671875
4 0.7219273604166666 0.4467246484375 0.5781816041666666 0.46964022656250004 0.6114676041666667 0.5870889671875 0.7552133604166666 0.5641733890625 0.7219273604166666 0.4467246484375
4 0.5641719791666666 0.51999466875 0.38592723958333336 0.5484099859375 0.4230235145833333 0.6793031796875 0.60126825625 0.6508878640625 0.5641719791666666 0.51999466875
4 0.7542925770833333 0.57651615 0.62407583125 0.5972749671875001 0.6524012833333334 0.697220546875 0.7826180270833334 0.6764617296875 0.7542925770833333 0.57651615
4 0.8961523645833334 0.636754296875 0.79096429375 0.6535231078125 0.81627028125 0.742814590625 0.9214583520833333 0.7260457796875001 0.8961523645833334 0.636754296875
4 0.5696439208333334 0.7108112078125 0.48170533958333334 0.7248301484375 0.49989401875 0.7890084015625 0.5878326 0.774989459375 0.5696439208333334 0.7108112078125
4 0.6086259374999999 0.6381817734374999 0.48517369791666665 0.6578622109375 0.5128521208333333 0.7555247703125 0.6363043604166666 0.7358443328125001 0.6086259374999999 0.6381817734374999
4 0.40005707916666666 0.6406762234375 0.177504825 0.6761549296875 0.21956165 0.8245512859374999 0.4421139041666667 0.7890725796875 0.40005707916666666 0.6406762234375
3 0.10461421041666667 0.64535419375 0.03324866875 0.656731103125 0.04906491041666667 0.71253828125 0.12043045208333333 0.7011613703124999 0.10461421041666667 0.64535419375
5 0.17789586875 0.7342885875 0.10551565208333333 0.7458272546875 0.12133189375 0.8016344312499999 0.19371211041666667 0.7900957625 0.17789586875 0.7342885875
4 0.31064723749999995 0.8016790671875 0.12394686666666667 0.8314423578125 0.16420639166666667 0.9734969890625 0.3509067625 0.943733696875 0.31064723749999995 0.8016790671875
4 0.9486301083333333 0.6865844265625001 0.8596768499999999 0.700765125 0.8801660729166667 0.7730607859374999 0.96911933125 0.7588800874999999 0.9486301083333333 0.6865844265625001
4 0.3617272833333333 1 0.340790325 0.926124521875 0.16694251666666665 0.953838890625 0.18002497916666668 1 0.3617272833333333 1
4 0.5178003708333333 1 0.49665897291666666 0.925403159375 0.37388318333333337 0.9449757578125 0.3894775354166667 1 0.5178003708333333 1
4 0.9772648 0.5312932546875 0.88695864375 0.545689628125 0.9047159708333333 0.6083458687500001 0.9950221270833333 0.5939494937500001 0.9772648 0.5312932546875
4 0.29908255208333334 0.400392784375 0.19152690416666665 0.41753902812500004 0.22639452916666666 0.5405684859375001 0.33395017708333335 0.523422240625 0.29908255208333334 0.400392784375
4 0.20656786875 0.8030261671875 0.14196683333333335 0.8133246984375001 0.15541063958333332 0.860760796875 0.220011675 0.8504622671875 0.20656786875 0.8030261671875
5 0.10433389166666666 0.8327131 0.08404037291666668 0.8359482390625 0.09885012708333334 0.8882040515625 0.11914364583333333 0.8849689109375 0.10433389166666666 0.8327131