4 0.09679487083333332 0.003125 0.016346154166666668 0.003125 0.016346154166666668 0.066346153125 0.09679487083333332 0.066346153125 0.09679487083333332 0.003125
3 0.6690705124999999 0.2733173078125 0.5600961541666667 0.2733173078125 0.5600961541666667 0.352884615625 0.6690705124999999 0.352884615625 0.6690705124999999 0.2733173078125
4 0.5514423083333334 0.3121394234375 0.42868589791666667 0.3121394234375 0.42868589791666667 0.404447115625 0.5514423083333334 0.404447115625 0.5514423083333334 0.3121394234375
5 0.49262820416666664 0.3673076921875 0.39294871875 0.3673076921875 0.39294871875 0.4384615390625 0.49262820416666664 0.4384615390625 0.49262820416666664 0.3673076921875
3 0.4076923083333333 0.4209134609375 0.3115384625 0.4209134609375 0.3115384625 0.474278846875 0.4076923083333333 0.474278846875 0.4076923083333333 0.4209134609375
5 0.40128205208333334 0.36298076875 0.30576923125 0.36298076875 0.30576923125 0.4293269234375 0.40128205208333334 0.4293269234375 0.40128205208333334 0.36298076875
5 0.5426282041666667 0.3936298078125 0.46121794791666665 0.3936298078125 0.46121794791666665 0.4472355765625 0.5426282041666667 0.4472355765625 0.5426282041666667 0.3936298078125
5 0.63076923125 0.3956730765625 0.536858975 0.3956730765625 0.536858975 0.46826923125000003 0.63076923125 0.46826923125000003 0.63076923125 0.3956730765625
4 0.6907051291666666 0.3884615390625 0.6051282041666667 0.3884615390625 0.6051282041666667 0.42956730781249997 0.6907051291666666 0.42956730781249997 0.6907051291666666 0.3884615390625
4 0.7291666666666666 0.4290865390625 0.66891025625 0.4290865390625 0.66891025625 0.48004807656250004 0.7291666666666666 0.48004807656250004 0.7291666666666666 0.4290865390625
4 0.6902243583333333 0.45576923125 0.5934294875 0.45576923125 0.5934294875 0.51875 0.6902243583333333 0.51875 0.6902243583333333 0.45576923125
4 0.5711538458333333 0.44098557656250004 0.49519230833333333 0.44098557656250004 0.49519230833333333 0.4953125 0.5711538458333333 0.4953125 0.5711538458333333 0.44098557656250004
4 0.7266025645833333 0.4818509609375 0.6634615375 0.4818509609375 0.6634615375 0.5275240390625 0.7266025645833333 0.5275240390625 0.7266025645833333 0.4818509609375
4 0.6091346145833333 0.4884615390625 0.5427884625 0.4884615390625 0.5427884625 0.5264423078125 0.6091346145833333 0.5264423078125 0.6091346145833333 0.4884615390625
4 0.6461538458333334 0.511658653125 0.5839743583333333 0.511658653125 0.5839743583333333 0.567427884375 0.6461538458333334 0.567427884375 0.6461538458333334 0.511658653125
4 0.6227564104166666 0.5221153843749999 0.5230769229166666 0.5221153843749999 0.5230769229166666 0.5915865390625 0.6227564104166666 0.5915865390625 0.6227564104166666 0.5221153843749999
4 0.6391025645833334 0.5864182687499999 0.5615384625 0.5864182687499999 0.5615384625 0.6501201921875001 0.6391025645833334 0.6501201921875001 0.6391025645833334 0.5864182687499999
3 0.5544871791666667 0.9703125 0.4538461541666667 0.9703125 0.4538461541666667 0.9993990390624999 0.5544871791666667 0.9993990390624999 0.5544871791666667 0.9703125
4 0.49551282083333337 0.4365384609375 0.41698717916666667 0.4365384609375 0.41698717916666667 0.4884615390625 0.49551282083333337 0.4884615390625 0.49551282083333337 0.4365384609375
4 0.29503205208333333 0.42860576874999995 0.18573717916666668 0.42860576874999995 0.18573717916666668 0.49927884687499996 0.29503205208333333 0.49927884687499996 0.29503205208333333 0.42860576874999995
4 0.4078525645833333 0.478125 0.31746794791666666 0.478125 0.31746794791666666 0.53798076875 0.4078525645833333 0.53798076875 0.4078525645833333 0.478125
4 0.4094551291666667 0.5219951921875 0.32227564166666667 0.5219951921875 0.32227564166666667 0.57295673125 0.4094551291666667 0.57295673125 0.4094551291666667 0.5219951921875
4 0.4733974354166667 0.555408653125 0.39807692291666663 0.555408653125 0.39807692291666663 0.6094951921875 0.4733974354166667 0.6094951921875 0.4733974354166667 0.555408653125
4 0.4041666666666667 0.616947115625 0.35929487083333334 0.616947115625 0.35929487083333334 0.651322115625 0.4041666666666667 0.651322115625 0.4041666666666667 0.616947115625
4 0.40432692291666666 0.5756009609375 0.32227564166666667 0.5756009609375 0.32227564166666667 0.6328125 0.40432692291666666 0.6328125 0.40432692291666666 0.5756009609375
4 0.35368589791666666 0.5514423078124999 0.2725961541666667 0.5514423078124999 0.2725961541666667 0.6079326921875 0.35368589791666666 0.6079326921875 0.35368589791666666 0.5514423078124999
4 0.24791666666666667 0.5802884609375 0.18445512916666665 0.5802884609375 0.18445512916666665 0.6088942312500001 0.24791666666666667 0.6088942312500001 0.24791666666666667 0.5802884609375
4 0.10961538541666667 0.6453125 0.03397435833333333 0.6453125 0.03397435833333333 0.7001201921875 0.10961538541666667 0.7001201921875 0.10961538541666667 0.6453125
4 0.25576923125 0.5264423078125 0.15769230833333334 0.5264423078125 0.15769230833333334 0.59110576875 0.25576923125 0.59110576875 0.25576923125 0.5264423078125
4 0.19823717916666667 0.4915865390625 0.16586538541666668 0.4915865390625 0.16586538541666668 0.5209134609375 0.19823717916666667 0.5209134609375 0.19823717916666667 0.4915865390625
5 0.14038461458333332 0.46983173125000005 0.09871794791666666 0.46983173125000005 0.09871794791666666 0.50108173125 0.14038461458333332 0.50108173125 0.14038461458333332 0.46983173125000005
4 0.08926282083333333 0.4474759609375 0.054326922916666666 0.4474759609375 0.054326922916666666 0.4756009609375 0.08926282083333333 0.4756009609375 0.08926282083333333 0.4474759609375
4 0.05160256458333334 0.4421875 0.0115384625 0.4421875 0.0115384625 0.4715144234375 0.05160256458333334 0.4715144234375 0.05160256458333334 0.4421875
4 0.10833333333333334 0.41574519218750006 0.06826923124999999 0.41574519218750006 0.06826923124999999 0.4431490390625 0.10833333333333334 0.4431490390625 0.10833333333333334 0.41574519218750006
4 0.12323717916666667 0.37295673125 0.0802884625 0.37295673125 0.0802884625 0.40516826874999995 0.12323717916666667 0.40516826874999995 0.12323717916666667 0.37295673125
4 0.06891025625 0.369591346875 0.0253205125 0.369591346875 0.0253205125 0.40204326874999996 0.06891025625 0.40204326874999996 0.06891025625 0.369591346875
5 0.08766025625 0.313822115625 0.03637820416666667 0.313822115625 0.03637820416666667 0.3465144234375 0.08766025625 0.3465144234375 0.08766025625 0.313822115625
4 0 0.3625 0.03108974375 0.3625 0.03108974375 0.3334134609375 0 0.3334134609375 0 0.3625
4 0.15929487083333335 0.330528846875 0.12564102500000002 0.330528846875 0.12564102500000002 0.3545673078125 0.15929487083333335 0.3545673078125 0.15929487083333335 0.330528846875
4 0.11698717916666666 0.31706730781250003 0.08397435833333335 0.31706730781250003 0.08397435833333335 0.34086538437499997 0.11698717916666666 0.34086538437499997 0.11698717916666666 0.31706730781250003
4 0.12820512916666668 0.25576923125 0.09358974375 0.25576923125 0.09358974375 0.28100961562500004 0.12820512916666668 0.28100961562500004 0.12820512916666668 0.25576923125
4 0.09118589791666666 0.269471153125 0.05945512916666666 0.269471153125 0.05945512916666666 0.2915865390625 0.09118589791666666 0.2915865390625 0.09118589791666666 0.269471153125
4 0.11233974375 0.29338942343749996 0.080608975 0.29338942343749996 0.080608975 0.3152644234375 0.11233974375 0.3152644234375 0.11233974375 0.29338942343749996
3 0.08605769166666667 0.25576923125 0.053044870833333334 0.25576923125 0.053044870833333334 0.2790865390625 0.08605769166666667 0.2790865390625 0.08605769166666667 0.25576923125
4 0.12307692291666666 0.341947115625 0.09102564166666666 0.341947115625 0.09102564166666666 0.3657451921875 0.12307692291666666 0.3657451921875 0.12307692291666666 0.341947115625
4 0 0.39735576875 0.026923077083333333 0.39735576875 0.026923077083333333 0.35264423125 0 0.35264423125 0 0.39735576875
4 0.4684294875 0.27548076875 0.44983974375 0.27548076875 0.44983974375 0.3021634609375 0.4684294875 0.3021634609375 0.4684294875 0.27548076875
5 0.4895833333333333 0.2615384609375 0.45528846250000005 0.2615384609375 0.45528846250000005 0.2790865390625 0.4895833333333333 0.2790865390625 0.4895833333333333 0.2615384609375