4 0.8094287244258873 0.2090530109375 0.8644223841336116 0.055444349999999996 0.62924503131524 0.008281125 0.5742513716075157 0.1618897875 0.8094287244258873 0.2090530109375
4 0.522122006263048 0.38956647968749997 0.7724488204592902 0.4397678265625 0.845709267223382 0.23513625 0.5953824530271399 0.184934903125 0.522122006263048 0.38956647968749997
4 0.3523143903966597 0.363903715625 0.5056125114822547 0.3946466140625 0.5484283131524008 0.2750532265625 0.39513019206680583 0.2443103265625 0.3523143903966597 0.363903715625
4 0.15417460960334028 0.3131730171875 0.05627685177453027 0.2935402859375 0.022352818371607516 0.3882971234375 0.12025057620041754 0.4079298546875 0.15417460960334028 0.3131730171875
4 0.23529699582463465 0.4418520703125 0.38859511691022963 0.4725949703125 0.4333439123173278 0.34760233125 0.28004579123173273 0.31685943125 0.23529699582463465 0.4418520703125
4 0.3947868872651357 0.5416880734375 0.5848765574112734 0.5798092687499999 0.6347477828810021 0.44050862031250004 0.444658114822547 0.402387425 0.3947868872651357 0.5416880734375
4 0.1972799102296451 0.5615397734375 0.33614997494780796 0.5893892234375 0.3742299415448852 0.4830239984375 0.235359878914405 0.4551745484375 0.1972799102296451 0.5615397734375
4 0.04380855949895616 0.6090299390625 0.15598671607515657 0.6315265078125 0.19000739665970773 0.53649970625 0.07782924217118997 0.5140031375 0.04380855949895616 0.6090299390625
4 0.39992449269311064 0.67581705625 0.493706872651357 0.6946244765625 0.5181592379958246 0.6263239640625 0.42437685803757824 0.60751654375 0.39992449269311064 0.67581705625
4 0.35059928183716077 0.6316378453125 0.48225531524008347 0.6580405703125 0.5194654363256785 0.5541050078125 0.38780940292275573 0.5277022812500001 0.35059928183716077 0.6316378453125
4 0.5560159728601253 0.6971377453125001 0.7933575365344467 0.7447349875 0.8498975908141962 0.5868069234375 0.6125560292275574 0.53920968125 0.5560159728601253 0.6971377453125001
3 0.9095659269311065 0.6161337015624999 0.9716065782881002 0.6285755328125 0.992869503131524 0.5691837828125 0.9308288517745303 0.5567419515625 0.9095659269311065 0.6161337015624999
5 0.8238319791231733 0.7087467421875 0.9010220939457203 0.724226696875 0.922285018789144 0.664834946875 0.8450949060542797 0.6493549921875 0.8238319791231733 0.7087467421875
4 0.6427245845511482 0.86744536875 0.8418317912317328 0.9073749703124999 0.8959556054279749 0.75619596875 0.6968483987473905 0.7162663671875 0.6427245845511482 0.86744536875
4 0 0.64436953125 0.08479786221294362 0.66137516875 0.11234301670146138 0.58443585625 0.01747853235908142 0.5654114265625 0 0.61423258125 0 0.64436953125
4 0.7995858997912317 1 0.840362407098121 0.8861027859374999 0.6549618559498955 0.8489219625000001 0.6072169206680584 0.9822834374999999 0.6955597807933194 1 0.7995858997912317 1
4 0.44197494780793317 0.967084665625 0.5729095762004175 0.9933427187499999 0.6178516722338204 0.86781015625 0.4869170417536534 0.841552103125 0.44197494780793317 0.967084665625
4 0 0.46888182812499996 0.07073454070981211 0.4830671609375 0.0946070083507307 0.4163864234375 0.017810283924843424 0.4009853609375 0 0.450733165625 0 0.46888182812499996
4 0.6926864029227557 0.4158150265625 0.8073894676409186 0.4388179484375 0.8542645553235908 0.3078861375 0.739561490605428 0.2848832140625 0.6926864029227557 0.4158150265625
4 0.7909195469728602 0.77260186875 0.8598135281837161 0.786418090625 0.8778870146137787 0.735935103125 0.8089930354906054 0.72211888125 0.7909195469728602 0.77260186875