3 1 0.45823576875 0.9710619436325678 0.45283574218749995 0.9187737766179541 0.6097953453125 0.9752215010438413 0.620328853125 1 0.5459482859375 1 0.45823576875
3 0.7480855615866389 0.092354821875 0.7673324530271399 0.0345791390625 0.5830362400835073 0.00018828125 0.5637893486430062 0.0579639640625 0.7480855615866389 0.092354821875
3 0.6407635824634655 0.142759059375 0.798891974947808 0.1722668328125 0.8398090960334029 0.0494410484375 0.6816807035490605 0.0199332734375 0.6407635824634655 0.142759059375
3 0.613168286012526 0.21784768593749998 0.766063114822547 0.24637884375 0.7918809812108559 0.1688782890625 0.6389861503131524 0.1403471328125 0.613168286012526 0.21784768593749998
4 0.787969713987474 0.7926681859375 0.9102108121085595 0.8154791609375 0.94898421085595 0.699088440625 0.8267431127348643 0.676277465625 0.787969713987474 0.7926681859375
4 0.5894520626304801 0.294403115625 0.7509448893528184 0.3245387140625 0.79037072651357 0.206189496875 0.6288778997912317 0.176053896875 0.5894520626304801 0.294403115625
4 0.6111483924843424 0.7024654078125 0.7647908747390397 0.7311360828125 0.8039370939457202 0.6136262203125 0.6502946137787057 0.5849555468750001 0.6111483924843424 0.7024654078125
4 0.642670981210856 0.9070112828125 0.8112665010438413 0.9384722906249999 0.8510651586638831 0.819003928125 0.6824696388308977 0.7875429203125 0.642670981210856 0.9070112828125
4 0.4946608872651357 0.8536857421875 0.6569013653444676 0.883960859375 0.6991233611691023 0.757218078125 0.5368828830897704 0.7269429625 0.4946608872651357 0.8536857421875
4 0.4769825427974948 0.7220059125 0.6515592797494781 0.7545830546875 0.6937812755741127 0.6278402734374999 0.5192045386221295 0.5952631312500001 0.4769825427974948 0.7220059125
4 0.5695622672233821 0.58653234375 0.7134852734864301 0.6133893015624999 0.7544023924843424 0.490563515625 0.610479388308977 0.46370655781250003 0.5695622672233821 0.58653234375
4 0.5721931294363257 0.3825647515625 0.716116133611691 0.409421709375 0.7493904217118997 0.309538325 0.6054674175365344 0.28268136718750003 0.5721931294363257 0.3825647515625
4 0.5795580981210856 0.47309252968750004 0.7391817974947809 0.5028793390625 0.773947369519833 0.3985193890625 0.6143236701461378 0.36873258125 0.5795580981210856 0.47309252968750004
5 0.4448913131524008 0.34216744062500004 0.5843284050104384 0.3681872984375 0.622169751565762 0.25459443125000003 0.48273265970772444 0.22857457343749998 0.4448913131524008 0.34216744062500004
4 0.3762093215031315 0.45000524531249997 0.539571279749478 0.4804896375 0.5759213402922756 0.3713733359375 0.41255938204592907 0.3408889453125 0.3762093215031315 0.45000524531249997
4 0.30472966388308975 0.5644532640625 0.4908950083507307 0.5991929125000001 0.5366588037578288 0.46181828593749996 0.3504934613778706 0.4270786375 0.30472966388308975 0.5644532640625
4 0.33384738413361165 0.7428444671875 0.5162744655532359 0.7768865328125 0.561572235908142 0.640910834375 0.3791451524008351 0.60686876875 0.33384738413361165 0.7428444671875
4 0.5565659394572025 0.07964733125 0.6320787891440501 0.0937385140625 0.6471780459290188 0.0484132828125 0.5716651962421712 0.0343221 0.5565659394572025 0.07964733125
4 0.5406954154488518 0.0968939 0.6233109603340292 0.1123104921875 0.6362664947807933 0.073420321875 0.5536509519832985 0.05800373125 0.5406954154488518 0.0968939
4 0.5187744843423799 0 0.49861587682672237 0.060512490625000005 0.5707642922755741 0.0739758484375 0.5946248455114823 0.0023507890625 0.582027267223382 0 0.5187744843423799 0
4 0.435513643006263 0 0.5271723653444677 0.017104107812499998 0.5328702797494781 0 0.435513643006263 0
4 0.2864916492693111 0 0.2735431106471816 0.038869165625 0.3692425636743215 0.0567272984375 0.3881402066805846 0 0.2864916492693111 0
4 0.2759920730688935 0.061911693749999996 0.3597290939457203 0.077537559375 0.3734302713987474 0.0364091078125 0.2896932505219207 0.020783240624999998 0.2759920730688935 0.061911693749999996
3 0.2501692693110647 0.85219298125 0.3279250730688935 0.866702715625 0.3482438267223382 0.8057095000000001 0.2704880208768267 0.7911997671875 0.2501692693110647 0.85219298125
3 0.23860214405010438 0.8201680828125 0.32645125052192064 0.836561290625 0.3451855135699374 0.7803244281249999 0.2573364070981211 0.7639312203124999 0.23860214405010438 0.8201680828125
3 0.22537830480167015 0.7627224828125 0.30276028392484344 0.7771624578125 0.3241974989561587 0.71281181875 0.24681551983298539 0.69837184375 0.22537830480167015 0.7627224828125
3 0.1754519478079332 0.5079367984375 0.22554462839248435 0.517284415625 0.24427889144050105 0.4610475515625 0.19418621085594992 0.4516999359375 0.1754519478079332 0.5079367984375
3 0.2630444279749478 0.497090321875 0.3269686722338205 0.509018996875 0.34383882881002087 0.45837784218750005 0.2799145845511482 0.4464491671875 0.2630444279749478 0.497090321875
5 0.17647303966597078 0.8868808203125 0.265443624217119 0.9034833046875 0.28977020459290187 0.8304593171875 0.200799617954071 0.813856834375 0.17647303966597078 0.8868808203125
5 0.17367901252609602 0.95307591875 0.2690046388308977 0.97086429375 0.2933312192066806 0.8978403078125 0.1980055929018789 0.8800519328125 0.17367901252609602 0.95307591875
5 0.33651754488517743 0.8617682062500001 0.41090891649269307 0.875650115625 0.4313208747390397 0.814377115625 0.35692950104384136 0.8004952062499999 0.33651754488517743 0.8617682062500001
4 0.278727006263048 0.9208209734375 0.361716375782881 0.936307321875 0.38389923382045926 0.8697184015625 0.30090986430062633 0.8542320515625 0.278727006263048 0.9208209734375
4 0.2503333131524008 0.9357306375000001 0.2399875260960334 0.966786815625 0.3480232379958247 0.9869469750000001 0.35836902505219204 0.9558907968750001 0.2503333131524008 0.9357306375000001
4 0.35385057828810024 0.9718381875000001 0.42076543006263045 0.9843249281249999 0.4406181565762004 0.9247306406250001 0.3737033027139875 0.9122438984375 0.35385057828810024 0.9718381875000001
4 0.6912139770354906 0.7964555343749999 0.8142027244258873 0.8194060249999999 0.8332166033402922 0.7623298046875 0.710227853862213 0.7393793140625 0.6912139770354906 0.7964555343749999