1 0.31900811875 0.7425603984375 0.37342062708333335 0.7446991281249999 0.37632817916666667 0.7030895640625 0.32191567083333333 0.700950834375 0.31900811875 0.7425603984375
1 0.3108133770833333 0.8802479468750001 0.5807420874999999 0.8908577203125001 0.5975723479166667 0.650002359375 0.3276436375 0.6393925859375 0.3108133770833333 0.8802479468750001
1 0.5603574208333334 0.886579496875 0.6087240916666666 0.888480590625 0.6109606708333334 0.8564732328125 0.562594 0.8545721390625 0.5603574208333334 0.886579496875
1 0.40794891666666666 0.6945701328125 0.5718977104166666 0.7010142765625 0.57775009375 0.6172616921875 0.4138012979166667 0.6108175484375 0.40794891666666666 0.6945701328125
1 0.5389664416666666 0.3940124625 0.6534816520833334 0.398513578125 0.6596508833333333 0.31022661875 0.5451356729166666 0.305725503125 0.5389664416666666 0.3940124625
1 0.5038585729166667 0.2891252796875 0.5696514708333333 0.29171132499999997 0.57274540625 0.2474344828125 0.50695250625 0.24484843750000002 0.5038585729166667 0.2891252796875
1 0.5647533979166667 0.280151728125 0.6405041416666666 0.283129175 0.6438590104166667 0.23511813906249998 0.5681082666666666 0.23214069375 0.5647533979166667 0.280151728125
1 0.5898006291666668 0.22791157968750003 0.7252984395833334 0.23323743437500002 0.7336110583333333 0.11427675781249999 0.5981132479166666 0.108950903125 0.5898006291666668 0.22791157968750003
1 0.40363508958333333 0.2561664421875 0.5743409916666666 0.26287618125 0.5825790604166666 0.144982415625 0.41187315625000004 0.138272678125 0.40363508958333333 0.2561664421875
1 0.28869498125 0.2705045953125 0.4273935291666667 0.2759562578125 0.43460649583333333 0.1727325296875 0.29590795000000003 0.16728086874999998 0.28869498125 0.2705045953125
1 0.25800764375 0.17635585781250002 0.38852653333333337 0.1814860109375 0.39592588333333334 0.0755950046875 0.26540699375 0.0704648515625 0.25800764375 0.17635585781250002
1 0.20106110416666667 0.21303303750000002 0.30561846875 0.217142753125 0.31117264166666664 0.13765781562499999 0.206615275 0.13354810156250002 0.20106110416666667 0.21303303750000002