2 0.7477564104166666 0.545072115625 0.54455128125 0.545072115625 0.54455128125 0.7032451921875 0.7477564104166666 0.7032451921875 0.7477564104166666 0.545072115625
0 0.5753205124999999 0.513221153125 0.4041666666666667 0.513221153125 0.4041666666666667 0.636778846875 0.5753205124999999 0.636778846875 0.5753205124999999 0.513221153125
1 0.27003205208333336 0.453125 0.22387820416666668 0.453125 0.22387820416666668 0.48365384687499996 0.27003205208333336 0.48365384687499996 0.27003205208333336 0.453125
0 0.26602564166666665 0.41574519218750006 0.20128205208333333 0.41574519218750006 0.20128205208333333 0.4640625 0.26602564166666665 0.4640625 0.26602564166666665 0.41574519218750006
1 0.23573717916666667 0.3454326921875 0.1815705125 0.3454326921875 0.1815705125 0.3858173078125 0.23573717916666667 0.3858173078125 0.23573717916666667 0.3454326921875
0 0.26762820416666666 0.3134615390625 0.20384615416666665 0.3134615390625 0.20384615416666665 0.35985576875 0.26762820416666666 0.35985576875 0.26762820416666666 0.3134615390625
1 0.21714743541666665 0.21670673125 0.13798076874999998 0.21670673125 0.13798076874999998 0.29266826875 0.21714743541666665 0.29266826875 0.21714743541666665 0.21670673125
1 0.163141025 0.24855769218749998 0.09487179583333334 0.24855769218749998 0.09487179583333334 0.3009615390625 0.163141025 0.3009615390625 0.163141025 0.24855769218749998
0 0.98141025625 0.3514423078125 0.8467948708333334 0.3514423078125 0.8467948708333334 0.4269230765625 0.98141025625 0.4269230765625 0.98141025625 0.3514423078125
2 0.9849358979166667 0.4034855765625 0.9009615375000001 0.4034855765625 0.9009615375000001 0.46165865312500004 0.9849358979166667 0.46165865312500004 0.9849358979166667 0.4034855765625
1 0.7400641020833334 0.0328125 0.6596153854166666 0.0328125 0.6596153854166666 0.0938701921875 0.7400641020833334 0.0938701921875 0.7400641020833334 0.0328125
1 0.7482371791666667 0.0764423078125 0.6697115375 0.0764423078125 0.6697115375 0.1358173078125 0.7482371791666667 0.1358173078125 0.7482371791666667 0.0764423078125
1 0.09695512916666667 0.143990384375 0.05368589791666667 0.143990384375 0.05368589791666667 0.1759615390625 0.09695512916666667 0.1759615390625 0.09695512916666667 0.143990384375
1 0.07483974374999999 0.0373798078125 0.019391025 0.0373798078125 0.019391025 0.07872596093749999 0.07483974374999999 0.07872596093749999 0.07483974374999999 0.0373798078125
1 0.06971153749999999 0.154927884375 0.016826922916666667 0.154927884375 0.016826922916666667 0.19098557656249998 0.06971153749999999 0.19098557656249998 0.06971153749999999 0.154927884375
1 0.23429487083333334 0.0058894234375 0.17884615416666666 0.0058894234375 0.17884615416666666 0.055168268750000006 0.23429487083333334 0.055168268750000006 0.23429487083333334 0.0058894234375