5 0.2670591878914405 0.13126574375 0.19258252192066805 0.1273679453125 0.1871317494780793 0.1857084 0.26160841544885177 0.1896062 0.2670591878914405 0.13126574375
4 0.20955477661795407 0.0972019796875 0.13662167014613777 0.0933849625 0.13073915448851775 0.156346446875 0.20367226096033403 0.1601634625 0.20955477661795407 0.0972019796875
3 0.16060634237995824 0.1313538578125 0.08342844885177453 0.1273146875 0.07768085386221293 0.1888321 0.15485874530271398 0.1928712703125 0.16060634237995824 0.1313538578125
4 0.8212773152400835 0.1386493546875 0.6159841231732777 0.12790516093749998 0.6015746555323591 0.2821319140625 0.8068678475991649 0.29287610625 0.8212773152400835 0.1386493546875
4 0.7304740584551148 0.0189674453125 0.5475624551148226 0.0093946109375 0.5330990208768267 0.1641989921875 0.716010624217119 0.173771825 0.7304740584551148 0.0189674453125
4 0.39526853235908144 0 0.3831282296450939 0.12993954218749998 0.5382557933194154 0.138058275 0.5510192338204594 0.0014491859375000001 0.523329114822547 0 0.39526853235908144 0
4 0.5222560146137787 0.08933356249999999 0.31271803757828814 0.0783672140625 0.2987403152400835 0.2279729390625 0.5082782922755741 0.23893928749999999 0.5222560146137787 0.08933356249999999
4 0.574682229645094 0.223404765625 0.3292565323590814 0.2105602046875 0.3132819916492693 0.381538178125 0.5587076889352819 0.394382740625 0.574682229645094 0.223404765625
4 0.8887156576200417 0.3237153953125 0.6699163340292276 0.31226434687500004 0.6545354425887264 0.47688840781249997 0.8733347661795408 0.48833945625 0.8887156576200417 0.3237153953125
3 0.5970282087682672 0.413801859375 0.3446565010438413 0.400593771875 0.3269549832985386 0.5900558499999999 0.5793266910229645 0.6032639375 0.5970282087682672 0.413801859375
3 0.8537180772442589 0.5468092062500001 0.6553708956158664 0.5364285390625 0.6403677807933195 0.697009203125 0.8387149624217118 0.7073898703125 0.8537180772442589 0.5468092062500001
4 0.07226823590814195 0.9564878140624999 0.0701904655532359 0.978726503125 0.16087449060542797 0.983472528125 0.16295225887265136 0.9612338390625 0.07226823590814195 0.9564878140624999
4 0.16081769728601253 0.9550273703125001 0.1581732630480167 0.98333115625 0.23264992901878914 0.9872289562500001 0.235294363256785 0.9589251703125001 0.16081769728601253 0.9550273703125001
4 0.23322029227557411 0.9001908953125 0.18498410855949896 0.8976664140624999 0.17945238413361167 0.9568733125 0.22768856784968686 0.95939779375 0.23322029227557411 0.9001908953125
4 0.3382903402922756 0.9460312906249999 0.3339459144050104 0.9925303671875 0.3841115407098121 0.9951558281249999 0.38845596868475996 0.9486567515625 0.3382903402922756 0.9460312906249999
4 0.3619265970772443 0.9130216015625001 0.30211372860125263 0.90989124375 0.2974724759916493 0.959567278125 0.35728534446764093 0.962697634375 0.3619265970772443 0.9130216015625001