4 0.17051282083333333 0.2306490390625 0.11698717916666666 0.2306490390625 0.11698717916666666 0.27079326875 0.17051282083333333 0.27079326875 0.17051282083333333 0.2306490390625
4 0.25576923125 0.3474759609375 0.21794871875000002 0.3474759609375 0.21794871875000002 0.380408653125 0.25576923125 0.380408653125 0.25576923125 0.3474759609375
4 0.26955128125 0.3828125 0.22980769166666667 0.3828125 0.22980769166666667 0.41141826875 0.26955128125 0.41141826875 0.26955128125 0.3828125
4 0.4596153854166667 0.303125 0.275641025 0.303125 0.275641025 0.4427884609375 0.4596153854166667 0.4427884609375 0.4596153854166667 0.303125
4 0.5822115375 0.37704326875 0.45753205208333336 0.37704326875 0.45753205208333336 0.4784855765625 0.5822115375 0.4784855765625 0.5822115375 0.37704326875
4 0.5341346145833333 0.4131009609375 0.37067307708333336 0.4131009609375 0.37067307708333336 0.5287259609375 0.5341346145833333 0.5287259609375 0.5341346145833333 0.4131009609375
4 0.6737179479166666 0.5181490390625 0.5891025645833333 0.5181490390625 0.5891025645833333 0.58954326875 0.6737179479166666 0.58954326875 0.6737179479166666 0.5181490390625
4 0.60625 0.5092548078125 0.46266025625 0.5092548078125 0.46266025625 0.623197115625 0.60625 0.623197115625 0.60625 0.5092548078125
4 0.6552884625 0.5980769234375 0.5424679479166666 0.5980769234375 0.5424679479166666 0.69423076875 0.6552884625 0.69423076875 0.6552884625 0.5980769234375
4 0.6860576916666666 0.6578125 0.5671474354166667 0.6578125 0.5671474354166667 0.739302884375 0.6860576916666666 0.739302884375 0.6860576916666666 0.6578125
3 0.9701923083333334 0.6706730765625 0.9237179479166666 0.6706730765625 0.9237179479166666 0.69951923125 0.9701923083333334 0.69951923125 0.9701923083333334 0.6706730765625