3 0.625 0.2108134921875 0.46428571458333334 0.2108134921875 0.46428571458333334 0.34821428593750003 0.625 0.34821428593750003 0.625 0.2108134921875
5 0.6770833333333334 0.3220486109375 0.5358796291666666 0.3220486109375 0.5358796291666666 0.4443204359375 0.6770833333333334 0.4443204359375 0.6770833333333334 0.3220486109375
5 0.5216600520833333 0.2981150796875 0.34540343958333336 0.2981150796875 0.34540343958333336 0.44146825468750006 0.5216600520833333 0.44146825468750006 0.5216600520833333 0.2981150796875
4 0.7027116395833333 0.432663690625 0.5800264541666666 0.432663690625 0.5800264541666666 0.5345982140625 0.7027116395833333 0.5345982140625 0.7027116395833333 0.432663690625
4 0.5861441791666666 0.43030753906249997 0.43402777708333334 0.43030753906249997 0.43402777708333334 0.57762896875 0.5861441791666666 0.57762896875 0.5861441791666666 0.43030753906249997
5 0.5978835979166667 0.40414186562500004 0.44411375625 0.40414186562500004 0.44411375625 0.48797122968749995 0.5978835979166667 0.48797122968749995 0.5978835979166667 0.40414186562500004
4 0.6498015875 0.5193452375 0.5287698416666667 0.5193452375 0.5287698416666667 0.637648809375 0.6498015875 0.637648809375 0.6498015875 0.5193452375
4 0.6722883604166667 0.5357142859375 0.5777116395833333 0.5357142859375 0.5777116395833333 0.644097221875 0.6722883604166667 0.644097221875 0.6722883604166667 0.5357142859375
4 0.6334325395833333 0.6719990078125 0.5100859791666666 0.6719990078125 0.5100859791666666 0.7878224203124999 0.6334325395833333 0.7878224203124999 0.6334325395833333 0.6719990078125
4 0.5039682541666667 0.8397817453125 0.42857142916666663 0.8397817453125 0.42857142916666663 0.9107142859374999 0.5039682541666667 0.9107142859374999 0.5039682541666667 0.8397817453125
4 0.38806216875000005 0.73487103125 0.24851190416666666 0.73487103125 0.24851190416666666 0.8479662703124999 0.38806216875000005 0.8479662703124999 0.38806216875000005 0.73487103125
4 0.36259920625 0.6051587296875 0.19560185208333333 0.6051587296875 0.19560185208333333 0.7517361109375 0.36259920625 0.7517361109375 0.36259920625 0.6051587296875
4 0.3702050270833333 0.44320436562500004 0.18634259166666667 0.44320436562500004 0.18634259166666667 0.5892857140625 0.3702050270833333 0.5892857140625 0.3702050270833333 0.44320436562500004