4 0.7190705125 0.3027644234375 0.5822115375 0.3027644234375 0.5822115375 0.3953125 0.7190705125 0.3953125 0.7190705125 0.3027644234375
5 0.6836538458333333 0.3878605765625 0.54391025625 0.3878605765625 0.54391025625 0.4936298078125 0.6836538458333333 0.4936298078125 0.6836538458333333 0.3878605765625
4 0.8822115375 0.3734375 0.7959935895833333 0.3734375 0.7959935895833333 0.4712740390625 0.8822115375 0.4712740390625 0.8822115375 0.3734375
4 0.7616987187500001 0.47391826875 0.6610576916666666 0.47391826875 0.6610576916666666 0.5765625 0.7616987187500001 0.5765625 0.7616987187500001 0.47391826875
3 0.3953525645833333 0.38737980781250003 0.25272435833333334 0.38737980781250003 0.25272435833333334 0.499158653125 0.3953525645833333 0.499158653125 0.3953525645833333 0.38737980781250003
5 0.39246794791666667 0.499158653125 0.2440705125 0.499158653125 0.2440705125 0.6087740390625 0.39246794791666667 0.6087740390625 0.39246794791666667 0.499158653125
4 0.5012820520833333 0.45853365312500005 0.36858974375000003 0.45853365312500005 0.36858974375000003 0.5467548078125 0.5012820520833333 0.5467548078125 0.5012820520833333 0.45853365312500005
4 0.48862179583333337 0.5409855765625 0.3796474354166667 0.5409855765625 0.3796474354166667 0.617908653125 0.48862179583333337 0.617908653125 0.48862179583333337 0.5409855765625
4 0.31794871875 0.6201923078125 0.22948717916666667 0.6201923078125 0.22948717916666667 0.7014423078124999 0.31794871875 0.7014423078124999 0.31794871875 0.6201923078125
4 0.4280448708333333 0.6087740390625 0.31330128125 0.6087740390625 0.31330128125 0.6996394234375 0.4280448708333333 0.6996394234375 0.4280448708333333 0.6087740390625
4 0.5211538458333334 0.6475961531250001 0.4157051291666667 0.6475961531250001 0.4157051291666667 0.736778846875 0.5211538458333334 0.736778846875 0.5211538458333334 0.6475961531250001
4 0.3727564104166667 0.68125 0.27019230833333335 0.68125 0.27019230833333335 0.7764423078125 0.3727564104166667 0.7764423078125 0.3727564104166667 0.68125
4 0.4733974354166667 0.6921875 0.39358974375 0.6921875 0.39358974375 0.77079326875 0.4733974354166667 0.77079326875 0.4733974354166667 0.6921875
4 0.5584935895833334 0.66826923125 0.4985576916666667 0.66826923125 0.4985576916666667 0.7480769234375 0.5584935895833334 0.7480769234375 0.5584935895833334 0.66826923125
4 0.6184294875 0.7026442312500001 0.5642628208333333 0.7026442312500001 0.5642628208333333 0.7721153843749999 0.6184294875 0.7721153843749999 0.6184294875 0.7026442312500001
4 0.6998397437499999 0.6921875 0.6078525645833334 0.6921875 0.6078525645833334 0.7813701921875 0.6998397437499999 0.7813701921875 0.6998397437499999 0.6921875
4 0.7173076916666666 0.6712740390625 0.6743589750000001 0.6712740390625 0.6743589750000001 0.7066105765625 0.7173076916666666 0.7066105765625 0.7173076916666666 0.6712740390625
3 0 0.3847355765625 0.04487179583333333 0.3847355765625 0.04487179583333333 0.3506009609375 0 0.3506009609375 0 0.3847355765625
4 0.08044871875000001 0.35204326875 0.04134615416666666 0.35204326875 0.04134615416666666 0.388822115625 0.08044871875000001 0.388822115625 0.08044871875000001 0.35204326875
4 0.07932692291666667 0.058533653124999994 0.03830128125 0.058533653124999994 0.03830128125 0.0905048078125 0.07932692291666667 0.0905048078125 0.07932692291666667 0.058533653124999994
4 0.15272435833333334 0.102403846875 0.11233974375 0.102403846875 0.11233974375 0.1358173078125 0.15272435833333334 0.1358173078125 0.15272435833333334 0.102403846875
4 0.14967948749999999 0.11454326875000001 0.11057692291666667 0.11454326875000001 0.11057692291666667 0.149158653125 0.14967948749999999 0.149158653125 0.14967948749999999 0.11454326875000001
4 0.13477564166666667 0.14326923125 0.10432692291666666 0.14326923125 0.10432692291666666 0.169471153125 0.13477564166666667 0.169471153125 0.13477564166666667 0.14326923125