4 0.5299348604166666 0.538592546875 0.7546318166666667 0.535650971875 0.7514415916666667 0.3985750765625 0.5267446354166666 0.40151665156250005 0.5299348604166666 0.538592546875
4 0.6609439208333333 0.5610747015625 0.8157590479166666 0.5590479703125 0.8133132083333333 0.4539564515625 0.6584980833333333 0.45598318125 0.6609439208333333 0.5610747015625
4 0.62703291875 0.5980833484375 0.74816141875 0.59649761875 0.7466601374999999 0.531991315625 0.6255316354166667 0.5335770453124999 0.62703291875 0.5980833484375
4 0.76667885 0.714418359375 0.9598393916666667 0.7118896375 0.9564740166666666 0.5672880078125 0.7633134770833333 0.56981673125 0.76667885 0.714418359375
4 0.6765317583333333 0.730251271875 0.82883830625 0.72825738125 0.8260546791666666 0.6086519453125 0.6737481312500001 0.6106458359375 0.6765317583333333 0.730251271875
4 0.5250218604166667 0.7741766046875 0.7339506083333334 0.77144145625 0.7306227645833334 0.628452484375 0.52169401875 0.6311876328125 0.5250218604166667 0.7741766046875
4 0.4980104645833333 0.86889943125 0.6847203749999999 0.86645515625 0.6817303208333333 0.7379801031250001 0.4950204104166666 0.740424378125 0.4980104645833333 0.86889943125
4 0.38619459791666666 0.8855537312499999 0.54638525 0.883456628125 0.54346400625 0.7579381140625 0.3832733520833333 0.7600352171875 0.38619459791666666 0.8855537312499999
4 0.51298274375 0.9269112156249999 0.51468106875 0.9998839703125 0.721817975 0.997172278125 0.7201196499999999 0.9241995234375 0.51298274375 0.9269112156249999
4 0.5058179416666666 1 0.5431713520833333 0.9995109953125001 0.5415168145833333 0.9284196734375 0.41142910416666667 0.930122690625 0.4130553875 1 0.5058179416666666 1
3 0.44577046875 0.6035481796875 0.4980922479166667 0.60286321875 0.49682241458333337 0.5483016359375 0.44450063333333334 0.5489865968750001 0.44577046875 0.6035481796875
3 0.47935872916666666 0.637387878125 0.5370560354166667 0.6366325453125 0.5361677770833333 0.5984663171875 0.47847047083333333 0.5992216499999999 0.47935872916666666 0.637387878125