3 0.583498235908142 0.08318093125 0.35497952818371603 0.0981442890625 0.37649935699373693 0.282239521875 0.6050180647181629 0.2672761640625 0.583498235908142 0.08318093125
3 0.819716419624217 0.154980896875 0.6286915908141963 0.1674891640625 0.646195891440501 0.3172328546875 0.837220720250522 0.3047245890625 0.819716419624217 0.154980896875
3 0.6259935699373694 0.377059040625 0.4104037849686848 0.391175815625 0.42932200417536537 0.55301511875 0.6449117870563675 0.53889834375 0.6259935699373694 0.377059040625
5 0.8158110020876826 0.4559194234375 0.6541994697286012 0.4665017140625 0.6679144718162839 0.5838291609375 0.8295260041753654 0.5732468703125 0.8158110020876826 0.4559194234375
5 0.6032584300626305 0.54199144375 0.44003078288100206 0.55267955625 0.45416996033402923 0.6736356875 0.6173976075156576 0.662947575 0.6032584300626305 0.54199144375
3 0.33462013569937366 0.66232831875 0.19240198747390397 0.671640734375 0.2051555260960334 0.7807431640625 0.3473736743215031 0.77143075 0.33462013569937366 0.66232831875
4 0.628926605427975 0.6598769015625 0.48961746555323593 0.6689988359375 0.5020033841336117 0.7749564078125 0.6413125260960334 0.7658344734375 0.628926605427975 0.6598769015625
4 0.8940333277661795 0.8325317468750001 0.750845509394572 0.8419076546875001 0.7667662233820459 0.9781042578125 0.9099540417536534 0.9687283484375 0.8940333277661795 0.8325317468750001
4 0.7526395720250523 0.964525315625 0.7550573716075156 0.9852088140624999 0.8565494133611691 0.9785631359375 0.8541316137787057 0.9578796374999999 0.7526395720250523 0.964525315625
5 0.478714108559499 0.7122495890625 0.3672021482254697 0.7195513703125 0.37746719206680585 0.807365521875 0.4889791503131524 0.800063740625 0.478714108559499 0.7122495890625
4 0.483355127348643 0.796531778125 0.40513514405010437 0.80165360625 0.4116674446764092 0.8575353390625 0.48988742797494783 0.8524135109375001 0.483355127348643 0.796531778125
4 0.43730148016701464 0.8274583312500001 0.32029473068893527 0.8351199093749999 0.33154951565762003 0.931400990625 0.4485562651356994 0.9237394125 0.43730148016701464 0.8274583312500001
5 0.3893666659707724 0.7517394640624999 0.26137033194154485 0.7601206375 0.2732755198329854 0.8619657000000001 0.4012718517745303 0.8535845265625 0.3893666659707724 0.7517394640624999
5 0.19802667014613778 0.4968593421875 0.12530148225469728 0.5016213734375 0.13104198747390397 0.5507295625 0.20376717745302714 0.5459675328125 0.19802667014613778 0.4968593421875
4 0.26237699791231733 0.5834477578125 0.21971155323590813 0.5862414828125 0.2242926471816284 0.6254312703125 0.2669580918580376 0.6226375453124999 0.26237699791231733 0.5834477578125
4 0.22646458663883087 0.6063973484375 0.1844455866388309 0.6091487437499999 0.1884893903966597 0.643742196875 0.23050839039665968 0.6409908015625 0.22646458663883087 0.6063973484375
4 0.10555718162839248 0.46366823437500004 0.04996281628392484 0.4673085421875 0.054883248434238 0.5094012765625 0.11047761586638831 0.50576096875 0.10555718162839248 0.46366823437500004
4 0.12263481628392485 0.5066712640625 0.07253524217118998 0.509951775 0.07635282045929018 0.5426099296875 0.12645239457202506 0.5393294203125001 0.12263481628392485 0.5066712640625
4 0.09057492901878914 0.5221775562500001 0.042091469728601255 0.5253522421875 0.04641805845511482 0.5623648203125 0.09490151565762003 0.5591901328125 0.09057492901878914 0.5221775562500001
3 0.12863803340292276 0.5496681546875 0.07401333611691023 0.55324496875 0.07800058455114822 0.587354596875 0.13262528183716074 0.5837777828124999 0.12863803340292276 0.5496681546875
4 0.07247597494780793 0.5554176281250001 0.02269962212943633 0.5586769734375 0.02657375782881002 0.591818953125 0.07635011064718163 0.5885596078125 0.07247597494780793 0.5554176281250001
3 0.0772010981210856 0.4203067765625 0.01740483089770355 0.424222225 0.022664605427974948 0.46921790625000004 0.08246087056367432 0.465302459375 0.0772010981210856 0.4203067765625
5 0.12730433611691022 0.4421337125 0.07170996868475991 0.44577402031249996 0.0760648350730689 0.48302850937499997 0.1316592025052192 0.4793882015625 0.12730433611691022 0.4421337125
3 0.181996872651357 0.7637335296875001 0.14062431941544884 0.7664425968749999 0.14424394989561584 0.797407365625 0.18561650104384134 0.7946983000000001 0.181996872651357 0.7637335296875001