4 0.8001481064718162 0.24847034687499997 0.6919019958246347 0.2613019328125 0.7156079707724425 0.37332329531249997 0.8238540814196242 0.360491709375 0.8001481064718162 0.24847034687499997
4 0.7200136283924843 0.140062225 0.6134379832985386 0.1526957921875 0.6359269123173278 0.25896605781250004 0.7425025553235908 0.246332490625 0.7200136283924843 0.140062225
4 0.5526771169102297 0.21513545937499998 0.43741505636743216 0.22879872343750002 0.4622851628392485 0.3463211328125 0.5775472254697286 0.3326578703125 0.5526771169102297 0.21513545937499998
4 0.5471889916492693 0.18515575312500002 0.45999073695198334 0.195492309375 0.4778760501043841 0.280008425 0.5650743048016701 0.26967186875000004 0.5471889916492693 0.18515575312500002
4 0.634275521920668 0.39924085 0.42713790187891437 0.4237951203125 0.4699991503131524 0.62633374375 0.6771367703549062 0.6017794734375 0.634275521920668 0.39924085
4 0.4293157933194155 0.350741990625 0.2662784405010438 0.370068578125 0.3006732693110647 0.5325995703124999 0.463710624217119 0.5132729828125 0.4293157933194155 0.350741990625
4 0.4695095260960334 0.5066902109375 0.25702641962421713 0.5318781390625 0.29427866597077246 0.7079117078125 0.5067617724425887 0.682723778125 0.4695095260960334 0.5066902109375
4 0.25709399373695196 0.3760273953125 0.10508170772442589 0.3940470609375 0.1295284947807933 0.509569090625 0.2815407807933194 0.491549425 0.25709399373695196 0.3760273953125
4 0.26202287056367435 0.41145612187499997 0.03149874530271399 0.43878264843750003 0.07213755949895616 0.6308192671875 0.30266168475991645 0.6034927406249999 0.26202287056367435 0.41145612187499997
4 0.13082798956158664 0.5618325453125 0.009886346555323592 0.576169071875 0.04491615657620041 0.7417006359375 0.16585779958246347 0.7273641109375 0.13082798956158664 0.5618325453125
4 0 0.5294516515625001 0.017347377870563674 0.61142579375 0.10838770354906054 0.6006337953124999 0.08351759498956159 0.4831113875 0 0.493011634375 0 0.5294516515625001