5 0.33121369791666666 0.3359559765625 0.4949394791666667 0.3620567171875 0.52974046875 0.23926238125000002 0.3660146875 0.213161640625 0.33121369791666666 0.3359559765625
3 0.6080593000000001 0.41609176562499994 0.8177124437500001 0.44951412968750004 0.8634679187500001 0.2880671859375 0.6538147770833334 0.2546448234375 0.6080593000000001 0.41609176562499994
5 0.38766436666666665 0.44966265937500005 0.5591031395833334 0.47699298749999997 0.5937550875 0.3547245375 0.4223163145833333 0.327394209375 0.38766436666666665 0.44966265937500005
4 0.3377517958333333 0.6160807546875 0.5060352520833333 0.6429080703125 0.5396439166666667 0.5243208203124999 0.3713604583333333 0.49749350468750003 0.3377517958333333 0.6160807546875
4 0.29932729166666666 0.7587717328125 0.43675878125 0.78068070625 0.46857895833333335 0.6684040875 0.33114746666666667 0.6464951140624999 0.29932729166666666 0.7587717328125
4 0.48488528541666664 0.7692527296875 0.6636864583333334 0.7977567515625 0.7002014145833333 0.6689147296875 0.5214002416666667 0.6404107078125 0.48488528541666664 0.7692527296875
4 0.46842916458333334 0.86158059375 0.6247925416666666 0.8865076406249999 0.6540045083333333 0.7834340234375 0.49764112916666664 0.7585069765625 0.46842916458333334 0.86158059375
4 0.3166251854166667 0.8438387296875 0.4428377791666666 0.863959215625 0.46966509375 0.7692997703125 0.3434525 0.749179284375 0.3166251854166667 0.8438387296875
4 0.40969279375 0.9033340234375 0.48787448541666667 0.9157975468749999 0.5057593625 0.8526912515625 0.4275776708333333 0.8402277281250001 0.40969279375 0.9033340234375
4 0.4820738375 0.9530731843750001 0.5956651708333334 0.971181621875 0.6206294791666667 0.8830957484375 0.5070381458333333 0.8649873109374999 0.4820738375 0.9530731843750001
4 0.7737277645833333 0.9712611593749999 0.8343799291666667 0.9809301703125 0.8480171458333333 0.93281161875 0.7873649833333333 0.9231426078125 0.7737277645833333 0.9712611593749999
5 0.7253205312500001 0.8951133406249999 0.7733514375 0.9027703031250001 0.784678525 0.86280298125 0.7366476208333333 0.85514601875 0.7253205312500001 0.8951133406249999
5 0.8168228000000001 0.8747979078125001 0.8739690583333334 0.8839080171875 0.8854451875 0.843414809375 0.8282989291666667 0.8343047 0.8168228000000001 0.8747979078125001
4 0.9419817770833333 0.3433186015625 0.98720795625 0.3505284421875 0.9971191583333333 0.315557034375 0.95189298125 0.30834719375 0.9419817770833333 0.3433186015625
4 0.8847680375 0.388750046875 0.9271894958333333 0.39551276562500004 0.93575933125 0.3652743328125 0.8933378750000001 0.3585116140625 0.8847680375 0.388750046875
4 0.8630290458333333 0.418263203125 0.9036975479166667 0.4247464703125 0.9115221833333333 0.3971374640625 0.8708536791666667 0.390654196875 0.8630290458333333 0.418263203125
4 1 0.392691834375 0.9700173604166668 0.3879120796875 0.9607023208333333 0.42077994375000005 1 0.42704467968750004 1 0.392691834375
4 1 0.3724923640625 0.9889923395833333 0.3707375515625 0.9813167479166667 0.3978206703125 1 0.40079910625000004 1 0.3724923640625
4 0.9169769 0.44706290156249995 0.9562430395833333 0.4533226078125 0.9648873958333334 0.42282123125000004 0.92562125625 0.416561525 0.9169769 0.44706290156249995
4 0.8718761625 0.462683346875 0.9076363979166667 0.46838415 0.9145667875 0.4439304609375 0.8788065520833332 0.43822965625 0.8718761625 0.462683346875
4 0.77783735 0.774456159375 0.81114345 0.7797657328125001 0.8183719229166667 0.75426026875 0.7850658208333333 0.7489506968749999 0.77783735 0.774456159375
3 0.7901401020833333 0.75690501875 0.8262509270833333 0.7626617125 0.8336284395833334 0.7366303656250001 0.7975176145833333 0.7308736703125 0.7901401020833333 0.75690501875
4 0.6757207375000001 0.94794209375 0.7188433729166667 0.9548165921875 0.7300959395833334 0.915112215625 0.6869733041666667 0.9082377156250001 0.6757207375000001 0.94794209375
4 0.7889866645833333 0.9206529046874999 0.8429776083333334 0.9292600015625 0.8540811354166667 0.8900815078125 0.8000901916666667 0.8814744109375001 0.7889866645833333 0.9206529046874999
4 0.8315134166666667 0.9865192984375 0.8714807375 0.9928907859375 0.8843727520833333 0.9474016625000001 0.84440543125 0.9410301765625 0.8315134166666667 0.9865192984375
3 0.8578295770833333 0.9608962859375 0.8795661916666667 0.9643614796875 0.89186204375 0.9209759015625 0.8701254291666667 0.9175107078125 0.8578295770833333 0.9608962859375
4 0.679150775 0.8459800187500001 0.7170145520833333 0.852016165625 0.72469014375 0.8249330453124999 0.6868263666666666 0.8188969 0.679150775 0.8459800187500001
4 0.7386502979166667 1 0.7472141583333334 0.9697826562499999 0.7033903416666667 0.9627963749999999 0.6934791395833333 0.99776778125 0.7074814916666666 1 0.7386502979166667 1
5 0.7428277708333333 0.8423901046875001 0.7715761937500001 0.8469731046875 0.7794753479166666 0.8191011578125 0.7507269229166667 0.8145181578124999 0.7428277708333333 0.8423901046875001