1 0.6273908914405011 0.9091427890625001 0.6314840104384134 0.9968683046875 0.8230203903966598 0.99186230625 0.81892727348643 0.9041367921875001 0.6273908914405011 0.9091427890625001
1 0.8560870814196243 0.8075711484375001 0.6474687056367433 0.8130236015625 0.6557057077244259 0.9895626999999999 0.8643240835073068 0.984110246875 0.8560870814196243 0.8075711484375001
1 0.8428754968684761 0.750587021875 0.7036754300626306 0.75422515625 0.7093232985386221 0.875272765625 0.848523363256785 0.8716346312500001 0.8428754968684761 0.750587021875
1 0.35792111064718163 0.628176784375 0.24016439665970774 0.631254475 0.24426386012526094 0.7191159984375 0.36202057202505217 0.7160383078125 0.35792111064718163 0.628176784375
1 0.2360464822546973 0.5975908484375 0.12992006263048017 0.60036456875 0.13366415448851776 0.6806096140625 0.23979057411273486 0.6778358921875001 0.2360464822546973 0.5975908484375
1 0.3445560730688935 0.5874014203125 0.23443174112734866 0.5902796328125001 0.23733817118997913 0.6525715484375 0.3474625052192067 0.6496933375 0.3445560730688935 0.5874014203125
1 0.38554591231732777 0.47153508593750004 0.2917766784968685 0.473985840625 0.2950257891440501 0.5436222171875 0.3887950229645094 0.5411714625 0.38554591231732777 0.47153508593750004
2 0.3458984926931106 0.4289955015625 0.18888953862212943 0.43309908906250005 0.1938012776617954 0.5383697062499999 0.35081023173277665 0.53426611875 0.3458984926931106 0.4289955015625
2 0.7612032025052192 0.40397895312500004 0.5162401628392485 0.4103813109375 0.5240964091858038 0.5787598953125 0.7690594509394573 0.5723575375000001 0.7612032025052192 0.40397895312500004
1 0.9842971440501044 0.42020842187499996 0.7556892025052192 0.42618332187499997 0.7640404300626304 0.605170571875 0.9926483716075156 0.599195671875 0.9842971440501044 0.42020842187499996
2 0 0.40017942343749996 0.06391696033402923 0.3985088875 0.06118821503131524 0.34002521093750004 0 0.341624428125 0 0.40017942343749996
1 0 0.350203415625 0.03432950939457202 0.3493061796875 0.03240034864300626 0.3079595796875 0 0.308806396875 0 0.350203415625
0 0.09902646346555323 0.2891964375 0.005984123173277661 0.29162819375 0.008700175365344467 0.349839853125 0.10174251565762005 0.347408096875 0.09902646346555323 0.2891964375
1 0.10257092901878914 0.2637753609375 0.031335386221294365 0.2656371734375 0.033683375782881 0.3159603375 0.10491891858037579 0.3140985234375 0.10257092901878914 0.2637753609375
2 0.3145641586638831 0.2214676125 0.2389672567849687 0.22344341406249998 0.24159446764091858 0.279750953125 0.31719136951983296 0.2777751515625 0.3145641586638831 0.2214676125
0 0.5299599227557411 0.061007725 0.3954846638830898 0.064522371875 0.40047255532359083 0.17142509374999998 0.5349478141962422 0.1679104453125 0.5299599227557411 0.061007725
2 0.591046643006263 0.021009978125000002 0.4700189102296451 0.0241731609375 0.47471488935281836 0.1248194890625 0.5957426221294364 0.12165630624999998 0.591046643006263 0.021009978125000002