4 0.5444938392484342 0.0875584625 0.6066185177453027 0.094922775 0.6182915615866388 0.039762403125 0.5561668830897704 0.032398090625 0.5444938392484342 0.0875584625
4 0.5429599958246346 0.1359275984375 0.5965955887265136 0.1422856078125 0.6061907098121085 0.096944359375 0.5525551169102296 0.09058635000000001 0.5429599958246346 0.1359275984375
4 0.5977609832985387 0.146124284375 0.6614291315240083 0.1536715609375 0.6724299060542798 0.101687965625 0.60876175782881 0.0941406890625 0.5977609832985387 0.146124284375
4 0.6434556910229645 0.10402616406250001 0.7132977223382045 0.11230529687499999 0.725276344467641 0.055700937500000006 0.6554343131524009 0.047421803125 0.6434556910229645 0.10402616406250001
5 0.8897350375782881 0.0944387703125 0.9009802755741128 0.04129998125 0.8257360981210855 0.032380471875 0.8144908622129436 0.0855192609375 0.8897350375782881 0.0944387703125
4 0.7970483674321502 0.126821828125 0.8719066743215032 0.135695596875 0.8833352567849687 0.081690415625 0.8084769498956159 0.072816646875 0.7970483674321502 0.126821828125
4 0.8683996388308978 0.0457270328125 0.8701108705636743 0.0376406953125 0.8203339519832985 0.031740096875 0.8186227202505219 0.039826434375000004 0.8683996388308978 0.0457270328125
3 0.4068313152400835 0.69041258125 0.4608527766179541 0.69681633125 0.46983674321503127 0.654363059375 0.41581528183716077 0.647959309375 0.4068313152400835 0.69041258125
3 0.4351482338204593 0.68370385 0.48338168058455117 0.6894214843750001 0.4921823006263048 0.64783460625 0.44394885386221294 0.6421169734375 0.4351482338204593 0.68370385
4 0.3690534613778706 0.7072494171875 0.4215314509394572 0.7134702015625 0.4300264926931106 0.673327315625 0.3775485052192067 0.6671065296875 0.3690534613778706 0.7072494171875
4 0.40794575365344465 0.6627166984375 0.44421730480167015 0.667016359375 0.4503288475991649 0.638136584375 0.41405729645093947 0.6338369234375001 0.40794575365344465 0.6627166984375
3 0.4106407473903967 0.56119756875 0.4453688288100209 0.5653142640625 0.4508692171189979 0.5393224671875 0.41614113569937367 0.5352057703125 0.4106407473903967 0.56119756875
4 0.39324496659707725 0.5770460234375 0.4260437098121086 0.580934015625 0.43111629018789144 0.5569638015625 0.39831754488517745 0.5530758109375 0.39324496659707725 0.5770460234375
4 0.42545585177453027 0.49960068125 0.4679012860125261 0.5046322 0.4744406346555324 0.47373084062500004 0.43199520041753653 0.4686993234375 0.42545585177453027 0.49960068125
4 0.3922394592901879 0.46591091875 0.4265816743215031 0.46998187343750003 0.4317764843423799 0.4454340640625 0.39743426931106474 0.44136310781250004 0.3922394592901879 0.46591091875
5 0.360347860125261 0.45680169687500005 0.4000922192066806 0.461513028125 0.40626487682672235 0.432344453125 0.36652051774530275 0.42763312343750004 0.360347860125261 0.45680169687500005
3 0.20182022129436325 0.226487375 0.24387978496868476 0.2314731515625 0.25035801878914404 0.2008605890625 0.20829845511482253 0.1958748125 0.20182022129436325 0.226487375
3 0.29445422129436327 0.2607076203125 0.3349703152400835 0.26551043281250003 0.341876356993737 0.23287628593749998 0.30136026513569936 0.2280734734375 0.29445422129436327 0.2607076203125
5 0.2227020292275574 0.253978309375 0.2609029164926931 0.258506675 0.2671366889352818 0.229049303125 0.22893580167014613 0.2245209375 0.2227020292275574 0.253978309375
3 0.26945018162839246 0.3274616125 0.30687933611691026 0.331898496875 0.3133575720250522 0.301285934375 0.27592841544885177 0.2968490515625 0.26945018162839246 0.3274616125
4 0.30211706471816285 0.2833751 0.33993208768267225 0.287857725 0.34628809185803755 0.25782275781249997 0.3084730688935282 0.2533401328125 0.30211706471816285 0.2833751
4 0.30552818789144054 0.3167881890625 0.3367834613778706 0.320493215625 0.3422227348643006 0.2947902140625 0.31096746137787057 0.2910851875 0.30552818789144054 0.3167881890625
4 0.27408002087682676 0.36072312812499996 0.31266677870563675 0.365297234375 0.3190227828810021 0.33526226875 0.28043602505219206 0.3306881609375 0.27408002087682676 0.36072312812499996
4 0.2420398350730689 0.3616617359375 0.2779255198329854 0.3659156546875 0.2838537139874739 0.337902271875 0.24796803131524006 0.33364835312499996 0.2420398350730689 0.3616617359375
5 0.25387464300626306 0.29171841718749997 0.28667338830897704 0.295606409375 0.29211265970772443 0.2699034078125 0.2593139164926931 0.2660154171875 0.25387464300626306 0.29171841718749997
4 0.22569015448851773 0.3136890328125 0.2619617077244259 0.31798869375 0.268012133611691 0.28939771406250003 0.23174058037578288 0.285098053125 0.22569015448851773 0.3136890328125
4 0.2562018434237996 0.30502015312499997 0.2770386931106472 0.30749017031250003 0.2802166951983298 0.2924726875 0.25937984551148224 0.29000266875 0.2562018434237996 0.30502015312499997
4 0.21592539665970772 0.2747861 0.24177852400835073 0.2778507515625 0.2466066409185804 0.255035728125 0.22075351565762003 0.2519710765625 0.21592539665970772 0.2747861
4 0.23185501878914405 0.2808190046875 0.2604092212943633 0.28420384374999996 0.26578737787056367 0.2587896390625 0.23723317536534447 0.2554048 0.23185501878914405 0.2808190046875
4 0.11141562630480167 0.05649990781250001 0.14151329645093946 0.0600677125 0.14615806889352817 0.038119082812499996 0.1160603987473904 0.034551278125 0.11141562630480167 0.05649990781250001
4 0.13551317536534446 0.057580198437499994 0.16445324217118998 0.061010778125 0.16970916910229647 0.036174171875 0.14076910020876826 0.032743590625 0.13551317536534446 0.057580198437499994
4 0.14473682881002087 0.037358521875 0.17251929436325678 0.040651879687499996 0.17728629645093946 0.018125653125 0.14950383089770355 0.014832296875000001 0.14473682881002087 0.037358521875
5 0.09614028183716075 0.027749293749999997 0.12315101043841337 0.03095116875 0.12822359081419624 0.006980954687500001 0.10121286012526097 0.0037790796875 0.09614028183716075 0.027749293749999997
4 0.10484865762004175 0.019308234375 0.09572047599164926 0.018226171875 0.0919924363256785 0.0358428359375 0.1011206158663883 0.0369248984375 0.10484865762004175 0.019308234375