3 0.35074367432150316 0.5621200296875 0.15901832985386222 0.526342846875 0.11906517536534446 0.64627498125 0.3107905198329854 0.6820521640625 0.35074367432150316 0.5621200296875
3 0.5595335198329854 0.44428713281250004 0.4188090041753653 0.41802703281250003 0.3767365260960334 0.5443209890625 0.5174610417536535 0.5705810875 0.5595335198329854 0.44428713281250004
3 0.4139939269311065 0.4470358265625 0.28176955114822544 0.4223619078125 0.2428368121085595 0.5392309421875 0.37506118789144055 0.563904859375 0.4139939269311065 0.4470358265625
5 0.5878562087682673 0.38988283125 0.5198551022964509 0.37719338750000003 0.49669954070981215 0.4467021875 0.5647006471816284 0.45939163125000004 0.5878562087682673 0.38988283125
5 0.5612209206680584 0.345870328125 0.4387559624217119 0.3230175796875 0.4035124133611691 0.4288123296875 0.5259773716075157 0.451665078125 0.5612209206680584 0.345870328125
5 0.4706075741127349 0.3006807375 0.34940189770354907 0.278062978125 0.3103121711899791 0.3954032578125 0.4315178475991649 0.41802101562500005 0.4706075741127349 0.3006807375
4 0.3883565260960334 0.32675191875 0.23692813361169102 0.2984944078125 0.19556209603340294 0.4226677546875 0.3469904885177453 0.450925265625 0.3883565260960334 0.32675191875
4 0.5807996325678497 0.3272497734375 0.5197245636743215 0.31585277343749996 0.5006506617954071 0.373109175 0.5617257286012526 0.384506175 0.5807996325678497 0.3272497734375
4 0.5646436409185804 0.2522822125 0.46327162004175365 0.2333655421875 0.4303043799582464 0.3323272234375 0.5316764029227558 0.35124389375 0.5646436409185804 0.2522822125
4 0.5919856910229645 0.2479992734375 0.5274476012526096 0.23595605156250002 0.49754160542797493 0.325728434375 0.5620796951983299 0.33777165625 0.5919856910229645 0.2479992734375
4 0.5029954237995825 0.2144998640625 0.3918639832985386 0.1937620234375 0.35960318580375783 0.290603096875 0.47073462421711904 0.31134093906250004 0.5029954237995825 0.2144998640625
4 0.4230952651356994 0.182321321875 0.3585571774530271 0.17027810000000002 0.33689298956158664 0.23531006250000003 0.4014310793319415 0.247353284375 0.4230952651356994 0.182321321875
4 0.38570097912317325 0.2107565734375 0.24340236534446763 0.1842027375 0.20674593528183716 0.294238703125 0.34904454906054283 0.3207925390625 0.38570097912317325 0.2107565734375
4 0.33838510855949894 0.18515900937500002 0.2278833089770355 0.1645386625 0.19436661377870562 0.26514970625 0.3048684154488518 0.2857700515625 0.33838510855949894 0.18515900937500002
4 0.39549859290187894 0.118107784375 0.3388310020876827 0.10753324687500002 0.31661736116910233 0.174214571875 0.37328495198329853 0.1847891078125 0.39549859290187894 0.118107784375
4 0.4826241711899791 0.0402642953125 0.3774743089770355 0.0206426546875 0.34442857620041756 0.119839959375 0.44957843841336115 0.13946160000000002 0.4826241711899791 0.0402642953125
4 0.32301564091858037 0.0631622421875 0.19834694363256783 0.0398982625 0.16600765135699372 0.13697495937499998 0.29067634864300623 0.160238940625 0.32301564091858037 0.0631622421875
4 0.19341402087682671 0 0.17294744676409185 0.06143694843750001 0.28911600417536537 0.0831147484375 0.31680413569937366 0 0.19341402087682671 0
3 0.6238748663883089 0.03734094375 0.5722443966597077 0.027706365625 0.5588220208768268 0.06799790624999999 0.6104524906054279 0.077632484375 0.6238748663883089 0.03734094375
3 0.6843207202505219 0.04912106875 0.6370977306889353 0.040308954687499995 0.6223409665970772 0.08460608750000001 0.6695639561586639 0.0934182015625 0.6843207202505219 0.04912106875
3 0.7540163089770355 0.1114299875 0.7112007974947808 0.10344033749999999 0.6977784217118997 0.1437318796875 0.7405939331941545 0.1517215296875 0.7540163089770355 0.1114299875
3 0.766924248434238 0.0676637984375 0.7272569331941544 0.060261621875000004 0.7114012609603341 0.10785747812499999 0.7510685762004176 0.115259653125 0.766924248434238 0.0676637984375
4 0.9600172713987474 0.650912490625 0.9225536993736952 0.6439215468749999 0.9118000981210856 0.6762019046875001 0.9492636722338205 0.6831928484375 0.9600172713987474 0.650912490625
3 0.6182788517745303 0.538964846875 0.5770374384133612 0.531268934375 0.5648709561586639 0.5677905078125 0.606112369519833 0.5754864203125 0.6182788517745303 0.538964846875
5 0.6256546931106473 0.5138125625 0.5894504029227557 0.5070566078125001 0.5793247494780793 0.53745198125 0.6155290417536534 0.5442079359374999 0.6256546931106473 0.5138125625
5 0.5853944509394572 0.5031713609375 0.5520235365344467 0.49694413437499996 0.5415054154488518 0.5285176234375 0.574876331941545 0.5347448499999999 0.5853944509394572 0.5031713609375
4 0.9601703465553236 0.5992602125000001 0.9286883528183716 0.5933854703125 0.919190649269311 0.621895859375 0.950672643006263 0.6277706015625 0.9601703465553236 0.5992602125000001
4 0.6436580375782881 0.49339641093750003 0.6083982045929018 0.4868166984375 0.5983510459290188 0.51697645 0.633610878914405 0.5235561609375 0.6436580375782881 0.49339641093750003