4 0.6155448708333334 0.221875 0.47355769166666667 0.221875 0.47355769166666667 0.33485576875 0.6155448708333334 0.33485576875 0.6155448708333334 0.221875
4 0.9556089750000001 0.2795673078125 0.8158653854166666 0.2795673078125 0.8158653854166666 0.3699519234375 0.9556089750000001 0.3699519234375 0.9556089750000001 0.2795673078125
4 0.7227564104166666 0.3280048078125 0.588141025 0.3280048078125 0.588141025 0.439302884375 0.7227564104166666 0.439302884375 0.7227564104166666 0.3280048078125
4 0.41105769166666667 0.321875 0.25785256458333333 0.321875 0.25785256458333333 0.4353365390625 0.41105769166666667 0.4353365390625 0.41105769166666667 0.321875
4 0.8008012812499999 0.42548076874999996 0.6889423083333334 0.42548076874999996 0.6889423083333334 0.512740384375 0.8008012812499999 0.512740384375 0.8008012812499999 0.42548076874999996
4 0.49551282083333337 0.38858173125 0.375641025 0.38858173125 0.375641025 0.4847355765625 0.49551282083333337 0.4847355765625 0.49551282083333337 0.38858173125
4 0.4030448708333333 0.43545673125000006 0.2940705125 0.43545673125000006 0.2940705125 0.5183894234374999 0.4030448708333333 0.5183894234374999 0.4030448708333333 0.43545673125000006
4 0.9222756416666668 0.4777644234375 0.83798076875 0.4777644234375 0.83798076875 0.5376201921875 0.9222756416666668 0.5376201921875 0.9222756416666668 0.4777644234375
4 0.38076923125 0.5014423078125 0.2858974354166667 0.5014423078125 0.2858974354166667 0.5560096156250001 0.38076923125 0.5560096156250001 0.38076923125 0.5014423078125
4 0.8030448708333334 0.5084134609375 0.7408653854166667 0.5084134609375 0.7408653854166667 0.547596153125 0.8030448708333334 0.547596153125 0.8030448708333334 0.5084134609375
4 0.7482371791666667 0.504447115625 0.6918269229166667 0.504447115625 0.6918269229166667 0.544591346875 0.7482371791666667 0.544591346875 0.7482371791666667 0.504447115625
4 0.8024038458333334 0.5362980765625001 0.7325320520833334 0.5362980765625001 0.7325320520833334 0.574278846875 0.8024038458333334 0.574278846875 0.8024038458333334 0.5362980765625001
4 0.33301282083333333 0.5284855765625001 0.238141025 0.5284855765625001 0.238141025 0.6061298078124999 0.33301282083333333 0.6061298078124999 0.33301282083333333 0.5284855765625001
5 0.4201923083333333 0.5552884609375 0.31698717916666663 0.5552884609375 0.31698717916666663 0.6201923078125 0.4201923083333333 0.6201923078125 0.4201923083333333 0.5552884609375
4 0.46618589791666665 0.5768028843749999 0.3655448708333333 0.5768028843749999 0.3655448708333333 0.65516826875 0.46618589791666665 0.65516826875 0.46618589791666665 0.5768028843749999
5 0.40272435833333337 0.6139423078124999 0.26105769166666665 0.6139423078124999 0.26105769166666665 0.715625 0.40272435833333337 0.715625 0.40272435833333337 0.6139423078124999
4 0.2897435895833333 0.6270432687499999 0.23269230833333332 0.6270432687499999 0.23269230833333332 0.6974759609375 0.2897435895833333 0.6974759609375 0.2897435895833333 0.6270432687499999
4 0.3645833333333333 0.7947115390625 0.26426282083333336 0.7947115390625 0.26426282083333336 0.8701923078125 0.3645833333333333 0.8701923078125 0.3645833333333333 0.7947115390625
4 0.40881410208333335 0.7902644234375 0.33894230833333333 0.7902644234375 0.33894230833333333 0.8592548078125001 0.40881410208333335 0.8592548078125001 0.40881410208333335 0.7902644234375
3 0.3528846145833333 0.7433894234375 0.30737179583333335 0.7433894234375 0.30737179583333335 0.7969951921875 0.3528846145833333 0.7969951921875 0.3528846145833333 0.7433894234375
4 0.5474358979166667 0.7790865390625 0.4717948708333333 0.7790865390625 0.4717948708333333 0.839903846875 0.5474358979166667 0.839903846875 0.5474358979166667 0.7790865390625
4 0.5091346145833333 0.831971153125 0.418108975 0.831971153125 0.418108975 0.909375 0.5091346145833333 0.909375 0.5091346145833333 0.831971153125
4 0.44983974375 0.8324519234375 0.38317307708333337 0.8324519234375 0.38317307708333337 0.9021634609375001 0.44983974375 0.9021634609375001 0.44983974375 0.8324519234375