1 0.5958506221294363 1 0.6034651670146138 0.9771425171875 0.4176112526096033 0.9424609828125 0.39958619206680585 0.9965689531249999 0.41797273486430064 1 0.5958506221294363 1
1 0.5689314300626305 1 0.602100860125261 0.9004313796875 0.43086831941544884 0.8684782859375 0.39732955323590813 0.9691555875000001 0.5626208204592902 1 0.5689314300626305 1
1 0.6677391753653444 0.82201690625 0.48123542171189976 0.7872141078125 0.42865894989561587 0.945039153125 0.6151627035490606 0.9798419515625 0.6677391753653444 0.82201690625
1 0.6753694363256785 0.769068790625 0.5509252943632568 0.7458467140625 0.514875171189979 0.854062653125 0.6393193131524009 0.8772847296874999 0.6753694363256785 0.769068790625
1 0.287632254697286 0.568598159375 0.18235836116910228 0.548953375 0.15619164300626306 0.6275011234375001 0.26146553653444676 0.647145909375 0.287632254697286 0.568598159375
1 0.19012935281837162 0.518374396875 0.09525287891440501 0.5006698375 0.07135448225469729 0.5724084921875 0.16623095615866387 0.5901130515624999 0.19012935281837162 0.518374396875
1 0.2896300313152401 0.5299677859374999 0.1911794446764092 0.5115962734374999 0.17262780793319416 0.5672849249999999 0.27107839665970773 0.5856564375 0.2896300313152401 0.5299677859374999
1 0.365203611691023 0.4351972078125 0.2813743987473904 0.41955413750000004 0.2606354509394572 0.48180870000000003 0.3444646659707724 0.4974517703125 0.365203611691023 0.4351972078125
2 0.3445362922755741 0.39001268906250003 0.20417109812108558 0.363819640625 0.17281964300626304 0.45793103124999995 0.3131848371607516 0.48412407812499997 0.3445362922755741 0.39001268906250003
2 0.7206191795407098 0.44676061562499997 0.5016234843423799 0.40589461250000003 0.4514773590814196 0.5564241984375 0.6704730521920668 0.597290203125 0.7206191795407098 0.44676061562499997
1 0.912583018789144 0.503504534375 0.7082086972860125 0.465366971875 0.654903121085595 0.6253806515625 0.8592774446764091 0.6635182140625 0.912583018789144 0.503504534375
2 0.12270148643006262 0.2571789875 0.06892732150313152 0.24714438125 0.05150984551148226 0.2994284859375 0.10528401252609602 0.3094630921875 0.12270148643006262 0.2571789875
1 0.10809441753653444 0.223328165625 0.07868920876826722 0.2178409640625 0.0663754592901879 0.2548046109375 0.09578066805845512 0.2602918109375 0.10809441753653444 0.223328165625
0 0.17343019206680582 0.21937654218749997 0.09025081628392485 0.2038547375 0.07291435281837161 0.2558956609375 0.15609372860125262 0.2714174671875 0.17343019206680582 0.21937654218749997
1 0.18518821503131525 0.19754884374999998 0.12150400626304801 0.1856649609375 0.10651687473903966 0.2306536109375 0.17020108559498956 0.24253749375 0.18518821503131525 0.19754884374999998
2 0.38717739248434235 0.2003709375 0.31959415240083505 0.1877594703125 0.30282477035490607 0.23809812031250002 0.3704080104384133 0.2507095875 0.38717739248434235 0.2003709375
0 0.6322455887265136 0.09925916875 0.5120254008350731 0.0768253078125 0.4801878747390397 0.1723957890625 0.6004080647181629 0.19482965000000002 0.6322455887265136 0.09925916875
2 0.6998792755741127 0.07545986875 0.5916811043841337 0.055269395312500004 0.5617068455114822 0.145246690625 0.6699050167014614 0.165437165625 0.6998792755741127 0.07545986875