5 0.5713799791666666 0.28571375312499997 0.44458306666666664 0.2655001171875 0.416256475 0.3654497234375 0.5430533854166666 0.38566335937499996 0.5713799791666666 0.28571375312499997
4 0.3900314833333333 0.2820325359375 0.29428687708333334 0.266769178125 0.2768233958333333 0.3283885953125 0.37256800208333335 0.343651953125 0.3900314833333333 0.2820325359375
4 0.3206374083333333 0.45948931406250004 0.2666193375 0.45087789218749996 0.25575622708333334 0.48920808125 0.30977429791666666 0.497819503125 0.3206374083333333 0.45948931406250004
4 0.46634421458333336 0.4612919765625 0.36930576041666663 0.44582235625 0.34854209375 0.5190863875 0.44558054583333334 0.5345560078125 0.46634421458333336 0.4612919765625
5 0.7097382416666667 0.5371125015625 0.6220801729166666 0.523138278125 0.6123171229166666 0.5575869296875 0.6999751916666667 0.571561153125 0.7097382416666667 0.5371125015625
3 0.6898487979166668 0.5983451796875 0.5898991916666667 0.5824114703125 0.57305449375 0.6418475234375001 0.6730041 0.65778123125 0.6898487979166668 0.5983451796875
4 0.6488499416666667 0.6493666171875 0.5644264875 0.635908046875 0.5477880520833334 0.6946163109375 0.63221150625 0.7080748796874999 0.6488499416666667 0.6493666171875
3 0.649459725 0.8840037687500001 0.6099974229166667 0.877712790625 0.6002343729166667 0.912161440625 0.6396966770833333 0.9184524203125 0.649459725 0.8840037687500001
4 0.6274308270833333 0.8967196078124999 0.590879675 0.89089271875 0.5818729208333333 0.922672809375 0.6184240708333333 0.9284997 0.6274308270833333 0.8967196078124999
4 0.25589269166666667 0.7553375875 0.22645769583333333 0.7506451359375 0.21868850833333334 0.7780584984375001 0.24812350416666668 0.78275095 0.25589269166666667 0.7553375875
4 0.34241654166666663 0.6581999421875 0.3036011604166667 0.65201209375 0.2962444979166667 0.67796988125 0.33505987708333335 0.684157728125 0.34241654166666663 0.6581999421875