4 0.5794012958333333 0.23305565 0.4478002916666667 0.2595024375 0.4914503291666667 0.38168055624999997 0.6230513333333333 0.35523376875 0.5794012958333333 0.23305565
4 0.81848178125 0.188347528125 0.6820894770833333 0.2157571828125 0.7251403979166666 0.336258346875 0.8615326999999999 0.308848690625 0.81848178125 0.188347528125
4 0.7680783979166667 0.29258103125 0.6508512875 0.3161392140625 0.6894516145833334 0.4241830015625 0.8066787249999999 0.40062481875 0.7680783979166667 0.29258103125
4 0.5675287770833334 0.3617699171875 0.4630784645833333 0.38276045000000003 0.49765614166666666 0.479544684375 0.6021064541666666 0.45855415156249996 0.5675287770833334 0.3617699171875
4 0.09719698958333334 0.304925759375 0.057588920833333335 0.3128854734375 0.06914334166666666 0.345226740625 0.1087514125 0.337267028125 0.09719698958333334 0.304925759375
4 0.12718970833333335 0.3117366125 0.09173409791666667 0.3188618390625 0.10345969583333334 0.3516822359375 0.13891530625 0.344557009375 0.12718970833333335 0.3117366125
4 0.06771187708333333 0.32253395 0.03385336458333333 0.32933822031250004 0.045493374999999996 0.36191905156250004 0.07935188750000001 0.3551147796875 0.06771187708333333 0.32253395
4 0.1567835625 0.32222233125 0.12995229166666666 0.32761439375 0.13833994583333334 0.351091759375 0.16517121666666668 0.3456996953125 0.1567835625 0.32222233125
4 0.31507994791666666 0.39876558906250004 0.22276759166666665 0.4173168546875 0.25606144375 0.510507615625 0.3483738 0.49195634843749997 0.31507994791666666 0.39876558906250004
4 0.4554019645833333 0.41781095781250005 0.3723527875 0.43450067812500004 0.40230869375 0.5183484046875 0.48535787291666665 0.5016586843749999 0.4554019645833333 0.41781095781250005
4 0.316826775 0.48558623437500004 0.23952715624999998 0.5011205125 0.2677712979166667 0.58017694375 0.34507091666666667 0.564642665625 0.316826775 0.48558623437500004
4 0.6669289958333333 0.37311958125 0.63498700625 0.3795387046875 0.6480820187499999 0.41619214062500004 0.6800240083333333 0.40977301875 0.6669289958333333 0.37311958125
4 0.6545727916666666 0.4123200921875 0.6226307999999999 0.41873921562499994 0.6326446333333333 0.44676831406249995 0.664586625 0.440349190625 0.6545727916666666 0.4123200921875
4 0.588783375 0.472529240625 0.5552442833333333 0.47926931875 0.5646589979166666 0.5056214640625 0.5981980895833333 0.498881384375 0.588783375 0.472529240625
4 0.6469368375 0.452754515625 0.6127589062500001 0.4596229765625 0.6237142083333332 0.4902872875 0.6578921395833334 0.4834188265625 0.6469368375 0.452754515625
4 0.6322392416666667 0.49306746874999996 0.6006166708333333 0.4994224 0.6114007979166666 0.52960758125 0.64302336875 0.52325265 0.6322392416666667 0.49306746874999996
4 0.5617995791666667 0.5158247796875 0.5442314833333334 0.5193552984375 0.551249725 0.5389996234375001 0.5688178208333333 0.5354691046875 0.5617995791666667 0.5158247796875
4 0.5865327354166666 0.543848653125 0.5689646395833333 0.5473791703125 0.5752125854166666 0.564867409375 0.5927806812499999 0.5613368921874999 0.5865327354166666 0.543848653125
4 0.7736626020833334 0.4414095359375 0.69955718125 0.45630190156249995 0.72069749375 0.515474440625 0.7948029145833334 0.500582075 0.7736626020833334 0.4414095359375
4 0.6684199437499999 0.5665490953125001 0.64957416875 0.570336378125 0.6538535833333333 0.582314625 0.6726993583333333 0.5785273421875 0.6684199437499999 0.5665490953125001
4 0.7789060395833334 0.5035199765625 0.7092724979166667 0.517513665625 0.7322957520833333 0.581956634375 0.8019292958333334 0.5679629453125 0.7789060395833334 0.5035199765625
4 0.8414171541666666 0.5313981 0.7845604104166667 0.5428241390624999 0.8042457208333332 0.597924075 0.8611024666666667 0.5864980359375 0.8414171541666666 0.5313981
4 0.7582820062500001 0.5943227828125 0.725701175 0.6008702890625 0.7363997145833333 0.63081590625 0.7689805458333333 0.6242684 0.7582820062500001 0.5943227828125
4 0.8004454354166667 0.585849540625 0.7560460666666666 0.594772121875 0.7676004895833334 0.6271133890625 0.81199985625 0.6181908078125 0.8004454354166667 0.585849540625
4 0.5503380541666666 0.7218710796875001 0.5056192645833334 0.7308578515625 0.521281925 0.774698234375 0.5660007145833333 0.7657114625 0.5503380541666666 0.7218710796875001
4 0.5677491291666666 0.7667723046875 0.5243080208333333 0.7755023125 0.5392003875 0.8171866124999999 0.5826414958333334 0.8084566046875 0.5677491291666666 0.7667723046875
4 0.5825299020833333 0.80526946875 0.5457966104166666 0.8126514609375001 0.5564095604166667 0.8423575140624999 0.5931428520833334 0.8349755218749999 0.5825299020833333 0.80526946875
4 0.5037549791666667 0.76397003125 0.45935561041666667 0.7728926125 0.472792975 0.8105043078125 0.51719234375 0.8015817265624999 0.5037549791666667 0.76397003125
4 0.47748266041666665 0.71918060625 0.43308329166666665 0.7281031875 0.4474621270833333 0.7683500953125 0.49186149583333333 0.7594275140625 0.47748266041666665 0.71918060625
4 0.45116041875 0.7365383234375 0.40739988958333334 0.7453325234375 0.42460313958333334 0.793485075 0.46836366875 0.7846908765625 0.45116041875 0.7365383234375
4 0.4041223520833333 0.7404707375 0.36068124375 0.7492007453125 0.3759159625 0.7918433031250001 0.41935707291666663 0.7831132953125 0.4041223520833333 0.7404707375
4 0.3875115333333333 0.8099258484374999 0.3463063625 0.8182065171874999 0.35794637291666664 0.850787346875 0.39915154375 0.8425066781250001 0.3875115333333333 0.8099258484374999
3 0.274097975 1 0.33450983333333334 0.98785951875 0.3099459875 0.91910438125 0.23328520833333333 0.9345102765625001 0.25668243125 1 0.274097975 1
4 0 0.329850715625 0.01945878541666667 0.3259402421875 0.008161129166666666 0.2943176703125 0 0.2959577453125 0 0.329850715625
4 0.7209796770833333 0.9125046906250001 0.6883988458333333 0.9190521953124999 0.6973000291666666 0.9439669500000001 0.7298808604166667 0.93741944375 0.7209796770833333 0.9125046906250001
3 0.6831652270833334 0.8430744765625 0.6518620770833333 0.8493652171875 0.6612767895833334 0.8757173593750001 0.6925799416666667 0.86942661875 0.6831652270833334 0.8430744765625
3 0.7787101375 0.9346676546875001 0.7534759645833333 0.9397387625 0.7618636187500001 0.9632161265624999 0.7870977916666667 0.9581450203124999 0.7787101375 0.9346676546875001
4 0.558749525 0.8536984562500001 0.52297449375 0.8608878734375001 0.535555975 0.8961039187500001 0.57133100625 0.8889145015625 0.558749525 0.8536984562500001
4 0.5323050458333333 0.8745470671875 0.5000436333333333 0.8810303812500001 0.5114268791666666 0.91289251875 0.5436882895833333 0.9064092031250001 0.5323050458333333 0.8745470671875
4 0.3862396166666667 0.8605073796875 0.35493646458333333 0.8667981203125 0.3618691166666667 0.88620288125 0.39317226875 0.879912140625 0.3862396166666667 0.8605073796875