1 0.8565761878914405 0.08744264375000001 0.6680262463465554 0.1148731734375 0.6981761503131524 0.23096167343750001 0.8867260918580376 0.20353114218749999 0.8565761878914405 0.08744264375000001
1 0.7038746993736952 0.164452871875 0.61119221085595 0.17793646093749999 0.6275982150313153 0.24110576875 0.7202807035490605 0.22762217968749998 0.7038746993736952 0.164452871875
1 0.6641564759916492 0.05161174843750001 0.46796262004175365 0.0801543265625 0.5088847661795407 0.2377200296875 0.705078624217119 0.2091774515625 0.6641564759916492 0.05161174843750001
2 0 0.5360331656249999 0.007421989561586639 0.5646106234375 0.15472663048016702 0.5431805203125 0.12234798747390396 0.4185105328125 0 0.436309903125 0 0.5360331656249999
1 0.31326287056367436 0.464455609375 0.15114814196242168 0.48804030625 0.17758347807933195 0.5898263203125 0.33969820668058454 0.566241625 0.31326287056367436 0.464455609375
0 0.43826987682672236 0.534708259375 0.3127822463465553 0.5529643906249999 0.3424987828810021 0.667384265625 0.4679864133611691 0.6491281343749999 0.43826987682672236 0.534708259375
2 0.5198005114822547 0.5234655125 0.4318954718162839 0.536254071875 0.4446488183716075 0.58535926875 0.5325538580375783 0.5725707109375 0.5198005114822547 0.5234655125
2 0.5913392066805846 0.5564733953125 0.4206250709812109 0.581309146875 0.45374662839248436 0.7088396312499999 0.6244607640918581 0.68400388125 0.5913392066805846 0.5564733953125
1 0.628970713987474 0.6014645171875 0.48214381628392483 0.622825115625 0.5111793486430063 0.73462286875 0.658006248434238 0.7132622703125 0.628970713987474 0.6014645171875
2 0.28911457620041753 0.790183040625 0.18687719415448853 0.805056690625 0.2058833966597077 0.8782377359375 0.30812077870563676 0.8633640874999999 0.28911457620041753 0.790183040625
2 0.28120819206680586 0.86282650625 0.2286562630480167 0.870471840625 0.23967614613778707 0.9129025437499999 0.29222807306889353 0.905257209375 0.28120819206680586 0.86282650625
1 0.33883963256784966 0.8391045484375 0.2534825657620042 0.8515224234375 0.26902183716075156 0.9113544843750001 0.3543789060542798 0.8989366078125001 0.33883963256784966 0.8391045484375