4 0 0.9984567906249999 0.08196159166666667 0.9984567906249999 0.08196159166666667 0.9218107 0 0.9218107 0 0.9984567906249999
4 0.09636488333333333 1 0.09636488333333333 0.955504115625 0 0.955504115625 0 1 0.09636488333333333 1
5 0.60648148125 0.9338991765625 0.8074417 0.9338991765625 0.8074417 0.761316871875 0.60648148125 0.761316871875 0.60648148125 0.9338991765625
5 0.40449245624999997 0.8015689296874999 0.6905006854166668 0.8015689296874999 0.6905006854166668 0.58294753125 0.40449245624999997 0.58294753125 0.40449245624999997 0.8015689296874999
3 0.5613854604166666 0.5978652265625 0.75994513125 0.5978652265625 0.75994513125 0.4504886828125 0.5613854604166666 0.4504886828125 0.5613854604166666 0.5978652265625
4 0.5823045270833334 0.7285236625 0.7417695479166666 0.7285236625 0.7417695479166666 0.574202675 0.5823045270833334 0.574202675 0.5823045270833334 0.7285236625
4 0.38254458125 0.5453960906249999 0.5773319625000001 0.5453960906249999 0.5773319625000001 0.3987911515625 0.38254458125 0.3987911515625 0.38254458125 0.5453960906249999
4 0.3405349791666667 0.43171296249999996 0.4993141291666667 0.43171296249999996 0.4993141291666667 0.3175154328125 0.3405349791666667 0.3175154328125 0.3405349791666667 0.43171296249999996
4 0.4677640604166667 0.29012345625 0.5823045270833334 0.29012345625 0.5823045270833334 0.1975308640625 0.4677640604166667 0.1975308640625 0.4677640604166667 0.29012345625
4 0.5114883395833333 0.3459362140625 0.5968792875 0.3459362140625 0.5968792875 0.275977365625 0.5114883395833333 0.275977365625 0.5114883395833333 0.3459362140625
4 0.4549039770833333 0.2267232515625 0.5546982166666666 0.2267232515625 0.5546982166666666 0.1673096703125 0.4549039770833333 0.1673096703125 0.4549039770833333 0.2267232515625
3 0.7824074083333333 0.3074845671875 0.8599108375 0.3074845671875 0.8599108375 0.25681584375 0.7824074083333333 0.25681584375 0.7824074083333333 0.3074845671875
3 0.7734910833333333 0 0.7734910833333333 0.0558127578125 0.8842592583333333 0.0558127578125 0.8842592583333333 0 0.7734910833333333 0
3 0.8106995875 0 0.8106995875 0.0090020578125 0.9087791500000001 0.0090020578125 0.9087791500000001 0 0.8106995875 0