1 0.6012489458333333 0.7356727453125 0.45900846041666665 0.7622711484375 0.50010916875 0.8859056031250001 0.6423496541666667 0.8593072015625 0.6012489458333333 0.7356727453125
1 0.61926494375 0.658747934375 0.4878055229166666 0.683330321875 0.5232700583333333 0.790010684375 0.6547294791666667 0.7654282984375 0.61926494375 0.658747934375
1 0.49585719166666664 0.6192121421875 0.36300666666666664 0.644054659375 0.40081238124999996 0.7577774921875 0.5336629083333333 0.732934975 0.49585719166666664 0.6192121421875
1 0.5343075020833333 0.5870878875 0.44423345416666665 0.6039313734375 0.47596944375 0.699395953125 0.5660434916666667 0.6825524671875 0.5343075020833333 0.5870878875
1 0.4766807625 0.5259702453124999 0.34139580208333337 0.5512679921875 0.3746925791666667 0.65142755 0.5099775395833334 0.626129803125 0.4766807625 0.5259702453124999
1 0.6744319833333333 0.33800111875 0.4452474375 0.3808577125 0.49692681041666664 0.53631369375 0.72611135625 0.4934571 0.6744319833333333 0.33800111875
1 0.44205796458333335 0.29737046562499997 0.25043325208333334 0.3332035203125 0.30332657083333336 0.4923111546875 0.4949512833333333 0.4564780984375 0.44205796458333335 0.29737046562499997
1 0.5053513729166667 0.287751225 0.41075623333333333 0.3054401375 0.44318590625 0.40299137500000004 0.5377810458333333 0.3853024625 0.5053513729166667 0.287751225
1 0.5713588604166666 0.30685288593750004 0.4788503791666667 0.324151603125 0.4979266583333333 0.3815346828125 0.5904351395833333 0.3642359671875 0.5713588604166666 0.30685288593750004
1 0.42318396041666667 0.0516963453125 0.2993756166666667 0.0748480109375 0.3376148854166667 0.18987500468750002 0.46142322916666667 0.1667233390625 0.42318396041666667 0.0516963453125
2 0.5357581708333333 0.0008629 0.4105587229166667 0.024274696874999998 0.44619667916666667 0.13147672500000002 0.5713961270833334 0.1080649296875 0.5357581708333333 0.0008629
1 0.418143625 0 0.3192432666666667 0.018493971875 0.3414411166666667 0.0852670109375 0.46698834166666664 0.061790182812500004 0.44644697916666665 0 0.418143625 0