1 0.9333564166666667 0.75978298125 0.9881422 0.7612178515625 0.9905065270833333 0.7104387890625 0.9357207416666667 0.7090039171875 0.9333564166666667 0.75978298125
1 0.9733774291666666 0.7336914015625 0.9894043166666666 0.7341111546875 0.9920199229166666 0.6779352828125 0.9759930354166666 0.677515528125 0.9733774291666666 0.7336914015625
1 0.5255887729166667 0.451548459375 0.39148625625 0.44803623750000005 0.3869175125 0.5461600296875 0.5210200291666667 0.5496722515625 0.5255887729166667 0.451548459375
2 0.9660052229166667 0.4172772125 0.9133454541666667 0.415898021875 0.9114836916666668 0.4558834671875 0.9641434583333334 0.45726265625 0.9660052229166667 0.4172772125
1 1 0.40908003437499996 0.9598862458333334 0.40802943281250004 0.9580815916666666 0.4467883296875 1 0.44788619843750005 1 0.40908003437499996
2 0.6504889708333333 0.2693851546875 0.5713357791666667 0.2673120875 0.5687201729166667 0.3234879578125 0.6478733645833333 0.325561025 0.6504889708333333 0.2693851546875
1 0.6965791291666666 0.22196177499999997 0.6164446958333334 0.21986300781249998 0.6135663875 0.281680996875 0.6937008187499999 0.2837797625 0.6965791291666666 0.22196177499999997
1 0.6166611916666667 0.225763284375 0.5522265666666667 0.22407570468750002 0.5497708666666666 0.27681724218750003 0.6142054916666667 0.27850482187500003 0.6166611916666667 0.225763284375
0 0.19742705 0.10401381093749999 0.12121756874999999 0.102017840625 0.11822504166666666 0.16628892343749999 0.19443452083333332 0.16828489375 0.19742705 0.10401381093749999
1 0.39824584583333333 0.7318912390625 0.30208452916666667 0.72937271875 0.29940039166666665 0.787020446875 0.3955617083333333 0.7895389671874999 0.39824584583333333 0.7318912390625
1 0.35571099166666664 0.7557065015625 0.2772119604166667 0.753650565625 0.27449355625000005 0.8120342234375 0.35299258958333335 0.8140901578124999 0.35571099166666664 0.7557065015625
2 0.7052917979166666 0.773335721875 0.6330072708333333 0.7714425484375 0.6307457437499999 0.8200138265625 0.7030302708333332 0.821907 0.7052917979166666 0.773335721875