3 0.5625 0.2865384609375 0.39647435833333333 0.2865384609375 0.39647435833333333 0.4293269234375 0.5625 0.4293269234375 0.5625 0.2865384609375
3 0.70625 0.32139423125 0.5572115375000001 0.32139423125 0.5572115375000001 0.4545673078125 0.70625 0.4545673078125 0.70625 0.32139423125
3 0 0.5532451921875 0.0634615375 0.5532451921875 0.0634615375 0.498677884375 0 0.498677884375 0 0.5532451921875
3 0.6060897437499999 0.41838942343749996 0.4233974354166667 0.41838942343749996 0.4233974354166667 0.55204326875 0.6060897437499999 0.55204326875 0.6060897437499999 0.41838942343749996
5 0.66330128125 0.4498798078125 0.5415064104166666 0.4498798078125 0.5415064104166666 0.564783653125 0.66330128125 0.564783653125 0.66330128125 0.4498798078125
5 0.5426282041666667 0.534134615625 0.3586538458333333 0.534134615625 0.3586538458333333 0.68389423125 0.5426282041666667 0.68389423125 0.5426282041666667 0.534134615625
5 0.6219551291666666 0.5641826921875001 0.49022435833333333 0.5641826921875001 0.49022435833333333 0.6891826921875001 0.6219551291666666 0.6891826921875001 0.6219551291666666 0.5641826921875001
3 0.38028846250000004 0.6349759609375 0.2796474354166667 0.6349759609375 0.2796474354166667 0.7193509609375 0.38028846250000004 0.7193509609375 0.38028846250000004 0.6349759609375
4 0.7709935895833334 0.566466346875 0.6219551291666666 0.566466346875 0.6219551291666666 0.6840144234375 0.7709935895833334 0.6840144234375 0.7709935895833334 0.566466346875
4 0.7469551291666666 0.6558894234375 0.6213141020833334 0.6558894234375 0.6213141020833334 0.7381009609375 0.7469551291666666 0.7381009609375 0.7469551291666666 0.6558894234375
4 0.6399038458333333 0.6764423078124999 0.5264423083333333 0.6764423078124999 0.5264423083333333 0.777403846875 0.6399038458333333 0.777403846875 0.6399038458333333 0.6764423078124999
4 0.5556089750000001 0.675240384375 0.40817307708333334 0.675240384375 0.40817307708333334 0.793990384375 0.5556089750000001 0.793990384375 0.5556089750000001 0.675240384375
4 0.5817307687500001 0.7669471156250001 0.4733974354166667 0.7669471156250001 0.4733974354166667 0.845072115625 0.5817307687500001 0.845072115625 0.5817307687500001 0.7669471156250001
4 0.50608974375 0.8185096156249999 0.4028846145833333 0.8185096156249999 0.4028846145833333 0.912740384375 0.50608974375 0.912740384375 0.50608974375 0.8185096156249999
3 0.45769230833333335 0.8900240390624999 0.39647435833333333 0.8900240390624999 0.39647435833333333 0.93329326875 0.45769230833333335 0.93329326875 0.45769230833333335 0.8900240390624999