3 0 0.1122637921875 0.021071858333333335 0.21204565625 0.183695275 0.1927278921875 0.15410098541666667 0.05258965156249999 0 0.07089505 0 0.1122637921875
3 0.5599338229166667 0.11282340312500001 0.50450910625 0.1194072125 0.5160734833333334 0.1741681578125 0.5714981979166667 0.1675843484375 0.5599338229166667 0.11282340312500001
3 0.5528544520833333 0.146962409375 0.5077181562499999 0.152324075 0.5193876625 0.207582846875 0.5645239583333334 0.20222118125000002 0.5528544520833333 0.146962409375
5 0.2700708 0.1796607546875 0.10611984583333332 0.19913621406249998 0.13008964375 0.31264072187499997 0.29404059791666665 0.29316526249999997 0.2700708 0.1796607546875
5 0.15278309791666667 0.2187261828125 0.02500755625 0.23390442656250002 0.049713268750000005 0.3508937203125 0.17748881041666667 0.335715478125 0.15278309791666667 0.2187261828125
5 0.2738384166666667 0.2941616796875 0.11154688541666666 0.31344001875 0.1374616 0.436154321875 0.29975313333333337 0.41687598125 0.2738384166666667 0.2941616796875
4 0.13387024375 0.310405528125 0.029658504166666665 0.322784665625 0.049633333333333335 0.41737175625 0.15384507291666666 0.40499261718749996 0.13387024375 0.310405528125
4 0.3092124375 0.32070614218750004 0.20533258125 0.33304585625 0.22835620208333335 0.44206992187500005 0.33223605833333336 0.4297302078125 0.3092124375 0.32070614218750004
4 0.13006999375 0.3914867359375 0.0165654875 0.404969746875 0.036908275000000004 0.5012992296875 0.15041278125 0.48781621875000003 0.13006999375 0.3914867359375
4 0.27618778541666666 0.4172512734375 0.18226446666666665 0.42840826718749997 0.20223929791666664 0.5229953546874999 0.29616261666666666 0.5118383609375 0.27618778541666666 0.4172512734375
4 0.22400763125 0.512499646875 0.10652051041666667 0.526455746875 0.1282825625 0.6295058921875001 0.24576968333333332 0.6155497921875 0.22400763125 0.512499646875
5 0.37043365625 0.47367271093749996 0.22440446666666666 0.49101927500000003 0.2517384458333333 0.6204542390625 0.39776763541666665 0.6031076750000001 0.37043365625 0.47367271093749996
4 0.43169568750000004 0.5124514328124999 0.3394317895833333 0.52341130625 0.36214001875 0.63094189375 0.45440391666666663 0.61998201875 0.43169568750000004 0.5124514328124999
5 0.4922365041666667 0.22803122187499997 0.32994497291666663 0.2473095625 0.36243035416666664 0.4011380375 0.5247218874999999 0.381859696875 0.4922365041666667 0.22803122187499997
5 0.46217042708333334 0.37563915312499996 0.32045573541666666 0.3924732046875 0.3491038479166667 0.528131003125 0.4908185395833333 0.5112969515625 0.46217042708333334 0.37563915312499996
5 0.6325029458333333 0.3509403796875 0.47220272291666665 0.36998217499999997 0.5022701 0.5123606374999999 0.6625703229166666 0.49331884062500003 0.6325029458333333 0.3509403796875
4 0.5354925895833333 0.47958139062500005 0.4173417 0.4936163390625 0.4414166270833333 0.6076186703124999 0.55956751875 0.5935837234375 0.5354925895833333 0.47958139062500005
4 0.6201766916666667 0.52616688125 0.5103229145833333 0.539216228125 0.53303114375 0.6467468140625 0.6428849208333334 0.6336974671875 0.6201766916666667 0.52616688125
4 0.75216423125 0.44555070781249995 0.6121089645833333 0.46218763906250004 0.638181375 0.58564868125 0.77823664375 0.56901175 0.75216423125 0.44555070781249995
4 0.7946211354166667 0.5531593765625 0.6612035562499999 0.569007828125 0.68317586875 0.6730536265625 0.8165934479166667 0.657205175 0.7946211354166667 0.5531593765625
4 0.7498578854166666 0.6368100937500001 0.6605809479166667 0.6474151531250001 0.6734594583333333 0.708398934375 0.7627363958333333 0.6977938765625 0.7498578854166666 0.6368100937500001
4 0.7736592125 0.6915207999999999 0.7072823083333333 0.6994056015625 0.7207390375 0.76312743125 0.7871159416666667 0.7552426296875 0.7736592125 0.6915207999999999
4 0.25368238125000003 0.573274334375 0.20190839583333334 0.57942448125 0.22466918958333335 0.687203978125 0.276443175 0.6810538328125 0.25368238125000003 0.573274334375
5 0 0.206256128125 0.01687435 0.2042516515625 0.007833110416666667 0.1614385484375 0 0.1623690296875 0 0.206256128125
5 0.0473799 0.198076371875 0.00622621875 0.20296495 0.013112279166666666 0.23557260468750002 0.05426596041666667 0.230684028125 0.0473799 0.198076371875
4 0 0.2612814203125 0.0028830916666666663 0.274933765625 0.03607154375 0.2709913640625 0.027818785416666665 0.2319119609375 0 0.235216509375 0 0.2612814203125