3 0.2715100229645094 0.294731059375 0.4519202087682672 0.27334508125 0.42445725887265134 0.143570334375 0.24404707306889353 0.16495631093750002 0.2715100229645094 0.294731059375
3 0.4302237369519833 0.444319428125 0.554840400835073 0.42954726093750006 0.5252608475991649 0.2897706078125 0.4006441837160752 0.3045427734375 0.4302237369519833 0.444319428125
3 0.5405677661795407 0.453539015625 0.7320030167014613 0.4308461171875 0.6958619895615867 0.2600635515625 0.5044267369519833 0.28275645 0.5405677661795407 0.453539015625
3 0.5922348977035491 0.48406815 0.7459176450939458 0.465850465625 0.7301489394572025 0.39133625781250003 0.5764661899791231 0.4095539421875 0.5922348977035491 0.48406815
3 0.4242192839248434 0.5834441531250001 0.5528450647181629 0.56819674375 0.526387503131524 0.44317290312499996 0.39776172233820456 0.45842031250000004 0.4242192839248434 0.5834441531250001
4 0.4909450751565762 0.49902281562499995 0.6021980208768267 0.48583479687500003 0.5882813444676409 0.42007225625 0.4770283966597077 0.43326027656250005 0.4909450751565762 0.49902281562499995
5 0.5519304237995825 0.60918825 0.7259928434237995 0.5885547421874999 0.695672478079332 0.445277421875 0.5216100584551148 0.46591092968750003 0.5519304237995825 0.60918825
5 0.6973708496868476 0.571441996875 0.7979328225469728 0.55952129375 0.7760788768267224 0.45625160156250005 0.675516903966597 0.46817230312499997 0.6973708496868476 0.571441996875
4 0.6697022818371607 0.6567443421875 0.7809552275574113 0.6435563234375 0.7628053402922755 0.5577899687500001 0.6515523945720251 0.5709779890625 0.6697022818371607 0.6567443421875
4 0.6976612129436325 0.7508317765625 0.7815185386221294 0.7408912578125 0.7572834112734864 0.62636941875 0.6734260855949896 0.6363099390625 0.6976612129436325 0.7508317765625
4 0.6107083507306889 0.7461445062500001 0.7440114321503132 0.7303426453124999 0.7154372672233821 0.595316896875 0.5821341837160751 0.6111187578124999 0.6107083507306889 0.7461445062500001
4 0.4935943277661795 0.6685209609375 0.6075200187891441 0.6550161125 0.5856660730688935 0.55174641875 0.471740382045929 0.56525126875 0.4935943277661795 0.6685209609375
4 0.2773180396659708 0.55036285625 0.42231437369519836 0.5331748671875001 0.3958568121085595 0.4081510265625 0.2508604801670146 0.425339015625 0.2773180396659708 0.55036285625
4 0.24367313778705635 0.653547103125 0.40604230480167014 0.6342997234375 0.3836592087682672 0.528529553125 0.22129004175365344 0.5477769328125001 0.24367313778705635 0.653547103125
4 0.45811509394572025 0.694257603125 0.5169154509394572 0.6872873578124999 0.5040041607515657 0.626275725 0.4452038037578288 0.63324596875 0.45811509394572025 0.694257603125
4 0.3632467599164927 0.6448836296875 0.4597996158663883 0.6334381703124999 0.44080308768267223 0.543671053125 0.34425022964509394 0.5551165109375 0.3632467599164927 0.6448836296875
4 0.2713986137787056 0.7538138953125 0.3889993256784969 0.73987340625 0.3696323903966597 0.64835595625 0.25203167849686847 0.6622964453125 0.2713986137787056 0.7538138953125
4 0.3300111169102296 0.8106896703125 0.43124127766179543 0.7986897609375 0.4127209853862213 0.711173071875 0.31149082463465555 0.7231729812500001 0.3300111169102296 0.8106896703125
4 0.2176801565762004 0.815546909375 0.3149012004175365 0.8040222437500001 0.2973862943632568 0.7212564609375 0.20016525052192066 0.7327811265624999 0.2176801565762004 0.815546909375