4 0.99917328125 0.5281498015625 0.9270833333333334 0.5281498015625 0.9270833333333334 0.6556299609375 0.99917328125 0.6556299609375 0.99917328125 0.5281498015625
4 0.9317129625 0.5853174609375 0.8718584645833333 0.5853174609375 0.8718584645833333 0.6359126984375 0.9317129625 0.6359126984375 0.9317129625 0.5853174609375
4 0.9892526458333334 0.6132192453124999 0.8764880958333333 0.6132192453124999 0.8764880958333333 0.6940724203124999 0.9892526458333334 0.6940724203124999 0.9892526458333334 0.6132192453124999
3 0.3440806875 0.4403521828125 0.21378968333333334 0.4403521828125 0.21378968333333334 0.536086309375 0.3440806875 0.536086309375 0.3440806875 0.4403521828125
3 0.44295635 0.40823412656249997 0.3265542333333334 0.40823412656249997 0.3265542333333334 0.4923115078125 0.44295635 0.4923115078125 0.44295635 0.40823412656249997
5 0.4690806875 0.36371527812500004 0.355324075 0.36371527812500004 0.355324075 0.44109622968749995 0.4690806875 0.44109622968749995 0.4690806875 0.36371527812500004
3 0.4829695770833334 0.4376240078125 0.431382275 0.4376240078125 0.431382275 0.479042659375 0.4829695770833334 0.479042659375 0.4829695770833334 0.4376240078125
5 0.50595238125 0.47284226250000005 0.4047619041666667 0.47284226250000005 0.4047619041666667 0.5474950390625 0.50595238125 0.5474950390625 0.50595238125 0.47284226250000005
3 0.58845899375 0.4038938484375 0.4793320104166667 0.4038938484375 0.4793320104166667 0.483258928125 0.58845899375 0.483258928125 0.58845899375 0.4038938484375
4 0.4236111104166667 0.481646825 0.30985449791666664 0.481646825 0.30985449791666664 0.5399305562500001 0.4236111104166667 0.5399305562500001 0.4236111104166667 0.481646825
4 0.42774470833333333 0.5192212296875 0.3172949729166667 0.5192212296875 0.3172949729166667 0.5740327375 0.42774470833333333 0.5740327375 0.42774470833333333 0.5192212296875
3 0.40839947083333333 0.5812251984375 0.2989417979166667 0.5812251984375 0.2989417979166667 0.6653025796875001 0.40839947083333333 0.6653025796875001 0.40839947083333333 0.5812251984375
4 0.51339285625 0.5467509921875 0.41451719583333335 0.5467509921875 0.41451719583333335 0.6218998015625 0.51339285625 0.6218998015625 0.51339285625 0.5467509921875
4 0.5348875666666667 0.6073908734375 0.4512235458333333 0.6073908734375 0.4512235458333333 0.668898809375 0.5348875666666667 0.668898809375 0.5348875666666667 0.6073908734375
4 0.5426587291666666 0.64012896875 0.4894179895833333 0.64012896875 0.4894179895833333 0.678075396875 0.5426587291666666 0.678075396875 0.5426587291666666 0.64012896875
3 0.2658730166666667 0.0003720234375 0.20304232708333333 0.0003720234375 0.20304232708333333 0.0440228171875 0.2658730166666667 0.0440228171875 0.2658730166666667 0.0003720234375
4 0.27827381041666666 0.042534721875 0.22701719583333332 0.042534721875 0.22701719583333332 0.08420138906249999 0.27827381041666666 0.08420138906249999 0.27827381041666666 0.042534721875
5 0.22949735416666667 0.03720238125 0.17195767291666667 0.03720238125 0.17195767291666667 0.0830853171875 0.22949735416666667 0.0830853171875 0.22949735416666667 0.03720238125