3 0.31136428958333334 0.30900800156249997 0.39951427916666665 0.3136310375 0.4054272 0.250212015625 0.31727720833333334 0.24558897968750001 0.31136428958333334 0.30900800156249997
3 0.1491225625 0.3337171 0.24151681041666664 0.3385627265625 0.24754387916666667 0.2739194 0.15514963125 0.2690737734375 0.1491225625 0.3337171
3 0.012324675 0.3547164046875 0.02554717291666667 0.3554098609375 0.027807325 0.3311686125 0.014584827083333333 0.3304751578125 0.012324675 0.3547164046875
3 0.28884088124999996 0.39751504375 0.3685023541666667 0.4016928984375 0.37391301875 0.343660821875 0.29425154583333335 0.33948296718750004 0.28884088124999996 0.39751504375
5 0.033168235416666664 0.3827529421875 0.06712230625 0.38453366718750004 0.06940528541666667 0.360047559375 0.035451214583333335 0.358266834375 0.033168235416666664 0.3827529421875
5 0.007142310416666667 0.41029987187500006 0.020854529166666667 0.4110190109375 0.023799575 0.3794319296875 0.010087354166666666 0.3787127921875 0.007142310416666667 0.41029987187500006
4 0.005624127083333333 0.42658313281250004 0.03631338333333333 0.42819263437500005 0.038413724999999996 0.40566541562499997 0.00772446875 0.40405591406249997 0.005624127083333333 0.42658313281250004
4 0.004299997916666667 0.4407850765625 0.026337495833333332 0.4419408359375 0.02866613541666667 0.4169650046875 0.006628639583333333 0.415809246875 0.004299997916666667 0.4407850765625
4 0.030858027083333333 0.446237878125 0.049140985416666665 0.4471967296875 0.05030530625 0.43470881562499997 0.032022345833333334 0.43374996406250005 0.030858027083333333 0.446237878125
4 0.1683351375 0.42675054375 0.24864957291666664 0.43096264375000004 0.2537177895833333 0.3766034828125 0.17340335416666666 0.372391384375 0.1683351375 0.42675054375
4 0.27831723125 0.4523262671875 0.3534079625 0.456264409375 0.35847618125 0.4019052484375 0.28338544791666664 0.3979671078125 0.27831723125 0.4523262671875
4 0.27146127291666666 0.4871530578125 0.33904293125 0.49069738437500005 0.3431522979166666 0.44662238906249996 0.27557063958333333 0.4430780625 0.27146127291666666 0.4871530578125
4 0.18345400833333333 0.4897962296875 0.26050362916666664 0.4938371046875 0.26554901458333335 0.43972280625 0.18849939583333333 0.43568192968749997 0.18345400833333333 0.4897962296875
4 0.21069021666666668 0.5196443796875 0.27468058125 0.5230003609375 0.27888126458333334 0.47794592187499996 0.21489090208333333 0.47458994062500004 0.21069021666666668 0.5196443796875
4 0.27157900625 0.5228376984375 0.3212041875 0.525440296875 0.32471997708333333 0.487731690625 0.27509479583333335 0.4851290921875 0.27157900625 0.5228376984375
3 0.3135934229166667 0.5032649828125 0.36680989583333334 0.5060559265625 0.36989192083333333 0.472999678125 0.3166754458333333 0.470208734375 0.3135934229166667 0.5032649828125
5 0.36901081041666667 0.510600403125 0.41569765833333333 0.5130489 0.4187568520833333 0.480237515625 0.3720700041666667 0.47778901874999996 0.36901081041666667 0.510600403125
4 0.34446546666666666 0.538101953125 0.3820108333333333 0.5400710234375 0.3845221125 0.5131363046875 0.3469767458333333 0.511167234375 0.34446546666666666 0.538101953125
3 0.68034406875 0.5494426531250001 0.8259547958333333 0.5570792234375 0.8352921854166666 0.45693104062499995 0.6896814604166667 0.44929447031249997 0.68034406875 0.5494426531250001
3 0.49292806041666665 0.6136771765625 0.6525774854166666 0.6220500078125 0.6629422166666666 0.510883078125 0.5032927916666667 0.5025102453125 0.49292806041666665 0.6136771765625
3 0.43753812708333334 0.6201224640625 0.4816131208333333 0.6224339828125001 0.484603825 0.59035718125 0.44052883125 0.5880456625 0.43753812708333334 0.6201224640625
3 0.36631152916666665 0.6187245328125 0.42050744791666667 0.6215668437499999 0.42404606875 0.583613375 0.36985015000000004 0.5807710640625 0.36631152916666665 0.6187245328125
5 0.3731552583333333 0.6596830875 0.4257187708333333 0.6624397875 0.4290975833333333 0.6262003468749999 0.37653407083333335 0.6234436484375 0.3731552583333333 0.6596830875
4 0.43369705000000003 0.67011693125 0.4745072291666667 0.672257225 0.47738378541666665 0.6414047296875001 0.43657360624999997 0.6392644359374999 0.43369705000000003 0.67011693125
4 0.38046356666666664 0.6938994015625 0.43008874375 0.696502 0.43344472708333337 0.660507421875 0.38381954791666667 0.6579048234375 0.38046356666666664 0.6938994015625
5 0.5156374083333334 0.7589353609375 0.6677777604166667 0.766914378125 0.6775260895833333 0.6623586968749999 0.5253857354166667 0.654379678125 0.5156374083333334 0.7589353609375
4 0.6785242687499999 0.771291884375 0.8117286958333333 0.77827780625 0.82127155625 0.6759258734375 0.6880671270833333 0.668939953125 0.6785242687499999 0.771291884375
4 0.5621760895833333 0.8157549921875 0.6868920000000001 0.82229573125 0.6942660270833334 0.7432056031250001 0.5695501166666667 0.7366648625 0.5621760895833333 0.8157549921875
3 0.6727832874999999 0.47043047031249996 0.7018401354166667 0.4719543609375 0.70378066875 0.45114116875 0.6747238208333334 0.449617278125 0.6727832874999999 0.47043047031249996
5 0.604872075 1 0.6082665354166666 0.963592721875 0.5508058020833333 0.9605791874999999 0.5471303729166667 1 0.604872075 1