3 0.5730336826722339 0.7276521687499999 0.3532015407098121 0.7333977046875 0.3614973382045929 0.9111969234374999 0.5813294801670146 0.9054513875 0.5730336826722339 0.7276521687499999
3 0.538755369519833 0.5484064656250001 0.2728293903966597 0.5553567109374999 0.2822766931106472 0.7578355218749999 0.5482026722338205 0.7508852781249999 0.538755369519833 0.5484064656250001
4 0.7087295741127349 0.2539572953125 0.5208085511482254 0.2588688015625 0.5276432964509394 0.40535412812500005 0.7155643215031315 0.400442621875 0.7087295741127349 0.2539572953125
4 0.8243277411273486 0.2663463640625 0.6991652463465553 0.2696176125 0.7038455615866388 0.369928215625 0.8290080584551148 0.3666569671875 0.8243277411273486 0.2663463640625
4 0.6569029791231732 0.1741418359375 0.521458012526096 0.177681828125 0.5260516555323591 0.2761348296875 0.6614966221294363 0.2725948375 0.6569029791231732 0.1741418359375
4 0.6890622901878914 0.1481930890625 0.5858830104384134 0.150889784375 0.5893003841336116 0.22413244687499997 0.6924796638830898 0.22143575312500002 0.6890622901878914 0.1481930890625
4 0.693113356993737 0.0714340359375 0.6023439561586639 0.0738063859375 0.6056251294363257 0.1441299578125 0.6963945302713986 0.1417576078125 0.693113356993737 0.0714340359375
3 0.4911300772442589 0.2200558375 0.40106981210855946 0.22240965468749999 0.40426431315240086 0.29087562031249997 0.4943245782881002 0.2885218046875 0.4911300772442589 0.2200558375
5 0.5343068810020877 0.17535329375 0.4658752630480167 0.1771418234375 0.4683516221294363 0.23021621718750002 0.5367832379958246 0.22842768750000003 0.5343068810020877 0.17535329375
4 0.48031573903966596 0.13664437499999998 0.40975671398747393 0.1384885078125 0.4124311795407098 0.19580884999999998 0.4829902045929019 0.19396471875000001 0.48031573903966596 0.13664437499999998
4 0.527096751565762 0.066473703125 0.46185624217119 0.0681788296875 0.46438212734864304 0.12231471249999999 0.5296226367432151 0.120609584375 0.527096751565762 0.066473703125
4 0.469689382045929 0.06106601874999999 0.41189480167014614 0.0625765390625 0.4142597223382046 0.113262584375 0.47205430271398746 0.1117520640625 0.469689382045929 0.06106601874999999
4 0.4605494154488518 0.11245129843749999 0.41551928183716075 0.11362820625 0.4169060417536534 0.14334986875 0.4619361753653445 0.14217295937500002 0.4605494154488518 0.11245129843749999
4 0 0.2168174375 0.06383570772442589 0.2151490265625 0.060802171189979125 0.15013289531250001 0 0.151722021875 0 0.2168174375
4 0.08146955114822547 0.1784207015625 0.019774722338204594 0.180033159375 0.022251079331941547 0.23310755312500003 0.08394590814196243 0.23149509531249998 0.08146955114822547 0.1784207015625
4 0.2346952567849687 0.190756271875 0.1691001816283925 0.19247066562499998 0.17153939457202505 0.24474894218749998 0.23713446972860125 0.2430345484375 0.2346952567849687 0.190756271875
5 0.16484031315240083 0.25714602656249996 0.04712374739039666 0.2602226671875 0.051048774530271394 0.34434558125 0.16876534029227558 0.3412689390625 0.16484031315240083 0.25714602656249996
3 0.24158741753653443 0.37271045625 0.13486245720250523 0.375499821875 0.13878748434237995 0.459622734375 0.2455124425887265 0.45683336875 0.24158741753653443 0.37271045625
4 0.2616733924843424 0.274409515625 0.17693164926931107 0.2766243265625 0.1797794592901879 0.3376598796875 0.2645212045929019 0.33544506875 0.2616733924843424 0.274409515625
5 0.2897242317327766 0.3315980140625 0.193281745302714 0.3341186375 0.19637719206680584 0.4004616296875 0.29281967849686846 0.39794100625 0.2897242317327766 0.3315980140625
4 0.15367481210855952 0.3259873078125 0.06290541127348644 0.3283596578125 0.06466362421711899 0.3660424765625 0.1554330250521921 0.363670125 0.15367481210855952 0.3259873078125