3 0.9217276471816284 1 0.9335443736951984 0.927970746875 0.8193673778705637 0.9174782718750001 0.8058293152400835 1 0.9217276471816284 1
3 0.6102416826722339 0.1928872546875 0.4748726450939457 0.1804473046875 0.4460906889352818 0.355888709375 0.5814597265135699 0.36832865937500003 0.6102416826722339 0.1928872546875
3 0.744829751565762 0.3390381 0.5096547286012526 0.31742632187500003 0.4789946680584551 0.504315778125 0.7141696910229646 0.52592755625 0.744829751565762 0.3390381
3 0.49714157411273485 0.270665378125 0.2654081356993737 0.24936987031250002 0.2400537202505219 0.403918578125 0.4717871586638831 0.42521408593750004 0.49714157411273485 0.270665378125
3 0.44211086012526096 0.416821871875 0.16296001878914407 0.3911688671875 0.12746383716075158 0.607537059375 0.40661467849686844 0.6331900640625 0.44211086012526096 0.416821871875
5 0.6658797870563674 0.5091429453125 0.40202488100208766 0.48489558437499997 0.36760860960334024 0.694681146875 0.6314635135699374 0.7189285078125 0.6658797870563674 0.5091429453125
5 0.5560906075156575 0.70633693125 0.3190035908141962 0.6845494484375 0.2899868705636743 0.8614218593749999 0.5270738872651357 0.8832093421874999 0.5560906075156575 0.70633693125
4 0.3732150793319416 0.6261987890625 0.15677757828810018 0.606308925 0.13053106263048017 0.766295459375 0.34696856367432155 0.7861853234375 0.3732150793319416 0.6261987890625
4 0.6987750668058456 0.703761275 0.5209598058455115 0.6874206625 0.49626272651356995 0.8379625531249999 0.6740779895615866 0.854303165625 0.6987750668058456 0.703761275
4 0.6005437432150313 0.8577136843750001 0.420816490605428 0.841197365625 0.39987562212943634 0.9688431515625 0.5796028747390396 0.9853594687499999 0.6005437432150313 0.8577136843750001
4 0.3560662651356994 0.8088100765625 0.16027827766179542 0.7908178328125001 0.13515862421711902 0.943935534375 0.33094661169102296 0.9619277796875 0.3560662651356994 0.8088100765625