3 0.39211956666666664 0.5728455234375 0.2110331 0.546445790625 0.1667289958333333 0.7173894359374999 0.34781546041666667 0.74378916875 0.39211956666666664 0.5728455234375
5 0.44200588125 0.486025553125 0.2945638958333333 0.4645306890625 0.2603259895833333 0.59663475 0.40776797708333334 0.6181296140625 0.44200588125 0.486025553125
3 0.60639415 0.458644328125 0.40848544375 0.42979216249999996 0.36180904999999997 0.6098890828125 0.55971775625 0.63874125 0.60639415 0.458644328125
3 0.5263138104166667 0.38394183593750003 0.3590809541666667 0.35956175468749996 0.32426600625 0.493892290625 0.4914988625 0.518272371875 0.5263138104166667 0.38394183593750003
5 0.7134747229166667 0.352563634375 0.5264509937499999 0.3252983375 0.48464741041666665 0.4865939328125 0.6716711375000001 0.5138592296875 0.7134747229166667 0.352563634375
4 0.63278528125 0.280211309375 0.48468360208333333 0.2586202703125 0.44871456666666665 0.39740375 0.5968162479166667 0.41899478749999997 0.63278528125 0.280211309375
4 0.8398961479166667 0.2920486015625 0.6828885729166667 0.269159215625 0.64114910625 0.43020742500000003 0.7981566812499999 0.45309681093750004 0.8398961479166667 0.2920486015625
4 0.7351722520833334 0.199504759375 0.5890496562499999 0.1782022421875 0.5556452583333333 0.3070902875 0.7017678541666666 0.3283928046875 0.7351722520833334 0.199504759375
3 0.18526756041666664 0 0.17627028333333333 0.0347152359375 0.22442806875 0.0417359296875 0.235244925 0 0.18526756041666664 0
3 0.17431361874999998 0 0.1713894125 0.011282803125000001 0.21624871875 0.0178226265625 0.22086787708333333 0 0.17431361874999998 0
3 0.9253588541666667 0.583063146875 0.8735727416666667 0.575513496875 0.8638271208333334 0.6131161515625 0.9156132333333333 0.6206658015625 0.9253588541666667 0.583063146875
5 0.9278999395833334 0.565333921875 0.8860092625 0.5592268796875 0.8784435833333333 0.5884184140625 0.9203342604166667 0.59452545625 0.9278999395833334 0.565333921875
5 0.9558856520833333 0.557732471875 0.9057487791666666 0.55042325625 0.8967084333333334 0.5853046671875 0.94684530625 0.5926138828124999 0.9558856520833333 0.557732471875
5 0.9655095791666667 0.5443733484375 0.92098011875 0.5378816109375 0.9139914833333334 0.5648466734375 0.9585209416666667 0.5713384109375 0.9655095791666667 0.5443733484375
4 0.9955052916666667 0.5230729765625 0.9546041604166666 0.5171101953125 0.9469743645833333 0.5465491171875 0.9878754958333332 0.5525118984375 0.9955052916666667 0.5230729765625
4 0.9652608583333334 0.5281629078125001 0.92732835625 0.5226329093750001 0.9218785020833333 0.543660709375 0.9598110041666666 0.5491907078125 0.9652608583333334 0.5281629078125001
4 0.9851687895833333 0.5061620859375 0.9482258312499999 0.5007763484375001 0.94226305 0.523783234375 0.9792060083333334 0.5291689734375 0.9851687895833333 0.5061620859375
3 0.8563554624999999 0.5045841171875 0.7956634583333333 0.49573612031250003 0.7830326208333334 0.5444711390625 0.843724625 0.5533191375000001 0.8563554624999999 0.5045841171875
3 0.9138996270833334 0.5064265140625 0.8469405145833334 0.496664865625 0.8332838229166666 0.5493580578125 0.9002429354166667 0.5591197078125 0.9138996270833334 0.5064265140625
3 0.8594083333333333 0.4710120546875 0.8264235458333334 0.466203359375 0.815267375 0.509248503125 0.8482521625 0.5140571984375 0.8594083333333333 0.4710120546875
3 0.9116525249999999 0.47811501874999995 0.8516202166666668 0.46936319531250004 0.8408487395833333 0.5109240234375 0.9008810479166667 0.519675846875 0.9116525249999999 0.47811501874999995
5 0.9502381833333333 0.45999243281249996 0.897792375 0.45234660781249997 0.8849691895833334 0.5018237859375 0.9374149979166667 0.509469609375 0.9502381833333333 0.45999243281249996
5 0.8997166145833333 0.4541675328125 0.8637632 0.4489260546875 0.8560051729166667 0.478859746875 0.8919585875 0.48410122343750006 0.8997166145833333 0.4541675328125
4 0.9423566229166667 0.4362509109375 0.89123020625 0.428797434375 0.8814204708333333 0.4666474734375 0.9325468854166666 0.47410094999999997 0.9423566229166667 0.4362509109375
4 0.08586619583333334 0.2646618421875 0.0528814125 0.259853146875 0.04249463125 0.299929659375 0.07547941666666666 0.3047383546875 0.08586619583333334 0.2646618421875
3 0.06571183124999999 0.298179725 0.04377695 0.2949819421875 0.027683852083333335 0.3570758 0.04961873333333333 0.36027358125000003 0.06571183124999999 0.298179725
5 0.6091355083333333 0.9255279078124999 0.5632866583333332 0.9188438234375 0.5518740229166668 0.9628785093750001 0.5977228729166666 0.9695625953125001 0.6091355083333333 0.9255279078124999
4 0.7515973375 0.9418039109375 0.7097066625 0.93569686875 0.6984222583333334 0.9792367843750001 0.7403129354166667 0.9853438265625 0.7515973375 0.9418039109375
4 0.7921822104166666 0.8902123843749999 0.7608466645833333 0.885644125 0.75437095625 0.9106300984375 0.7857065020833333 0.9151983578125 0.7921822104166666 0.8902123843749999
4 0.58553793125 0.869970921875 0.5429875583333333 0.86376770625 0.5322801979166667 0.9050811484375 0.5748305708333333 0.911284365625 0.58553793125 0.869970921875
4 0.8380998729166667 0.8424790968750001 0.8054449375 0.8377184890624999 0.7967892875 0.8711155843749999 0.8294442229166666 0.8758761921874999 0.8380998729166667 0.8424790968750001
4 0.7315064562500001 0.8562069187500001 0.6985216729166667 0.8513982234374999 0.68698080625 0.8959276828125 0.7199655895833333 0.9007363765624999 0.7315064562500001 0.8562069187500001
4 0.6743759354166666 0.87059900625 0.6324852583333332 0.8644919640625 0.6235731437500001 0.8988786015624999 0.6654638208333333 0.9049856437500001 0.6743759354166666 0.87059900625
4 0.7814575854166667 0.8331945562499999 0.74748325625 0.8282416015624999 0.7406228520833333 0.8547118906250001 0.77459718125 0.8596648468750001 0.7814575854166667 0.8331945562499999
4 0.81011689375 0.8276168046875 0.78142013125 0.8234332406249999 0.7736621041666666 0.8533669328125001 0.8023588666666667 0.857550496875 0.81011689375 0.8276168046875
4 0.6886023041666667 0.837500575 0.6575966083333333 0.8329804015625 0.64631220625 0.8765203171874999 0.6773179020833333 0.8810404890625 0.6886023041666667 0.837500575
4 0.6299399833333333 0.8313874390624999 0.5916776333333333 0.8258093531249999 0.5810985062499999 0.8666280234375 0.6193608541666666 0.872206109375 0.6299399833333333 0.8313874390624999
4 0.5904501645833334 0.8292246671875001 0.5482296375 0.8230695390625 0.5382275541666667 0.8616617359375001 0.5804480791666666 0.8678168656249999 0.5904501645833334 0.8292246671875001
4 0.7574439500000001 0.8433005734375 0.7205009916666667 0.8379148359374999 0.7128711958333334 0.8673537578125 0.7498141541666666 0.8727394953125 0.7574439500000001 0.8433005734375
4 0.6308542395833334 0.8073878171875 0.5998485416666667 0.80286764375 0.5917058187500001 0.8342856515625 0.6227115166666667 0.8388058234375 0.6308542395833334 0.8073878171875
4 0.36671594375 0.8379415421875 0.3330714645833333 0.8330366734375 0.32338995833333334 0.8703919421874999 0.3570344395833333 0.8752968109375001 0.36671594375 0.8379415421875
4 0.40328544374999997 0.81439036875 0.3703006583333333 0.8095816734374999 0.3615808916666667 0.8432261546875001 0.3945656791666667 0.8480348484375 0.40328544374999997 0.81439036875
5 0.32717438541666666 0.81946868125 0.28792249375 0.813746334375 0.2784333375 0.850359446875 0.3176852291666667 0.8560817921874999 0.32717438541666666 0.81946868125
4 0.35906304375 0.809355428125 0.3270678 0.8046909937500001 0.31854038333333334 0.837593315625 0.350535625 0.8422577484374999 0.35906304375 0.809355428125
4 0.2907381333333333 0.8477888421875001 0.2587428916666667 0.8431244078125 0.25015135833333335 0.8762741171874999 0.28214659999999997 0.8809385515624999 0.2907381333333333 0.8477888421875001
4 0.39321391250000004 0.7885324484375 0.3622082166666667 0.7840122765624999 0.3542578416666667 0.814688125 0.38526353750000003 0.8192082984375 0.39321391250000004 0.7885324484375
4 0.41403527083333336 0.7881020000000001 0.39061607499999995 0.7846878265624999 0.3843968291666667 0.8086842578125 0.4078160270833333 0.8120984296874999 0.41403527083333336 0.7881020000000001
4 0.7463863020833333 0.858889646875 0.7166999958333334 0.8545618218750001 0.705543825 0.8976069656250001 0.73523013125 0.9019347906249999 0.7463863020833333 0.858889646875
4 0.22143999583333332 0.806108034375 0.19505216875 0.802261078125 0.1883841125 0.827989209375 0.21477193958333332 0.8318361640624999 0.22143999583333332 0.806108034375