1 0.52648685625 0.545802646875 0.23689781666666668 0.53061511875 0.22027771666666668 0.7088739859375 0.50986675625 0.7240615140625 0.52648685625 0.545802646875
1 0.6783048208333333 0.4446378578125 0.40536633541666667 0.4303235703125 0.3871024895833333 0.6262124359375 0.6600409770833333 0.6405267234375 0.6783048208333333 0.4446378578125
2 0.22234856875 0.46673810312499997 0.11069191666666667 0.46088225781250003 0.10425391249999999 0.5299330828125 0.21591056458333335 0.535788928125 0.22234856875 0.46673810312499997
1 0.1268790875 0.480800721875 0.033505393749999994 0.47590372812500004 0.02633683333333333 0.5527901078124999 0.11971052708333334 0.5576871 0.1268790875 0.480800721875
1 0.2258301375 0.6985846718750001 0.13572125833333332 0.6938589015625001 0.13017361666666666 0.7533601453125 0.22028249375 0.7580859156249999 0.2258301375 0.6985846718750001
1 0.2700513645833333 0.727478165625 0.21716137083333334 0.7247043453125 0.21325747499999997 0.7665755890625 0.26614746875 0.769349409375 0.2700513645833333 0.727478165625
1 0.140520375 0.7092431828125 0.0804477875 0.70609266875 0.07583616666666666 0.7555546078125001 0.13590875416666667 0.758705121875 0.140520375 0.7092431828125
1 0.25890861666666665 0.6939219578125 0.21222177083333332 0.6914734609375001 0.20866032083333333 0.7296717890625 0.2553471666666667 0.7321202859375 0.25890861666666665 0.6939219578125
1 0.6004752291666667 0.10763906875 0.48163598333333335 0.10140653125000001 0.4721616125 0.20302388124999998 0.5910008583333333 0.20925641874999998 0.6004752291666667 0.10763906875
2 0.705892025 0.0713377375 0.5635461145833334 0.063872390625 0.5522910208333334 0.184588903125 0.69463693125 0.19205425 0.705892025 0.0713377375
0 1 0.3996255109375 0.9473538 0.396864475 0.9420344562499999 0.45391710781250005 1 0.456957115625 1 0.3996255109375
0 0.9906010999999999 0.3816624375 0.9089807395833333 0.3773818484375 0.9035244166666666 0.4359036484375 0.9851447770833333 0.4401842359375 0.9906010999999999 0.3816624375
1 0.96843460625 0.38013082656249997 0.9028118395833334 0.376689234375 0.8984513458333333 0.4234577 0.9640741145833334 0.42689929375 0.96843460625 0.38013082656249997
2 1 0.3548428828125 0.97485225 0.35352400624999997 0.9693959270833333 0.4120458046875 1 0.4136508375 1 0.3548428828125
1 0.9216187104166667 0.6289011828125 0.9888738895833333 0.6324283875 0.9961794270833334 0.5540728406250001 0.92892425 0.5505456359374999 0.9216187104166667 0.6289011828125
1 1 0.5089984671875001 0.9687114124999999 0.5073575328125 0.9657207083333332 0.5394343359375 0.99738940625 0.5410952046874999 1 0.5130952953125 1 0.5089984671875001
1 0.9573290270833333 0.493965546875 0.9194571791666667 0.4919793546875 0.9164893041666667 0.52381129375 0.9543611520833333 0.5257974875 0.9573290270833333 0.493965546875
1 0.6544211833333333 0.6462604234375 0.6132845208333334 0.6441030078125001 0.6101340083333333 0.6778938375 0.65127066875 0.680051253125 0.6544211833333333 0.6462604234375
1 0.6574267333333333 0.6157837796875001 0.6133517395833333 0.6134722625 0.61052084375 0.6438350359375 0.6545958375 0.6461465546875 0.6574267333333333 0.6157837796875001
1 0.6199852958333333 0.6250158171875 0.5811340041666667 0.6229782578124999 0.5770931291666667 0.66631866875 0.6159444208333333 0.6683562281250001 0.6199852958333333 0.6250158171875