1 0.8847340960334029 0.18615003125000001 0.9784520772442589 0.18247404218750002 0.9716496868475992 0.085328840625 0.8779317056367433 0.0890048296875 0.8847340960334029 0.18615003125000001
1 0.12879136534446764 0.083744025 0.12391226931106472 0.014065471874999999 0.018838227557411272 0.018186890625 0.023717323590814195 0.0878654421875 0.12879136534446764 0.083744025
1 0 0.1259050703125 0.05991695198329854 0.123554890625 0.053094315240083505 0.0261205671875 0 0.028203134375 0 0.1259050703125
1 0 0.2820252234375 0.03025732776617954 0.2808384109375 0.02675490605427975 0.2308201984375 0 0.23186963125 0 0.2820252234375
0 0.14343355741127348 0.37859483437499997 0.039904724425887265 0.38265564531249996 0.044945780793319415 0.454647178125 0.14847461586638833 0.45058636874999997 0.14343355741127348 0.37859483437499997
0 0.06339469311064717 0.460881540625 0.004676843423799582 0.4631846859375 0.007733870563674322 0.5068422015625 0.06645172025052191 0.50453905625 0.06339469311064717 0.460881540625
0 0.49358359916492694 0.84844165625 0.40859724217119 0.8517751562500001 0.41305118997912316 0.9153821328125 0.4980375469728601 0.9120486328125 0.49358359916492694 0.84844165625
0 0.6677821649269311 0.5453140140625 0.5275546764091859 0.5508142890625 0.5342153507306889 0.6459356328125 0.6744428371607515 0.64043535625 0.6677821649269311 0.5453140140625
1 0.7339978622129436 0.592002615625 0.5933840730688935 0.59751804375 0.6002067098121086 0.6949523656250001 0.7408204989561586 0.6894369375 0.7339978622129436 0.592002615625
1 0.7081998997912318 0.685497946875 0.5722217286012525 0.6908315468749999 0.5780725949895615 0.774387984375 0.7140507661795408 0.7690543843750001 0.7081998997912318 0.685497946875
1 0.5950871127348643 0.7158822218750001 0.46683497494780796 0.720912778125 0.47410300417536533 0.8247077984375 0.6023551419624218 0.81967724375 0.5950871127348643 0.7158822218750001
1 0.48351515866388306 0.726781640625 0.3653068622129436 0.7314182359375 0.37162336743215035 0.8216244953125 0.4898316638830898 0.8169879 0.48351515866388306 0.726781640625
2 0.6086651419624217 0.6248956234375 0.48466232150313154 0.6297595031250001 0.49134324008350727 0.7251699687500001 0.6153460605427975 0.7203060875 0.6086651419624217 0.6248956234375
2 0.48744330688935283 0.6445811328125 0.3815966617954071 0.6487328546875 0.38783218580375783 0.7377826234375 0.49367883089770354 0.7336309 0.48744330688935283 0.6445811328125