4 0.6078525645833334 0.30360576875 0.41169871875 0.30360576875 0.41169871875 0.446875 0.6078525645833334 0.446875 0.6078525645833334 0.30360576875
4 0.4408653854166667 0.37211538437499997 0.29631410208333336 0.37211538437499997 0.29631410208333336 0.4790865390625 0.4408653854166667 0.4790865390625 0.4408653854166667 0.37211538437499997
4 0.32019230833333334 0.331971153125 0.29455128125 0.331971153125 0.29455128125 0.35240384687500004 0.32019230833333334 0.35240384687500004 0.32019230833333334 0.331971153125
4 0.09455128125 0.4467548078125 0.05705128125 0.4467548078125 0.05705128125 0.4743990390625 0.09455128125 0.4743990390625 0.09455128125 0.4467548078125
4 0.09102564166666666 0.47920673125 0.05897435833333333 0.47920673125 0.05897435833333333 0.5013221156250001 0.09102564166666666 0.5013221156250001 0.09102564166666666 0.47920673125
4 0.07195512916666667 0.49831730781249994 0.04182692291666667 0.49831730781249994 0.04182692291666667 0.52235576875 0.07195512916666667 0.52235576875 0.07195512916666667 0.49831730781249994
4 0.042467947916666665 0.5058894234375 0.014262820833333334 0.5058894234375 0.014262820833333334 0.527283653125 0.042467947916666665 0.527283653125 0.042467947916666665 0.5058894234375
4 0.6918269229166667 0.4349759609375 0.50080128125 0.4349759609375 0.50080128125 0.571033653125 0.6918269229166667 0.571033653125 0.6918269229166667 0.4349759609375
4 0.5197115375 0.46262019218750006 0.38701923125 0.46262019218750006 0.38701923125 0.5765625 0.5197115375 0.5765625 0.5197115375 0.46262019218750006
4 0.7392628208333334 0.5659855765625 0.5578525645833333 0.5659855765625 0.5578525645833333 0.6996394234375 0.7392628208333334 0.6996394234375 0.7392628208333334 0.5659855765625
4 0.56923076875 0.5655048078125 0.44326923125 0.5655048078125 0.44326923125 0.669591346875 0.56923076875 0.669591346875 0.56923076875 0.5655048078125
4 0.6657051291666666 0.6509615390625 0.5378205125 0.6509615390625 0.5378205125 0.74326923125 0.6657051291666666 0.74326923125 0.6657051291666666 0.6509615390625
4 0.8350961541666667 0.6478365390625 0.6838141020833334 0.6478365390625 0.6838141020833334 0.765865384375 0.8350961541666667 0.765865384375 0.8350961541666667 0.6478365390625
4 0.7405448708333334 0.70673076875 0.6395833333333333 0.70673076875 0.6395833333333333 0.7980769234375 0.7405448708333334 0.7980769234375 0.7405448708333334 0.70673076875
4 0.27307692291666663 0.8120192312500001 0.23333333333333334 0.8120192312500001 0.23333333333333334 0.84375 0.27307692291666663 0.84375 0.27307692291666663 0.8120192312500001
4 0.25272435833333334 0.847716346875 0.21458333333333332 0.847716346875 0.21458333333333332 0.8768028843750001 0.25272435833333334 0.8768028843750001 0.25272435833333334 0.847716346875
4 0.22371794791666666 0.8618990390624999 0.18493589791666667 0.8618990390624999 0.18493589791666667 0.891947115625 0.22371794791666666 0.891947115625 0.22371794791666666 0.8618990390624999
4 0.19375 0.9002403843750001 0.15753205208333335 0.9002403843750001 0.15753205208333335 0.9269230765625001 0.19375 0.9269230765625001 0.19375 0.9002403843750001
4 0.29807692291666665 0.8012019234375 0.26410256458333337 0.8012019234375 0.26410256458333337 0.8266826921874999 0.29807692291666665 0.8266826921874999 0.29807692291666665 0.8012019234375
4 0.04983974375 0.7356971156250001 0.021634614583333333 0.7356971156250001 0.021634614583333333 0.7578125 0.04983974375 0.7578125 0.04983974375 0.7356971156250001
4 0.06762820416666666 0.746033653125 0.04006410208333333 0.746033653125 0.04006410208333333 0.7671875 0.06762820416666666 0.7671875 0.06762820416666666 0.746033653125
4 0.020192308333333336 0.7193509609375 0.0003205125 0.7193509609375 0.0003205125 0.7390625 0.020192308333333336 0.7390625 0.020192308333333336 0.7193509609375
4 0.29679487083333334 0.8262019234375 0.26602564166666665 0.8262019234375 0.26602564166666665 0.8490384609375001 0.29679487083333334 0.8490384609375001 0.29679487083333334 0.8262019234375
4 0.32580128125 0.86358173125 0.29823717916666664 0.86358173125 0.29823717916666664 0.8844951921875 0.32580128125 0.8844951921875 0.32580128125 0.86358173125
4 0.28237179583333333 0.8800480765625001 0.25673076875 0.8800480765625001 0.25673076875 0.9021634609375001 0.28237179583333333 0.9021634609375001 0.28237179583333333 0.8800480765625001
4 0.17964743541666667 0.9548076921875 0.14535256458333334 0.9548076921875 0.14535256458333334 0.9887019234375 0.17964743541666667 0.9887019234375 0.17964743541666667 0.9548076921875