3 0.21442307708333336 0.697716346875 0.17211538541666668 0.697716346875 0.17211538541666668 0.728966346875 0.21442307708333336 0.728966346875 0.21442307708333336 0.697716346875
4 0.23333333333333334 0.721153846875 0.19679487083333333 0.721153846875 0.19679487083333333 0.752403846875 0.23333333333333334 0.752403846875 0.23333333333333334 0.721153846875
4 0.2907051291666667 0.6826923078125 0.23076923125 0.6826923078125 0.23076923125 0.7334134609375 0.2907051291666667 0.7334134609375 0.2907051291666667 0.6826923078125
4 0.35625 0.6792067312500001 0.2902243583333333 0.6792067312500001 0.2902243583333333 0.7364182687499999 0.35625 0.7364182687499999 0.35625 0.6792067312500001
4 0.39551282083333333 0.637740384375 0.31955128125 0.637740384375 0.31955128125 0.6951923078125 0.39551282083333333 0.6951923078125 0.39551282083333333 0.637740384375
4 0.28237179583333333 0.6409855765625 0.20448717916666667 0.6409855765625 0.20448717916666667 0.6909855765625 0.28237179583333333 0.6909855765625 0.28237179583333333 0.6409855765625
4 0.30128205208333336 0.584375 0.21410256458333335 0.584375 0.21410256458333335 0.64423076875 0.30128205208333336 0.64423076875 0.30128205208333336 0.584375
4 0.43317307708333336 0.568509615625 0.35048076875 0.568509615625 0.35048076875 0.627403846875 0.43317307708333336 0.627403846875 0.43317307708333336 0.568509615625
3 0.32419871875 0.513341346875 0.23445512916666666 0.513341346875 0.23445512916666666 0.5801682687499999 0.32419871875 0.5801682687499999 0.32419871875 0.513341346875
3 0.44983974375 0.4837740390625 0.36714743541666667 0.4837740390625 0.36714743541666667 0.545072115625 0.44983974375 0.545072115625 0.44983974375 0.4837740390625
4 0.74951923125 0.797596153125 0.6501602562500001 0.797596153125 0.6501602562500001 0.877403846875 0.74951923125 0.877403846875 0.74951923125 0.797596153125
4 0.83830128125 0.7407451921875 0.7232371791666666 0.7407451921875 0.7232371791666666 0.8347355765625 0.83830128125 0.8347355765625 0.83830128125 0.7407451921875
4 0.6899038458333333 0.7316105765625001 0.58798076875 0.7316105765625001 0.58798076875 0.8145432687499999 0.6899038458333333 0.8145432687499999 0.6899038458333333 0.7316105765625001
4 0.8051282041666667 0.7144230765625 0.7551282041666667 0.7144230765625 0.7551282041666667 0.7435096156250001 0.8051282041666667 0.7435096156250001 0.8051282041666667 0.7144230765625
4 0.6535256416666667 0.6512019234374999 0.5509615375 0.6512019234374999 0.5509615375 0.725 0.6535256416666667 0.725 0.6535256416666667 0.6512019234374999
4 0.849358975 0.5925480765625 0.6977564104166666 0.5925480765625 0.6977564104166666 0.716346153125 0.849358975 0.716346153125 0.849358975 0.5925480765625
4 0.65 0.5459134609375 0.5150641020833333 0.5459134609375 0.5150641020833333 0.6449519234375 0.65 0.6449519234375 0.65 0.5459134609375
4 0.5533653854166667 0.5300480765625 0.468108975 0.5300480765625 0.468108975 0.59735576875 0.5533653854166667 0.59735576875 0.5533653854166667 0.5300480765625
4 0.9185897437499999 0.500721153125 0.7689102562500001 0.500721153125 0.7689102562500001 0.60673076875 0.9185897437499999 0.60673076875 0.9185897437499999 0.500721153125
4 0.99951923125 0.3342548078125 0.7709935895833334 0.3342548078125 0.7709935895833334 0.48786057656250004 0.99951923125 0.48786057656250004 0.99951923125 0.3342548078125
4 0.65576923125 0.3959134609375 0.48012820416666663 0.3959134609375 0.48012820416666663 0.5165865390625 0.65576923125 0.5165865390625 0.65576923125 0.3959134609375
4 0.74983974375 0.20456730781250002 0.5729166666666666 0.20456730781250002 0.5729166666666666 0.353846153125 0.74983974375 0.353846153125 0.74983974375 0.20456730781250002
4 0.28830128125 0.2683894234375 0.24342948749999999 0.2683894234375 0.24342948749999999 0.29891826875 0.28830128125 0.29891826875 0.28830128125 0.2683894234375
4 0.280608975 0.23125 0.23830128125 0.23125 0.23830128125 0.2675480765625 0.280608975 0.2675480765625 0.280608975 0.23125
4 0.2940705125 0.18485576875 0.2559294875 0.18485576875 0.2559294875 0.22644230781250002 0.2940705125 0.22644230781250002 0.2940705125 0.18485576875
4 0.28894230833333334 0.17199519218749998 0.23573717916666667 0.17199519218749998 0.23573717916666667 0.21430288437499997 0.28894230833333334 0.21430288437499997 0.28894230833333334 0.17199519218749998
4 0.29935897499999997 0.1306490390625 0.2503205125 0.1306490390625 0.2503205125 0.1796875 0.29935897499999997 0.1796875 0.29935897499999997 0.1306490390625
4 0.27243589791666667 0.084615384375 0.20961538541666666 0.084615384375 0.20961538541666666 0.134375 0.27243589791666667 0.134375 0.27243589791666667 0.084615384375
4 0.38269230833333334 0.153846153125 0.3352564104166667 0.153846153125 0.3352564104166667 0.199278846875 0.38269230833333334 0.199278846875 0.38269230833333334 0.153846153125
4 0.39951923125 0.2209134609375 0.35208333333333336 0.2209134609375 0.35208333333333336 0.25456730781250003 0.39951923125 0.25456730781250003 0.39951923125 0.2209134609375
4 0.36330128125 0.24819711562500002 0.3225961541666667 0.24819711562500002 0.3225961541666667 0.277283653125 0.36330128125 0.277283653125 0.36330128125 0.24819711562500002
4 0.40817307708333334 0.25360576875 0.36618589791666667 0.25360576875 0.36618589791666667 0.28389423125 0.40817307708333334 0.28389423125 0.40817307708333334 0.25360576875
4 0.4084935895833333 0.2873798078125 0.3834935895833333 0.2873798078125 0.3834935895833333 0.3087740390625 0.4084935895833333 0.3087740390625 0.4084935895833333 0.2873798078125
4 0.39391025625 0.29891826875 0.36153846250000005 0.29891826875 0.36153846250000005 0.3243990390625 0.39391025625 0.3243990390625 0.39391025625 0.29891826875
4 0.35977564166666665 0.2014423078125 0.31650641041666666 0.2014423078125 0.31650641041666666 0.23990384687500002 0.35977564166666665 0.23990384687500002 0.35977564166666665 0.2014423078125
4 0.28669871875 0.2371394234375 0.2703525645833333 0.2371394234375 0.2703525645833333 0.2626201921875 0.28669871875 0.2626201921875 0.28669871875 0.2371394234375
4 0.5790064104166667 0.597716346875 0.5049679479166667 0.597716346875 0.5049679479166667 0.65516826875 0.5790064104166667 0.65516826875 0.5790064104166667 0.597716346875
4 0.9163461541666666 0.4715144234375 0.724358975 0.4715144234375 0.724358975 0.5631009609375 0.9163461541666666 0.5631009609375 0.9163461541666666 0.4715144234375
4 0.8017628208333334 0.44050480781249995 0.6697115375 0.44050480781249995 0.6697115375 0.538341346875 0.8017628208333334 0.538341346875 0.8017628208333334 0.44050480781249995
4 0.33493589791666667 0.300721153125 0.30897435833333337 0.300721153125 0.30897435833333337 0.330528846875 0.33493589791666667 0.330528846875 0.33493589791666667 0.300721153125
4 0.24182692291666666 0.4871394234375 0.21426282083333334 0.4871394234375 0.21426282083333334 0.5087740390625 0.24182692291666666 0.5087740390625 0.24182692291666666 0.4871394234375
5 0.27644230833333333 0.4671875 0.2530448708333333 0.4671875 0.2530448708333333 0.48834134687499997 0.27644230833333333 0.48834134687499997 0.27644230833333333 0.4671875
3 0.3540064104166667 0.45853365312500005 0.33028846250000005 0.45853365312500005 0.33028846250000005 0.4775240390625 0.3540064104166667 0.4775240390625 0.3540064104166667 0.45853365312500005
4 0.8729166666666667 0.6337740390625 0.8322115375 0.6337740390625 0.8322115375 0.6873798078125 0.8729166666666667 0.6873798078125 0.8729166666666667 0.6337740390625
4 0.9607371791666667 0.47223557656250004 0.9001602562500001 0.47223557656250004 0.9001602562500001 0.542427884375 0.9607371791666667 0.542427884375 0.9607371791666667 0.47223557656250004