3 0.26955128125 0.041947115624999996 0.1125 0.041947115624999996 0.1125 0.177283653125 0.26955128125 0.177283653125 0.26955128125 0.041947115624999996
3 0.6399038458333333 0.14411057656249998 0.5863782041666667 0.14411057656249998 0.5863782041666667 0.1969951921875 0.6399038458333333 0.1969951921875 0.6399038458333333 0.14411057656249998
3 0.6264423083333334 0.17548076875000002 0.5828525645833333 0.17548076875000002 0.5828525645833333 0.22884615312499998 0.6264423083333334 0.22884615312499998 0.6264423083333334 0.17548076875000002
5 0.35352564166666667 0.1746394234375 0.19519230833333331 0.1746394234375 0.19519230833333331 0.2842548078125 0.35352564166666667 0.2842548078125 0.35352564166666667 0.1746394234375
5 0.23525641041666667 0.1983173078125 0.111858975 0.1983173078125 0.111858975 0.3112980765625 0.23525641041666667 0.3112980765625 0.23525641041666667 0.1983173078125
5 0.3342948708333333 0.2829326921875 0.17756410208333331 0.2829326921875 0.17756410208333331 0.40144230781249995 0.3342948708333333 0.40144230781249995 0.3342948708333333 0.2829326921875
4 0.19919871875 0.282572115625 0.09855769166666667 0.282572115625 0.09855769166666667 0.37391826875 0.19919871875 0.37391826875 0.19919871875 0.282572115625
4 0.36233974375 0.3118990390625 0.26201923125 0.3118990390625 0.26201923125 0.4171875 0.36233974375 0.4171875 0.36233974375 0.3118990390625
4 0.17948717916666668 0.35853365312499996 0.06987179583333333 0.35853365312499996 0.06987179583333333 0.4515625 0.17948717916666668 0.4515625 0.17948717916666668 0.35853365312499996
4 0.31201923125 0.399158653125 0.22131410208333333 0.399158653125 0.22131410208333333 0.49050480781249994 0.31201923125 0.49050480781249994 0.31201923125 0.399158653125
4 0.24391025624999998 0.483052884375 0.13044871875 0.483052884375 0.13044871875 0.582572115625 0.24391025624999998 0.582572115625 0.24391025624999998 0.483052884375
5 0.38958333333333334 0.4628605765625 0.24855769166666666 0.4628605765625 0.24855769166666666 0.5878605765625 0.38958333333333334 0.5878605765625 0.38958333333333334 0.4628605765625
4 0.4395833333333333 0.50625 0.35048076875 0.50625 0.35048076875 0.610096153125 0.4395833333333333 0.610096153125 0.4395833333333333 0.50625
5 0.5532051291666666 0.24507211562500003 0.39647435833333333 0.24507211562500003 0.39647435833333333 0.3936298078125 0.5532051291666666 0.3936298078125 0.5532051291666666 0.24507211562500003
5 0.49551282083333337 0.38076923125 0.3586538458333333 0.38076923125 0.3586538458333333 0.511778846875 0.49551282083333337 0.511778846875 0.49551282083333337 0.38076923125
5 0.6608974354166667 0.3765625 0.50608974375 0.3765625 0.50608974375 0.5140625 0.6608974354166667 0.5140625 0.6608974354166667 0.3765625
4 0.54391025625 0.4868990390625 0.42980769166666666 0.4868990390625 0.42980769166666666 0.5969951921875001 0.54391025625 0.5969951921875001 0.54391025625 0.4868990390625
4 0.6144230770833333 0.5402644234375 0.5083333333333333 0.5402644234375 0.5083333333333333 0.6441105765625 0.6144230770833333 0.6441105765625 0.6144230770833333 0.5402644234375
4 0.7548076916666666 0.4790865390625 0.61955128125 0.4790865390625 0.61955128125 0.5983173078124999 0.7548076916666666 0.5983173078124999 0.7548076916666666 0.4790865390625
4 0.7733974354166667 0.585216346875 0.6445512812499999 0.585216346875 0.6445512812499999 0.685697115625 0.7733974354166667 0.685697115625 0.7733974354166667 0.585216346875
4 0.7145833333333333 0.6590144234374999 0.6283653854166666 0.6590144234374999 0.6283653854166666 0.7179086531250001 0.7145833333333333 0.7179086531250001 0.7145833333333333 0.6590144234374999
4 0.7261217958333333 0.713221153125 0.66201923125 0.713221153125 0.66201923125 0.7747596156250001 0.7261217958333333 0.7747596156250001 0.7261217958333333 0.713221153125
4 0.25977564166666667 0.5436298078124999 0.20977564166666665 0.5436298078124999 0.20977564166666665 0.647716346875 0.25977564166666667 0.647716346875 0.25977564166666667 0.5436298078124999
4 0.08397435833333335 0.21069711562500001 0.05192307708333333 0.21069711562500001 0.05192307708333333 0.24170673125 0.08397435833333335 0.24170673125 0.08397435833333335 0.21069711562500001
4 0.05544871875 0.2150240390625 0.02820512916666667 0.2150240390625 0.02820512916666667 0.24170673125 0.05544871875 0.24170673125 0.05544871875 0.2150240390625
5 0.11009615416666667 0.128125 0.06554487083333334 0.128125 0.06554487083333334 0.169471153125 0.11009615416666667 0.169471153125 0.11009615416666667 0.128125
5 0.14006410208333334 0.1670673078125 0.1003205125 0.1670673078125 0.1003205125 0.1985576921875 0.14006410208333334 0.1985576921875 0.14006410208333334 0.1670673078125
4 0.11490384583333334 0.19675480781250002 0.08285256458333333 0.19675480781250002 0.08285256458333333 0.23449519218749998 0.11490384583333334 0.23449519218749998 0.11490384583333334 0.19675480781250002
4 0.04358974375 0.20504807656250001 0.01891025625 0.20504807656250001 0.01891025625 0.23052884687500003 0.04358974375 0.23052884687500003 0.04358974375 0.20504807656250001