3 0.3531746041666667 0.572420634375 0.3125 0.572420634375 0.3125 0.59970238125 0.3531746041666667 0.59970238125 0.3531746041666667 0.572420634375
3 0.40625 0.5564236109375 0.3711970895833333 0.5564236109375 0.3711970895833333 0.580233134375 0.40625 0.580233134375 0.40625 0.5564236109375
5 0.30158730208333334 0.5546875 0.262896825 0.5546875 0.262896825 0.5809771828125 0.30158730208333334 0.5809771828125 0.30158730208333334 0.5546875
4 0.33482142916666663 0.6016865078125 0.2964616395833334 0.6016865078125 0.2964616395833334 0.627480159375 0.33482142916666663 0.627480159375 0.33482142916666663 0.6016865078125
4 0.2837301583333333 0.5792410718750001 0.24867724791666665 0.5792410718750001 0.24867724791666665 0.6035466265625 0.2837301583333333 0.6035466265625 0.2837301583333333 0.5792410718750001
4 0.30588624375 0.6259920640625001 0.27215608541666664 0.6259920640625001 0.27215608541666664 0.6512896828125 0.30588624375 0.6512896828125 0.30588624375 0.6259920640625001
4 0.26620370416666667 0.6434771828125 0.2523148145833333 0.6434771828125 0.2523148145833333 0.6533978171875 0.26620370416666667 0.6533978171875 0.26620370416666667 0.6434771828125
4 0.24272486875 0.6102430562500001 0.21626984166666666 0.6102430562500001 0.21626984166666666 0.6290922625 0.24272486875 0.6290922625 0.24272486875 0.6102430562500001
4 0.42212301666666663 0.5766369046875 0.38740079375 0.5766369046875 0.38740079375 0.599950396875 0.42212301666666663 0.599950396875 0.42212301666666663 0.5766369046875
5 0.4900793645833333 0.5243055562500001 0.4573412708333333 0.5243055562500001 0.4573412708333333 0.546626984375 0.4900793645833333 0.546626984375 0.4900793645833333 0.5243055562500001
5 0.4751984125 0.5162450390625 0.4398148145833333 0.5162450390625 0.4398148145833333 0.5410466265625 0.4751984125 0.5410466265625 0.4751984125 0.5162450390625
4 0.42294973541666664 0.5205853171875 0.3948412708333333 0.5205853171875 0.3948412708333333 0.5404265875 0.42294973541666664 0.5404265875 0.42294973541666664 0.5205853171875
4 0.42824074166666665 0.5386904765625 0.40608465625 0.5386904765625 0.40608465625 0.5560515875 0.42824074166666665 0.5560515875 0.42824074166666665 0.5386904765625
5 0.45601851875 0.539806546875 0.425925925 0.539806546875 0.425925925 0.5651041671875 0.45601851875 0.5651041671875 0.45601851875 0.539806546875
4 0.4439484125 0.6085069437499999 0.4158399479166667 0.6085069437499999 0.4158399479166667 0.6276041671875 0.4439484125 0.6276041671875 0.4439484125 0.6085069437499999
4 0.4475859791666667 0.627108134375 0.43865740833333333 0.627108134375 0.43865740833333333 0.6328125 0.4475859791666667 0.6328125 0.4475859791666667 0.627108134375
4 0.4702380958333333 0.5469990078125 0.44576719583333335 0.5469990078125 0.44576719583333335 0.5680803578125 0.4702380958333333 0.5680803578125 0.4702380958333333 0.5469990078125
4 0.46693121666666665 0.5696924609375 0.4474206354166667 0.5696924609375 0.4474206354166667 0.5845734125 0.46693121666666665 0.5845734125 0.46693121666666665 0.5696924609375
4 0.48330026458333336 0.5835813484375 0.4545304229166666 0.5835813484375 0.4545304229166666 0.606894840625 0.48330026458333336 0.606894840625 0.48330026458333336 0.5835813484375
4 0.49421296249999996 0.6152033734375 0.47304894166666667 0.6152033734375 0.47304894166666667 0.62958829375 0.49421296249999996 0.62958829375 0.49421296249999996 0.6152033734375
5 0.5271164020833333 0.5014880953125 0.5016534395833333 0.5014880953125 0.5016534395833333 0.5178571421875 0.5271164020833333 0.5178571421875 0.5271164020833333 0.5014880953125
4 0.5236441791666667 0.5481150796875001 0.4905753958333333 0.5481150796875001 0.4905753958333333 0.5714285718750001 0.5236441791666667 0.5714285718750001 0.5236441791666667 0.5481150796875001
4 0.5205026458333334 0.5711805562500001 0.49437830625 0.5711805562500001 0.49437830625 0.590277778125 0.5205026458333334 0.590277778125 0.5205026458333334 0.5711805562500001
4 0.4751984125 0.130704365625 0.450396825 0.130704365625 0.450396825 0.149553571875 0.4751984125 0.149553571875 0.4751984125 0.130704365625
4 0.4755291 0.11024305625 0.45601851875 0.11024305625 0.45601851875 0.126116071875 0.4755291 0.126116071875 0.4755291 0.11024305625
4 0.5110780416666667 0.1429811515625 0.49189814791666664 0.1429811515625 0.49189814791666664 0.1625744046875 0.5110780416666667 0.1625744046875 0.5110780416666667 0.1429811515625
4 0.4775132270833333 0.15687003906250002 0.4639550270833333 0.15687003906250002 0.4639550270833333 0.17001488125 0.4775132270833333 0.17001488125 0.4775132270833333 0.15687003906250002
4 0.5955687833333333 0.070064484375 0.5671296291666666 0.070064484375 0.5671296291666666 0.10131448437499999 0.5955687833333333 0.10131448437499999 0.5955687833333333 0.070064484375
4 0.6078042333333333 0.13095238125 0.5717592583333333 0.13095238125 0.5717592583333333 0.1582341265625 0.6078042333333333 0.1582341265625 0.6078042333333333 0.13095238125
4 0.6279761895833332 0.087053571875 0.5919312166666667 0.087053571875 0.5919312166666667 0.11483134843750001 0.6279761895833332 0.11483134843750001 0.6279761895833332 0.087053571875
4 0.68766534375 0.1051587296875 0.6549272479166667 0.1051587296875 0.6549272479166667 0.1304563484375 0.68766534375 0.1304563484375 0.68766534375 0.1051587296875
4 0.6559193125 0.106646825 0.6185515875 0.106646825 0.6185515875 0.134424603125 0.6559193125 0.134424603125 0.6559193125 0.106646825
4 0.6056547625 0.17646329375 0.5858134916666666 0.17646329375 0.5858134916666666 0.1930803578125 0.6056547625 0.1930803578125 0.6056547625 0.17646329375
4 0.61904761875 0.19965277812499999 0.5972222229166667 0.19965277812499999 0.5972222229166667 0.2172619046875 0.61904761875 0.2172619046875 0.61904761875 0.19965277812499999
4 0.6471560854166667 0.20374503906250002 0.6322751312499999 0.20374503906250002 0.6322751312499999 0.21416170625 0.6471560854166667 0.21416170625 0.6471560854166667 0.20374503906250002
4 0.66220238125 0.182415675 0.63773148125 0.182415675 0.63773148125 0.20101686562499999 0.66220238125 0.20101686562499999 0.66220238125 0.182415675
4 0.6631944437499999 0.1455853171875 0.6297949729166666 0.1455853171875 0.6297949729166666 0.17113095312499998 0.6631944437499999 0.17113095312499998 0.6631944437499999 0.1455853171875
3 0.6894841270833333 0.14930555625 0.65674603125 0.14930555625 0.65674603125 0.1765873015625 0.6894841270833333 0.1765873015625 0.6894841270833333 0.14930555625
4 0.7007275125 0.147321428125 0.6772486770833334 0.147321428125 0.6772486770833334 0.16493055625 0.7007275125 0.16493055625 0.7007275125 0.147321428125
4 0.6701388895833333 0.1834077375 0.655588625 0.1834077375 0.655588625 0.19853670625 0.6701388895833333 0.19853670625 0.6701388895833333 0.1834077375
4 0.6913029104166667 0.17137896875 0.6701388895833333 0.17137896875 0.6701388895833333 0.18774801562500001 0.6913029104166667 0.18774801562500001 0.6913029104166667 0.17137896875
4 0.6990740750000001 0.18563988125 0.6769179895833334 0.18563988125 0.6769179895833334 0.20349702343749998 0.6990740750000001 0.20349702343749998 0.6990740750000001 0.18563988125
5 0.7271825395833333 0.17249503906250002 0.6967592583333333 0.17249503906250002 0.6967592583333333 0.19556051562500001 0.7271825395833333 0.19556051562500001 0.7271825395833333 0.17249503906250002
5 0.67476851875 0.4947916671875 0.6512896833333334 0.4947916671875 0.6512896833333334 0.51240079375 0.67476851875 0.51240079375 0.67476851875 0.4947916671875
4 0.68799603125 0.4144345234375 0.6681547625 0.4144345234375 0.6681547625 0.42906746093750003 0.68799603125 0.42906746093750003 0.68799603125 0.4144345234375
3 0.81332671875 0.2673611109375 0.7895171958333334 0.2673611109375 0.7895171958333334 0.283730159375 0.81332671875 0.283730159375 0.81332671875 0.2673611109375
3 0.78108465625 0.251612103125 0.7605820104166666 0.251612103125 0.7605820104166666 0.2655009921875 0.78108465625 0.2655009921875 0.78108465625 0.251612103125
5 0.8206018520833334 0.2942708328125 0.7931547625 0.2942708328125 0.7931547625 0.31336805624999997 0.8206018520833334 0.31336805624999997 0.8206018520833334 0.2942708328125
5 0.75 0.24020337343749998 0.7304894187500001 0.24020337343749998 0.7304894187500001 0.2558283734375 0.75 0.2558283734375 0.75 0.24020337343749998
5 0.862103175 0.2937748015625 0.8363095229166666 0.2937748015625 0.8363095229166666 0.3138640875 0.862103175 0.3138640875 0.862103175 0.2937748015625
4 0.8624338625 0.31944444375000003 0.8386243395833334 0.31944444375000003 0.8386243395833334 0.3345734125 0.8624338625 0.3345734125 0.8624338625 0.31944444375000003
4 0.8373015875 0.33246527812500004 0.8194444437499999 0.33246527812500004 0.8194444437499999 0.348834325 0.8373015875 0.348834325 0.8373015875 0.33246527812500004
4 0.8260582020833334 0.3142361109375 0.80026455 0.3142361109375 0.80026455 0.3333333328125 0.8260582020833334 0.3333333328125 0.8260582020833334 0.3142361109375
4 0.8113425916666667 0.307663690625 0.7888558208333334 0.307663690625 0.7888558208333334 0.3225446421875 0.8113425916666667 0.3225446421875 0.8113425916666667 0.307663690625
4 0.7779431208333333 0.29737103125000003 0.7541335979166667 0.29737103125000003 0.7541335979166667 0.3144841265625 0.7779431208333333 0.3144841265625 0.7779431208333333 0.29737103125000003
4 0.7387566145833334 0.260788690625 0.7225529104166667 0.260788690625 0.7225529104166667 0.27294146874999997 0.7387566145833334 0.27294146874999997 0.7387566145833334 0.260788690625
5 0.7599206354166667 0.2781498015625 0.7414021166666667 0.2781498015625 0.7414021166666667 0.2930307546875 0.7599206354166667 0.2930307546875 0.7599206354166667 0.2781498015625
4 0.8042328041666666 0.3307291671875 0.7824074083333333 0.3307291671875 0.7824074083333333 0.3461061515625 0.8042328041666666 0.3461061515625 0.8042328041666666 0.3307291671875
4 0.7964616395833333 0.3489583328125 0.7799272479166667 0.3489583328125 0.7799272479166667 0.3613591265625 0.7964616395833333 0.3613591265625 0.7964616395833333 0.3489583328125
4 0.7734788354166666 0.3174603171875 0.7523148145833333 0.3174603171875 0.7523148145833333 0.3323412703125 0.7734788354166666 0.3323412703125 0.7734788354166666 0.3174603171875
4 0.7726521166666667 0.3373015875 0.7528108458333332 0.3373015875 0.7528108458333332 0.35069444375000003 0.7726521166666667 0.35069444375000003 0.7726521166666667 0.3373015875
5 0.7448743395833334 0.38169642812500004 0.7263558208333334 0.38169642812500004 0.7263558208333334 0.3945932546875 0.7448743395833334 0.3945932546875 0.7448743395833334 0.38169642812500004
5 0.7428902125000001 0.397693453125 0.7290013229166666 0.397693453125 0.7290013229166666 0.41009424531249994 0.7428902125000001 0.41009424531249994 0.7428902125000001 0.397693453125
4 0.7331349208333333 0.3971974203125 0.7166005291666667 0.3971974203125 0.7166005291666667 0.4091021828125 0.7331349208333333 0.4091021828125 0.7331349208333333 0.3971974203125
4 0.7213955020833333 0.27442956406249996 0.71345899375 0.27442956406249996 0.71345899375 0.2798859125 0.7213955020833333 0.2798859125 0.7213955020833333 0.27442956406249996
3 0.7546296291666666 0.593998015625 0.7397486770833334 0.593998015625 0.7397486770833334 0.6049107140625 0.7546296291666666 0.6049107140625 0.7546296291666666 0.593998015625
3 0.7341269833333333 0.587549603125 0.71924603125 0.587549603125 0.71924603125 0.5979662703125 0.7341269833333333 0.5979662703125 0.7341269833333333 0.587549603125