3 0.6686557208333334 0.5280360703125 0.5308687395833334 0.5171745750000001 0.515024575 0.630234934375 0.6528115583333334 0.64109643125 0.6686557208333334 0.5280360703125
3 0.49428485833333335 0.380843646875 0.294766575 0.365115984375 0.2735812791666667 0.5162894515625001 0.4730995625 0.5320171140625 0.49428485833333335 0.380843646875
4 0.21472782916666666 0 0.20318889791666667 0.0823391953125 0.34029376875 0.093146921875 0.3533472833333333 0 0.21472782916666666 0
4 0.2923824354166667 0.08070644375 0.16516821458333333 0.070678378125 0.15154653541666668 0.16787959218749998 0.27876075624999996 0.17790765625 0.2923824354166667 0.08070644375
4 0.06731535000000001 0 0.0552183625 0.08632135937499999 0.13707201666666666 0.092773734375 0.15007323333333333 0 0.06731535000000001 0
4 0.15581170833333333 0.091923384375 0.05724626666666666 0.08415365 0.04599045625 0.1644725484375 0.1445559 0.17224228125000002 0.15581170833333333 0.091923384375
5 0.37102836875 0.583711875 0.21959910833333335 0.5717749828125 0.20353986666666665 0.686370096875 0.35496912708333334 0.698306990625 0.37102836875 0.583711875
4 0.5474449625 0.6424887625 0.4464921229166666 0.634530834375 0.4336232208333334 0.7263604015625 0.5345760604166667 0.73431833125 0.5474449625 0.6424887625
4 0.3287940541666667 0.9367587546875 0.32151721041666664 0.9886846671875 0.3897285875 0.9940616453125 0.3970054333333334 0.9421357328125 0.3287940541666667 0.9367587546875
4 0.3005034916666667 0.7166426734375 0.17806406875 0.706990996875 0.16394053958333332 0.8077733078125 0.2863799625 0.8174249843749999 0.3005034916666667 0.7166426734375
4 0.24725828541666667 0.8197720796875 0.16165300416666667 0.813023971875 0.15197444375 0.8820879921874999 0.237579725 0.8888361 0.24725828541666667 0.8197720796875
4 0.25011843125 0.8916348328125 0.18941030625 0.886849321875 0.18166745625 0.9421005375 0.24237558125 0.9468860484375 0.25011843125 0.8916348328125