4 0.5839947083333333 0.4761904765625 0.5224867729166667 0.4761904765625 0.5224867729166667 0.5193452375 0.5839947083333333 0.5193452375 0.5839947083333333 0.4761904765625
4 0.5639880958333333 0.51748511875 0.5163690479166667 0.51748511875 0.5163690479166667 0.5633680562500001 0.5639880958333333 0.5633680562500001 0.5639880958333333 0.51748511875
5 0.53174603125 0.5115327375 0.46296296249999996 0.5115327375 0.46296296249999996 0.5633680562500001 0.53174603125 0.5633680562500001 0.53174603125 0.5115327375
5 0.56167328125 0.43812003906249997 0.4912367729166667 0.43812003906249997 0.4912367729166667 0.48871527812500004 0.56167328125 0.48871527812500004 0.56167328125 0.43812003906249997
5 0.58035714375 0.263516865625 0.5333994708333333 0.263516865625 0.5333994708333333 0.29799107187499996 0.58035714375 0.29799107187499996 0.58035714375 0.263516865625
5 0.5866402125000001 0.294146825 0.5492724875 0.294146825 0.5492724875 0.31349206406249996 0.5866402125000001 0.31349206406249996 0.5866402125000001 0.294146825
5 0.5471230166666667 0.255084325 0.5097552916666667 0.255084325 0.5097552916666667 0.2878224203125 0.5471230166666667 0.2878224203125 0.5471230166666667 0.255084325
5 0.5340608458333332 0.309523809375 0.4950396833333333 0.309523809375 0.4950396833333333 0.3333333328125 0.5340608458333332 0.3333333328125 0.5340608458333332 0.309523809375
5 0.5168650791666667 0.2953869046875 0.48082010625000005 0.2953869046875 0.48082010625000005 0.3268849203125 0.5168650791666667 0.3268849203125 0.5168650791666667 0.2953869046875
5 0.7582671958333334 0.295262896875 0.7304894187500001 0.295262896875 0.7304894187500001 0.317584325 0.7582671958333334 0.317584325 0.7582671958333334 0.295262896875
5 0.9791666666666666 0.0442708328125 0.9543650791666667 0.0442708328125 0.9543650791666667 0.064608134375 0.9791666666666666 0.064608134375 0.9791666666666666 0.0442708328125
4 0.9651124333333333 0.0556795640625 0.9422949729166666 0.0556795640625 0.9422949729166666 0.0740327375 0.9651124333333333 0.0740327375 0.9651124333333333 0.0556795640625
5 0.91898148125 0.01649305625 0.8869047625 0.01649305625 0.8869047625 0.04501488125 0.91898148125 0.04501488125 0.91898148125 0.01649305625