5 1 0.65559550625 0.9509022755741128 0.6594577265625 0.9563335845511481 0.698133578125 1 0.69469860625 1 0.65559550625
4 0.9436781920668059 0.6373873671875 0.9215315657620041 0.6391295078125 0.9242268016701461 0.658322034375 0.9463734279749478 0.65657989375 0.9436781920668059 0.6373873671875
4 0.9854372066805845 0.6270462390625 0.9415324926931106 0.6304999578125 0.9461062275574113 0.6630690953125 0.9900109415448851 0.6596153765625 0.9854372066805845 0.6270462390625
4 1 0.6070841421875001 0.989234509394572 0.6079309984375 0.9931548517745303 0.635847403125 1 0.6353089359374999 1 0.6070841421875001
5 0.2513751941544885 0.307724853125 0.17250212526096034 0.3139293203125 0.18022030271398748 0.368889740625 0.25909337160751567 0.3626852734375 0.2513751941544885 0.307724853125
5 0.29835130688935285 0.43104109687500003 0.22452922129436326 0.43684823437500003 0.23073643215031314 0.48104920624999997 0.30455851774530274 0.4752420703125 0.29835130688935285 0.43104109687500003
5 0.2969536346555324 0.3189868890625 0.24372402505219207 0.323174140625 0.2503804425887265 0.37057386875 0.30361005010438413 0.3663866171875 0.2969536346555324 0.3189868890625
5 0.2818736659707724 0.2647525796875 0.21737647807933194 0.269826184375 0.22435958872651357 0.31955227812500003 0.2888567787056367 0.31447867500000004 0.2818736659707724 0.2647525796875
4 0.3199818267223382 0.2577857296875 0.2675292964509395 0.261911853125 0.27389985386221294 0.3072760109375 0.32635238622129437 0.3031498875 0.3199818267223382 0.2577857296875
4 0.2468417661795407 0.229287253125 0.19322362004175364 0.23350506875 0.19755233402922756 0.26432943125 0.25117047807933196 0.26011161562499996 0.2468417661795407 0.229287253125
4 0.26985535281837164 0.1889618296875 0.21274037160751566 0.1934547203125 0.2170690835073069 0.2242790828125 0.27418406471816287 0.2197861921875 0.26985535281837164 0.1889618296875
4 0.3194236033402923 0.1894727203125 0.27202205636743215 0.1932015140625 0.2774125281837161 0.23158656875 0.32481407724425887 0.227857775 0.3194236033402923 0.1894727203125
4 0.14906402505219207 0.18479236875 0.09894271607515658 0.188735109375 0.1023321795407098 0.21287116562500003 0.15245349060542798 0.2089284265625 0.14906402505219207 0.18479236875
4 0.11249674530271399 0.060069306249999996 0.10800468475991648 0.0280817609375 0.0547750751565762 0.0322690125 0.05926713569937369 0.0642565578125 0.11249674530271399 0.060069306249999996
4 0.13144524425887266 0.0481414484375 0.07976978496868477 0.0522064453125 0.08413933402922755 0.083321603125 0.13581479331941543 0.0792566078125 0.13144524425887266 0.0481414484375
4 0.15808862212943633 0.0560418578125 0.15365781628392483 0.0244905046875 0.10198235908141963 0.0285555 0.10641316283924844 0.060106853125000005 0.15808862212943633 0.0560418578125
4 0.502290006263048 0.08600322031249999 0.44867185803757825 0.0902210359375 0.4544298643006263 0.1312232546875 0.5080480104384134 0.1270054390625 0.502290006263048 0.08600322031249999
5 0.48263267223382045 0.113863284375 0.4255176910229645 0.1183561734375 0.4322966200417536 0.166628290625 0.4894116012526096 0.16213539999999999 0.48263267223382045 0.113863284375
5 0.5029106576200417 0.149166175 0.4407446931106472 0.15405639531249998 0.448585382045929 0.2098892046875 0.5107513465553236 0.20499898437500003 0.5029106576200417 0.149166175
5 0.5638037536534447 0.0708740171875 0.49736387682672234 0.076100440625 0.5045920104384133 0.12757131093750002 0.5710318872651357 0.12234488750000001 0.5638037536534447 0.0708740171875
4 0.5666536513569937 0.0352218359375 0.5079845198329854 0.03983698125 0.514722611691023 0.0878183015625 0.5733917411273487 0.08320315625 0.5666536513569937 0.0352218359375
3 0.7754760167014614 0.09700124375 0.7358452150313152 0.100118759375 0.7406231336116911 0.1341418765625 0.7802539373695199 0.1310243609375 0.7754760167014614 0.09700124375
3 0.789889745302714 0.15907918125 0.7514245553235909 0.1621050046875 0.7558349415448852 0.1935109578125 0.794300133611691 0.190485134375 0.789889745302714 0.15907918125
3 0.7787271899791233 0.1467268984375 0.7445359081419625 0.1494165203125 0.7482929039665971 0.176169740625 0.7824841858037579 0.17348011875 0.7787271899791233 0.1467268984375
5 0.8051326409185803 0.070412653125 0.7612279290187891 0.073866371875 0.7659241732776618 0.1073078984375 0.8098288872651357 0.10385417968749999 0.8051326409185803 0.070412653125
5 0.843051114822547 0.1390208515625 0.8041973862212944 0.1420772390625 0.8082810772442588 0.1711568265625 0.8471348058455115 0.1681004375 0.843051114822547 0.1390208515625
5 0.8144077891440501 0.2091899578125 0.7708916137787056 0.2126131125 0.7751386513569937 0.24285588281249998 0.8186548267223382 0.239432728125 0.8144077891440501 0.2091899578125
4 0.7110015365344468 0.140000128125 0.6709821962421711 0.14314820781249998 0.6750658872651357 0.17222779531250001 0.7150852275574112 0.169079715625 0.7110015365344468 0.140000128125
4 0.7402042630480167 0.13255778125 0.7017390709812109 0.1355836046875 0.706067782881002 0.1664079671875 0.744532974947808 0.16338214375 0.7402042630480167 0.13255778125
4 0.8116910730688935 0.09753351875 0.7751685678496869 0.1004065234375 0.7784355198329853 0.12367019374999999 0.8149580271398748 0.1207971890625 0.8116910730688935 0.09753351875