3 0.24676271816283926 0.48567053906249996 0.43163272442588724 0.458775371875 0.3956976346555323 0.320411725 0.21082762839248434 0.34730689375 0.24676271816283926 0.48567053906249996
3 0.45764720459290187 0.48775572343749996 0.6549539227557412 0.45905124375 0.6167320542797494 0.31188263906249997 0.41942533820459293 0.34058711875 0.45764720459290187 0.48775572343749996
3 0.22556011482254698 0.6410926953125 0.44471510438413364 0.6092096953125 0.4032917473903967 0.449714146875 0.18413675574112734 0.481597146875 0.22556011482254698 0.6410926953125
3 0.45666295615866387 0.591415359375 0.642877471816284 0.5643245890624999 0.6138027181628393 0.4523758203125 0.42758820041753653 0.47946659062499997 0.45666295615866387 0.591415359375
5 0.47644187473903965 0.7165954375 0.67610148434238 0.6875486546875 0.6359848580375783 0.5330845109375 0.43632524843423803 0.56213129375 0.47644187473903965 0.7165954375
5 0.30178985177453027 0.70023199375 0.46111418580375785 0.6770532484375 0.4334768350730689 0.5706390265625 0.27415250104384137 0.593817771875 0.30178985177453027 0.70023199375
5 0.5038505469728601 0.8221291640624999 0.6712419394572025 0.7977768125 0.6389656951983299 0.6735010984375001 0.4715743027139875 0.6978534515625 0.5038505469728601 0.8221291640624999
4 0.3847839248434238 0.81765135 0.522259987473904 0.797651125 0.49259720459290185 0.6834382234375 0.3551211419624217 0.7034384499999999 0.3847839248434238 0.81765135
4 0.3245023173277662 0.916622803125 0.49962463465553236 0.8911457437499999 0.46434291231732777 0.7552977984375 0.2892205929018789 0.780774859375 0.3245023173277662 0.916622803125
4 0.43850031524008354 0.962696328125 0.5850518141962422 0.9413757953124999 0.5515341774530271 0.8123202468749999 0.40498267640918584 0.83364078125 0.43850031524008354 0.962696328125
3 0.773282987473904 0 0.791078739039666 0.06852035625 0.8934294989561586 0.053630212499999996 0.8795009373695198 0 0.773282987473904 0
3 0.8248903924843424 0.19870796875000002 0.927241152400835 0.1838178265625 0.8971863486430062 0.068095503125 0.7948355887265136 0.082985646875 0.8248903924843424 0.19870796875000002