4 0.9584935895833334 0.00048076875000000005 0.8543269229166667 0.00048076875000000005 0.8543269229166667 0.026201923437500003 0.9584935895833334 0.026201923437500003 0.9584935895833334 0.00048076875000000005
4 0.96891025625 0.003125 0.9038461541666667 0.003125 0.9038461541666667 0.053365384375000005 0.96891025625 0.053365384375000005 0.96891025625 0.003125
4 0.9399038458333333 0 0.9399038458333333 0.0860576921875 0.9985576916666666 0.0860576921875 0.9985576916666666 0 0.9399038458333333 0
4 0.93044871875 0.0493990390625 0.8378205125 0.0493990390625 0.8378205125 0.12439903906250001 0.93044871875 0.12439903906250001 0.93044871875 0.0493990390625
4 0.9193910249999999 0.14110576875 0.85080128125 0.14110576875 0.85080128125 0.1891826921875 0.9193910249999999 0.1891826921875 0.9193910249999999 0.14110576875
4 0.99919871875 0.150240384375 0.9671474354166667 0.150240384375 0.9671474354166667 0.17764423125 0.99919871875 0.17764423125 0.99919871875 0.150240384375
4 0.9580128208333334 0.1978365390625 0.91891025625 0.1978365390625 0.91891025625 0.225721153125 0.9580128208333334 0.225721153125 0.9580128208333334 0.1978365390625
4 0.9072115375 0.212259615625 0.8594551291666667 0.212259615625 0.8594551291666667 0.24423076875 0.9072115375 0.24423076875 0.9072115375 0.212259615625
4 0.99919871875 0.193509615625 0.9764423083333333 0.193509615625 0.9764423083333333 0.2240384609375 0.99919871875 0.2240384609375 0.99919871875 0.193509615625
4 0.9980769229166667 0.24326923125 0.96891025625 0.24326923125 0.96891025625 0.2704326921875 0.9980769229166667 0.2704326921875 0.9980769229166667 0.24326923125
5 0.6157051291666666 0.24807692343749999 0.48044871875 0.24807692343749999 0.48044871875 0.35504807656250004 0.6157051291666666 0.35504807656250004 0.6157051291666666 0.24807692343749999
5 0.5049679479166667 0.2909855765625 0.3854166666666667 0.2909855765625 0.3854166666666667 0.3905048078125 0.5049679479166667 0.3905048078125 0.5049679479166667 0.2909855765625
4 0.7044871791666666 0.32319711562500003 0.5846153854166667 0.32319711562500003 0.5846153854166667 0.4109375 0.7044871791666666 0.4109375 0.7044871791666666 0.32319711562500003
4 0.5822115375 0.35240384687500004 0.4408653854166667 0.35240384687500004 0.4408653854166667 0.46514423125000004 0.5822115375 0.46514423125000004 0.5822115375 0.35240384687500004
4 0.48381410208333336 0.404447115625 0.42387820416666666 0.404447115625 0.42387820416666666 0.4734375 0.48381410208333336 0.4734375 0.48381410208333336 0.404447115625
4 0.6480769229166667 0.415384615625 0.5602564104166666 0.415384615625 0.5602564104166666 0.48870192343749996 0.6480769229166667 0.48870192343749996 0.6480769229166667 0.415384615625
4 0.6020833333333333 0.4646634609375 0.45881410208333334 0.4646634609375 0.45881410208333334 0.5704326921875 0.6020833333333333 0.5704326921875 0.6020833333333333 0.4646634609375
3 0.41378205208333335 0.6740384609375 0.29903846250000005 0.6740384609375 0.29903846250000005 0.7644230765625 0.41378205208333335 0.7644230765625 0.41378205208333335 0.6740384609375
5 0.5200320520833334 0.7271634609375 0.41041666666666665 0.7271634609375 0.41041666666666665 0.83076923125 0.5200320520833334 0.83076923125 0.5200320520833334 0.7271634609375
4 0.39310897499999997 0.7641826921875 0.27612179583333335 0.7641826921875 0.27612179583333335 0.856971153125 0.39310897499999997 0.856971153125 0.39310897499999997 0.7641826921875
4 0.42179487083333334 0.8183894234375 0.32788461458333334 0.8183894234375 0.32788461458333334 0.8998798078125001 0.42179487083333334 0.8998798078125001 0.42179487083333334 0.8183894234375
4 0.4166666666666667 0.8903846156249999 0.336858975 0.8903846156249999 0.336858975 0.9322115390624999 0.4166666666666667 0.9322115390624999 0.4166666666666667 0.8903846156249999
4 0.41602564166666667 0.9042067312500001 0.311858975 0.9042067312500001 0.311858975 0.9924278843750001 0.41602564166666667 0.9924278843750001 0.41602564166666667 0.9042067312500001
4 0.4782051291666667 0.941466346875 0.3967948708333333 0.941466346875 0.3967948708333333 0.9996394234375 0.4782051291666667 0.9996394234375 0.4782051291666667 0.941466346875