3 0.07609641874999999 0.46600285625 0.31618404166666664 0.41775439218750005 0.25287981666666665 0.2405634546875 0.012792193750000002 0.2888119171875 0.07609641874999999 0.46600285625
5 0.47898387708333334 0.370612309375 0.7190715020833333 0.3223638453125 0.65548716875 0.144388875 0.41539954583333333 0.1926373390625 0.47898387708333334 0.370612309375
4 0.2772977541666667 0.543074021875 0.46267745833333335 0.505819765625 0.41328522291666664 0.3675690171875 0.22790551875 0.40482327500000004 0.2772977541666667 0.543074021875
4 0.5540648729166667 0.5520190859375 0.7547767333333333 0.5116836499999999 0.7052911291666667 0.3731715578125 0.50457926875 0.41350699375 0.5540648729166667 0.5520190859375
3 1 0.463174803125 0.9810689583333333 0.41018609687499996 0.8368073083333333 0.439177190625 0.87144723125 0.5361356546875 1 0.5103014453125 1 0.463174803125
4 0.41339333125 0.7410702328125 0.5810016708333333 0.7073873421875 0.5360911520833334 0.5816810875 0.36848281041666664 0.6153639765625 0.41339333125 0.7410702328125
4 0.6082417354166666 0.7397275999999999 0.75877563125 0.7094760234375 0.7166661833333333 0.591610075 0.5661322875 0.6218616515625001 0.6082417354166666 0.7397275999999999
4 0.60950539375 0.82532650625 0.7297234354166666 0.8011672609374999 0.69527025 0.704731484375 0.5750522083333334 0.7288907296875 0.60950539375 0.82532650625
4 0.5054276916666667 0.8941404875 0.6559615854166666 0.8638889109375001 0.6135720312499999 0.7452389328125 0.46303813541666666 0.775490509375 0.5054276916666667 0.8941404875
4 0.6028250791666667 0.8766681296875 0.6686836583333334 0.8634330640625001 0.6493562625 0.8093349453125 0.5834976833333333 0.8225700109374999 0.6028250791666667 0.8766681296875
4 0.5106498958333333 0.933846621875 0.6029912895833333 0.9152895203125 0.5778750125 0.8449880999999999 0.48553361875 0.8635452015625 0.5106498958333333 0.933846621875
4 0.6232932541666667 0.9757743046874999 0.6685928083333333 0.9666708203125 0.6551476625 0.9290373484375 0.6098481104166668 0.9381408328124999 0.6232932541666667 0.9757743046874999
3 1 0.860855596875 0.9783675583333333 0.86520289375 0.9958275729166667 0.9140741421874999 1 0.91323564375 1 0.860855596875
5 1 0.89208755 0.9514931958333332 0.9018355703125 0.959849725 0.9252258187500001 1 0.9171571437500001 1 0.89208755
3 0.35073856666666664 0.77424933125 0.42809626458333333 0.7587033828124999 0.40914234375 0.7056506375 0.3317846479166667 0.7211965874999999 0.35073856666666664 0.77424933125
4 0.17794202083333335 0.8477696984374999 0.2549512583333333 0.8322937765624999 0.23114214791666668 0.7656511671875 0.15413291041666666 0.7811270890625 0.17794202083333335 0.8477696984374999
4 0.1670805625 0.740010365625 0.23886292916666668 0.7255848453125 0.22037585625 0.67383881875 0.14859348749999998 0.6882643390625 0.1670805625 0.740010365625
5 0.4214871708333333 0.7527487703125 0.475498175 0.7418946156249999 0.46308008958333335 0.707135921875 0.40906908541666664 0.717990075 0.4214871708333333 0.7527487703125
4 0.44678659583333336 0.79220159375 0.50010068125 0.78148749375 0.4866555375 0.7438540203125 0.43334145 0.7545681203125 0.44678659583333336 0.79220159375
4 0.23083439166666667 0.8494650640625 0.2810123583333333 0.83938120625 0.2682207958333333 0.8035771359374999 0.21804283125 0.8136609953124999 0.23083439166666667 0.8494650640625
4 0.291665525 0.75839015 0.33173820416666666 0.7503370687500001 0.3185731666666667 0.713487625 0.27850048541666667 0.72154070625 0.291665525 0.75839015
4 0.37506922708333335 0.8036729265625 0.43570093541666666 0.7914882640625 0.42066851666666666 0.7494119484375 0.36003680833333335 0.7615966125 0.37506922708333335 0.8036729265625