4 0.40370620416666664 0.0970833015625 0.3827147833333333 0.0077971046875000005 0.21587835416666667 0.029860428124999998 0.236869775 0.11914662499999999 0.40370620416666664 0.0970833015625
4 0.54366749375 0.0044019796875 0.37142745208333333 0.0271799046875 0.4035845229166667 0.16395875937499998 0.5758245645833333 0.141180834375 0.54366749375 0.0044019796875
4 0.5477554270833332 0.13509899218750002 0.3822699 0.1569836640625 0.41406966875 0.292242753125 0.5795551958333333 0.27035808125 0.5477554270833332 0.13509899218750002
4 0.41208525833333337 0.12013338124999999 0.27057824583333334 0.138847009375 0.2989241083333333 0.2594150359375 0.44043111875 0.2407014078125 0.41208525833333337 0.12013338124999999
4 0.2908722729166667 0.185915990625 0.09228963958333333 0.212177596875 0.12873431875 0.3671936328125 0.32731695208333333 0.34093202499999997 0.2908722729166667 0.185915990625
4 0.5565351479166666 0.300563990625 0.4305635125 0.3172231390625 0.45337121041666667 0.4142348078125 0.5793428479166667 0.397575659375 0.5565351479166666 0.300563990625
4 0.5393253604166667 0.3332661359375 0.37991889166666665 0.3543468828125 0.40844340416666663 0.47567479218750003 0.5678498729166667 0.45459404687499994 0.5393253604166667 0.3332661359375
4 0.41693775625 0.3592451671875 0.32203687291666666 0.37179535625 0.34412997083333335 0.46576749531250006 0.4390308541666667 0.45321730625 0.41693775625 0.3592451671875
4 0.45078881249999997 0.46694078125000005 0.3440675333333333 0.4810541609375 0.36318312708333333 0.56236159375 0.46990440625 0.5482482125 0.45078881249999997 0.46694078125000005
4 0.5812262958333334 0.47149868906250003 0.43431567499999996 0.49092691874999994 0.45992223125000004 0.5998434140625 0.6068328520833333 0.580415184375 0.5812262958333334 0.47149868906250003
4 0.5976930374999999 0.5889366265625 0.47374775625 0.6053277984375 0.49595995416666666 0.6998065265625 0.6199052354166666 0.683415353125 0.5976930374999999 0.5889366265625
4 0.4530887 0.5448568671875 0.3237398083333333 0.561962640625 0.34702391041666664 0.6610006640625 0.4763728 0.6438948890625 0.4530887 0.5448568671875
4 0.46056048541666667 0.6395873421875 0.3484356 0.6544153234375 0.3680871416666667 0.738002403125 0.48021202916666667 0.7231744203125 0.46056048541666667 0.6395873421875
3 0.65999114375 0.593234128125 0.5887310479166667 0.6026579359375 0.600879275 0.6543299484375 0.6721393708333333 0.6449061406250001 0.65999114375 0.593234128125
3 0.8500571645833334 0.80328184375 0.7767707166666666 0.8129736281250001 0.7905267979166666 0.8714845812500001 0.86381324375 0.8617927984374999 0.8500571645833334 0.80328184375
3 0.6230390395833333 0.6567533984375 0.5565071020833333 0.6655519296875 0.5684171270833333 0.716210765625 0.6349490645833333 0.707412234375 0.6230390395833333 0.6567533984375
4 0.5957459020833333 0.7509885671875 0.5359684791666666 0.758893846875 0.5475807541666666 0.8082862093750001 0.6073581770833333 0.8003809296875 0.5957459020833333 0.7509885671875
4 0.49013701875 0.712068034375 0.39287205625 0.7249308625 0.41061799583333336 0.8004125265625 0.5078829583333333 0.7875496984375 0.49013701875 0.712068034375
4 0.50052480625 0.77624781875 0.4502036979166667 0.7829025453125 0.4584216145833333 0.817857140625 0.508742725 0.8112024140624999 0.50052480625 0.77624781875
3 0.14983132708333333 0.6902124749999999 0.07789578333333333 0.6997256078125 0.08962715833333333 0.7496245609375001 0.16156270416666668 0.740111428125 0.14983132708333333 0.6902124749999999
3 0.06861039166666667 0.689853859375 0.03787736458333334 0.6939181546875 0.04948963958333333 0.74331051875 0.08022266666666668 0.739246221875 0.06861039166666667 0.689853859375
3 0.16453330833333332 0.7364539625 0.09529956666666667 0.7456097953125 0.10691184166666666 0.7950021578124999 0.17614558333333333 0.7858463265625 0.16453330833333332 0.7364539625
3 0.09475588958333334 0.7314479609375 0.0481497625 0.7376114 0.060000237500000005 0.788016940625 0.10660636458333334 0.7818535015625 0.09475588958333334 0.7314479609375
3 0.12048371458333333 0.7757089953125 0.059017660416666666 0.7838375875 0.0716422875 0.8375359515625 0.13310834166666666 0.829407359375 0.12048371458333333 0.7757089953125
3 0.27258273541666667 0.4702670578125 0.16957643958333335 0.48388915 0.186369575 0.5553181078125 0.28937587291666667 0.541696015625 0.27258273541666667 0.4702670578125
3 0.27867754166666664 0.759097909375 0.22531690208333333 0.7661546 0.23359437083333334 0.801362490625 0.28695501041666666 0.7943058 0.27867754166666664 0.759097909375