4 0.5211538458333334 0.0918269234375 0.3121794875 0.0918269234375 0.3121794875 0.271634615625 0.5211538458333334 0.271634615625 0.5211538458333334 0.0918269234375
4 0.4967948708333333 0.287259615625 0.274358975 0.287259615625 0.274358975 0.46947115312500004 0.4967948708333333 0.46947115312500004 0.4967948708333333 0.287259615625
4 0.6451923083333334 0.3699519234375 0.5089743583333334 0.3699519234375 0.5089743583333334 0.47644230781249997 0.6451923083333334 0.47644230781249997 0.6451923083333334 0.3699519234375
4 0.9251602562500001 0.4673076921875 0.8245192312499999 0.4673076921875 0.8245192312499999 0.5516826921875 0.9251602562500001 0.5516826921875 0.9251602562500001 0.4673076921875
4 0.7190705125 0.4493990390625 0.5828525645833333 0.4493990390625 0.5828525645833333 0.560697115625 0.7190705125 0.560697115625 0.7190705125 0.4493990390625
4 0.5572115375000001 0.493028846875 0.38830128125 0.493028846875 0.38830128125 0.6170673078125 0.5572115375000001 0.6170673078125 0.5572115375000001 0.493028846875
4 0.7150641020833334 0.5717548078125 0.5916666666666667 0.5717548078125 0.5916666666666667 0.666466346875 0.7150641020833334 0.666466346875 0.7150641020833334 0.5717548078125
4 0.8282051291666667 0.646875 0.7285256416666667 0.646875 0.7285256416666667 0.731490384375 0.8282051291666667 0.731490384375 0.8282051291666667 0.646875
4 0.513141025 0.6668269234374999 0.42980769166666666 0.6668269234374999 0.42980769166666666 0.72764423125 0.513141025 0.72764423125 0.513141025 0.6668269234374999
4 0.5671474354166667 0.6066105765625001 0.45016025625 0.6066105765625001 0.45016025625 0.699158653125 0.5671474354166667 0.699158653125 0.5671474354166667 0.6066105765625001
4 0.3774038458333333 0.5787259609375 0.16650641041666667 0.5787259609375 0.16650641041666667 0.7193509609375 0.3774038458333333 0.7193509609375 0.3774038458333333 0.5787259609375
3 0.10833333333333334 0.5402644234375 0.03429487083333334 0.5402644234375 0.03429487083333334 0.5931490390625 0.10833333333333334 0.5931490390625 0.10833333333333334 0.5402644234375
5 0.15192307708333336 0.6314903843749999 0.08333333333333333 0.6314903843749999 0.08333333333333333 0.684375 0.15192307708333336 0.684375 0.15192307708333336 0.6314903843749999
4 0.25496794791666666 0.7117788468749999 0.07804487083333332 0.7117788468749999 0.07804487083333332 0.84639423125 0.25496794791666666 0.84639423125 0.25496794791666666 0.7117788468749999
4 0.8629807687500001 0.6996394234375 0.7786858979166666 0.6996394234375 0.7786858979166666 0.7681490390625 0.8629807687500001 0.7681490390625 0.8629807687500001 0.6996394234375
4 0.2503205125 0.8289663468749999 0.08557692291666667 0.8289663468749999 0.08557692291666667 0.947716346875 0.2503205125 0.947716346875 0.2503205125 0.8289663468749999
4 0.39182692291666665 0.850841346875 0.27548076875 0.850841346875 0.27548076875 0.9626201921875 0.39182692291666665 0.9626201921875 0.39182692291666665 0.850841346875
4 0.9288461541666667 0.5629807687499999 0.84326923125 0.5629807687499999 0.84326923125 0.62235576875 0.9288461541666667 0.62235576875 0.9288461541666667 0.5629807687499999
4 0.34759615416666667 0.3462740390625 0.24567307708333336 0.3462740390625 0.24567307708333336 0.4628605765625 0.34759615416666667 0.4628605765625 0.34759615416666667 0.3462740390625
4 0.1602564104166667 0.69795673125 0.09903846250000001 0.69795673125 0.09903846250000001 0.742908653125 0.1602564104166667 0.742908653125 0.1602564104166667 0.69795673125
5 0.05993589791666667 0.7100961531250001 0.000641025 0.7100961531250001 0.000641025 0.759615384375 0.05993589791666667 0.759615384375 0.05993589791666667 0.7100961531250001