1 0.2346316784968685 0.732136825 0.3532974154488518 0.7148731546875 0.3324035803757829 0.634424009375 0.21373784133611692 0.6516876796875 0.2346316784968685 0.732136825
2 0 0.4102311890625 0.04149140918580376 0.40419495625 0.032354348643006264 0.36901383125 0 0.373720790625 0 0.4102311890625
0 0.2102080229645094 0.49492564375 0.33216089979123176 0.4771837546875 0.30788060334029227 0.3836954515625 0.1859277244258873 0.40143734062499997 0.2102080229645094 0.49492564375
1 0.18146010229645093 0.4334913453125 0.2741574363256785 0.420005596875 0.25728901878914406 0.355055828125 0.16459168475991648 0.36854157656250003 0.18146010229645093 0.4334913453125
1 0.17467046972860123 0.277969503125 0.254219248434238 0.2663966265625 0.23875653235908142 0.20685934062500003 0.15920775574112733 0.2184322171875 0.17467046972860123 0.277969503125
2 0.27789285386221296 0.298441684375 0.45112510647181625 0.27323959375 0.41636594363256785 0.13940370625 0.2431336910229645 0.16460579687500002 0.27789285386221296 0.298441684375
2 0.4418856889352818 0.26130725 0.5875059707724426 0.240122190625 0.5570917035490606 0.12301578906249999 0.41147142171189977 0.1442008484375 0.4418856889352818 0.26130725
2 0.3295142922755741 0.18459199375 0.4938712693110647 0.16068109218749999 0.4582814634655532 0.023646921874999997 0.29392448643006264 0.0475578234375 0.3295142922755741 0.18459199375
1 0.200363866388309 0.121424084375 0.26840765553235907 0.11152497187499999 0.2549895970772443 0.059860384375 0.18694580793319415 0.06975949687500001 0.200363866388309 0.121424084375
1 1 0.7118105609375001 0.8370974906054279 0.7355098640625 0.8770321899791231 0.889273521875 1 0.8713839796875 1 0.7118105609375001
1 0.7184248559498956 0.7809871187499999 0.8315024572025052 0.76453641875 0.7940596826722338 0.620367615625 0.6809820814196242 0.636818315625 0.7184248559498956 0.7809871187499999
1 0.6298852839248434 0.755315053125 0.6732755260960335 0.749002575 0.6484201691022964 0.653300075 0.6050299269311065 0.659612553125 0.6298852839248434 0.755315053125
1 0.8231347995824635 0.70013716875 0.8980815803757829 0.689233796875 0.8861331189979124 0.6432277125 0.8111863382045928 0.6541310828125 0.8231347995824635 0.70013716875
2 0.27110633194154493 0.49232134375000003 0.3486828267223382 0.48103539843750004 0.3242108413361169 0.38680902968750003 0.24663434655532357 0.398094975 0.27110633194154493 0.49232134375000003
1 0.02931349686847599 0.6489011875 0.0935770751565762 0.639552025 0.0825231503131524 0.59699024375 0.01825957202505219 0.6063394062499999 0.02931349686847599 0.6489011875
1 0.059863526096033404 0.66998846875 0.10358248016701462 0.6636281687500001 0.09361477870563674 0.6252487609374999 0.04989582463465553 0.6316090609375 0.059863526096033404 0.66998846875