2 0.27306663750000004 0.7834192796874999 0.15476800624999998 0.7865175890625 0.15925881458333332 0.8829675265624999 0.27755744583333336 0.8798692171875 0.27306663750000004 0.7834192796874999
1 0.42855221666666665 0.746534015625 0.2830050229166667 0.75034598125 0.2894105166666667 0.8879179859375 0.43495771041666664 0.8841060203125 0.42855221666666665 0.746534015625
1 0.3440837854166666 0.7366441578125 0.24672002291666667 0.739194171875 0.25116441458333333 0.8346472109375 0.34852817708333333 0.832097196875 0.3440837854166666 0.7366441578125
2 0.23494921041666667 0.597146409375 0.16184331458333334 0.5990610953125 0.16434981041666666 0.6528936187500001 0.23745570833333335 0.6509789328125 0.23494921041666667 0.597146409375
0 0.18552994375 0.611166684375 0.12471912916666666 0.6127593546875 0.12681948125 0.657869015625 0.18763029583333332 0.6562763453125 0.18552994375 0.611166684375
1 0.13328298333333333 0.7180856453125 0.08875484583333333 0.7192518625 0.09058830208333334 0.7586293578125 0.13511643958333333 0.757463140625 0.13328298333333333 0.7180856453125
1 0.10484394375 0.7110950953125 0.06696179791666666 0.71208725 0.06837750416666667 0.7424926578125 0.10625965208333334 0.7415005015625 0.10484394375 0.7110950953125
1 0.06256438125 0.7855638203125 0.020362341666666665 0.786669115625 0.021859277083333333 0.81881909375 0.06406131666666666 0.8177137984374999 0.06256438125 0.7855638203125
1 0.08999385833333333 0.7708718265625001 0.05543470625 0.77177695 0.05651389375 0.7949548421875 0.09107304375 0.79404971875 0.08999385833333333 0.7708718265625001
0 0.7475987125 0.27455393125 0.5119983479166667 0.280724440625 0.5199587979166667 0.45169254687500004 0.7555591625000001 0.44552203749999997 0.7475987125 0.27455393125
2 0.38794036875 0.203001571875 0.3434122333333333 0.2041677890625 0.34506002500000005 0.23955768906250002 0.3895881583333333 0.23839147187499998 0.38794036875 0.203001571875
1 0.06507878958333332 0.8431390640625 0.03517183333333333 0.8439223437500001 0.03615818541666667 0.8651064390625001 0.06606514375 0.864323159375 0.06507878958333332 0.8431390640625
1 0.11233968333333334 0.7827630046875 0.08575572083333333 0.7834592546875 0.08676528333333335 0.8051417984375 0.11334924583333333 0.8044455484374999 0.11233968333333334 0.7827630046875