4 0.4131324604166667 0.5182975609375 0.3035530375 0.5008286921875 0.2820473958333333 0.5767107625000001 0.39162681875 0.5941796312500001 0.4131324604166667 0.5182975609375
4 0.5371689166666667 0.55045515625 0.42120296458333334 0.5319681640625 0.3961964041666667 0.6202031265625 0.51216235625 0.6386901203125 0.5371689166666667 0.55045515625
4 0.57632638125 0.46869192968749995 0.47380575625 0.45234835625 0.4530145875 0.5257094265625 0.5555352125 0.542053 0.57632638125 0.46869192968749995
4 0.48476554375 0.3994213953125 0.4155221041666667 0.38838278437499996 0.400303825 0.4420800640625 0.46954726458333335 0.4531186734375 0.48476554375 0.3994213953125
4 0.6036112520833333 0.395970834375 0.51453595625 0.3817706796875 0.4956738645833333 0.44832505312500004 0.5847491604166667 0.46252520781250006 0.6036112520833333 0.395970834375
4 0.5065391791666667 0.3362295609375 0.43326214375000005 0.32454792499999996 0.4167578125 0.3827830015625 0.49003484999999997 0.3944646375 0.5065391791666667 0.3362295609375
4 0.6017922541666666 0.3329702734375 0.5130530916666667 0.3188237046875 0.4939052104166667 0.38638647656249997 0.5826443729166667 0.40053304375 0.6017922541666666 0.3329702734375
4 0.5923835666666667 0.2893119890625 0.5180981291666666 0.27746959531250004 0.503594325 0.328645875 0.5778797604166667 0.34048826718749997 0.5923835666666667 0.2893119890625
4 0.5238392208333333 0.2851038171875 0.47476377291666666 0.2772803359375 0.46168891458333333 0.3234146171875 0.5107643604166666 0.33123809843749996 0.5238392208333333 0.2851038171875
5 0.6430152083333333 0.24639826875 0.6090657541666666 0.240986134375 0.6017781291666666 0.2667003234375 0.6357275812500001 0.2721124578125 0.6430152083333333 0.24639826875
3 0.6759083312499999 0.2462404640625 0.6422950125 0.240881915625 0.6349359375 0.26684820625 0.66854925625 0.2722067546875 0.6759083312499999 0.2462404640625
3 0.7209392270833334 0.1722643015625 0.6940485729166667 0.1679774625 0.6882613395833334 0.1883975546875 0.7151519958333333 0.19268439375 0.7209392270833334 0.1722643015625
3 0.7187720229166668 0.1309461421875 0.6885200375 0.1261234484375 0.6829471479166667 0.1457872390625 0.7131991333333333 0.15060993281249999 0.7187720229166668 0.1309461421875
4 0.7546059708333334 0.31069373749999996 0.7186397208333334 0.30496009062499996 0.7108519624999999 0.33243898125000004 0.7468182124999999 0.33817262812500004 0.7546059708333334 0.31069373749999996
4 0.413047875 0.3221158890625 0.38514881875 0.31766829375 0.3791472458333333 0.33884468437500004 0.4070463 0.3432922796875 0.413047875 0.3221158890625
4 0.4405156979166666 0.30515206093749997 0.41530570833333336 0.30113314999999996 0.41037584374999997 0.31852804218749997 0.43558583333333334 0.322546953125 0.4405156979166666 0.30515206093749997
4 0.45204491458333335 0.3090979375 0.4285155895833333 0.3053469546875 0.42337138333333335 0.3234981453125 0.44690070833333334 0.32724912968750003 0.45204491458333335 0.3090979375
4 0.45968494791666664 0.29081764374999997 0.43884468958333334 0.28749534374999997 0.4338433770833333 0.3051423359375 0.4546836354166667 0.3084646359375 0.45968494791666664 0.29081764374999997
4 0.4121920270833333 0.3040621421875 0.38563750416666664 0.2998288890625 0.38035040416666666 0.31848428125 0.40690492708333337 0.322717534375 0.4121920270833333 0.3040621421875
4 0.40398104375 0.28654854375 0.37910718541666666 0.2825832171875 0.37382008541666667 0.3012386078125 0.3986939416666667 0.30520393437500004 0.40398104375 0.28654854375
4 0.3994991770833333 0.26765325624999997 0.3793311875 0.264438128125 0.3747585583333333 0.2805725203125 0.39492655 0.28378765 0.3994991770833333 0.26765325624999997
4 0.42807863749999997 0.275898178125 0.40925517916666665 0.27289739062499996 0.4054684708333333 0.286258684375 0.42429192916666664 0.289259471875 0.42807863749999997 0.275898178125
4 0.41543295625 0.255437946875 0.39560110000000004 0.252276403125 0.3912428125 0.267654496875 0.41107466875000004 0.27081604062500003 0.41543295625 0.255437946875
4 0.34306121666666667 0.24614029375 0.32726295625 0.2436217765625 0.32319046041666666 0.2579914703125 0.33898871875 0.2605099890625 0.34306121666666667 0.24614029375
4 0.3742956708333333 0.26113222343750003 0.3554722125 0.2581314375 0.3518284 0.27098853125 0.3706518583333333 0.27398931875 0.3742956708333333 0.26113222343750003
3 0.29095570625 0.0723621453125 0.26776251458333333 0.068664746875 0.26218962291666664 0.0883285390625 0.28538281458333337 0.09202593906249999 0.29095570625 0.0723621453125
4 0.31545363541666666 0.0745548578125 0.29629404374999996 0.0715004859375 0.29200720416666665 0.08662647968750001 0.3111667979166667 0.0896808515625 0.31545363541666666 0.0745548578125
4 0.2973706208333333 0.23319138593750002 0.2718244979166667 0.2291188875 0.26732331666666664 0.2450011828125 0.2928694395833333 0.2490736796875 0.2973706208333333 0.23319138593750002
5 0.252351625 0.0839935484375 0.23218363333333333 0.08077841875 0.2277539 0.0964086125 0.24792189166666667 0.099623740625 0.252351625 0.0839935484375