3 0.48885059290187893 0.0991250671875 0.24668985386221295 0.114981703125 0.27082616701461376 0.3214601328125 0.5129869060542798 0.305603496875 0.48885059290187893 0.0991250671875
3 0.6894816012526096 0.1493044703125 0.4612851231732777 0.1642467296875 0.4828886137787056 0.3490576703125 0.7110850918580376 0.3341154125 0.6894816012526096 0.1493044703125
3 0.5600057056367432 0.2953325578125 0.32363502713987474 0.3108100625 0.34497033611691025 0.4933267984375 0.5813410146137787 0.47784929375 0.5600057056367432 0.2953325578125
3 0.49270880375782883 0.4565538875 0.21955421711899792 0.47443999375 0.24369052818371606 0.6809184234375001 0.5168451169102297 0.6630323171875 0.49270880375782883 0.4565538875
5 0.6110168851774531 0.4968404421875 0.442083375782881 0.5079021734375 0.4605878830897704 0.6662023031250001 0.6295213924843424 0.655140571875 0.6110168851774531 0.4968404421875
5 0.6590426409185803 0.33957804375 0.5020298392484343 0.34985920937500004 0.5188954613778706 0.4941391984375 0.6759082609603341 0.48385803281250006 0.6590426409185803 0.33957804375
4 0.8092307098121085 0.4793663421875 0.605556841336117 0.492702865625 0.6236739749478079 0.64768914375 0.8273478434237996 0.6343526203125001 0.8092307098121085 0.4793663421875
4 0.5341282964509395 0.643534928125 0.3256861419624217 0.6571836765625 0.34472701043841336 0.820072215625 0.5531691649269311 0.8064234671875001 0.5341282964509395 0.643534928125
4 0.7948964446764092 0.5960216390624999 0.621875835073069 0.60735099375 0.634778331941545 0.7177277359375 0.8077989436325679 0.70639838125 0.7948964446764092 0.5960216390624999
4 0.6591318789144051 0.6339369718750001 0.5082497286012526 0.6438167046875 0.5233274759916492 0.772801996875 0.674209624217119 0.7629222640625 0.6591318789144051 0.6339369718750001
4 0.6015446972860125 0.746103871875 0.45406846555323593 0.7557605859375001 0.46634520876826724 0.8607841828125 0.6138214384133611 0.85112746875 0.6015446972860125 0.746103871875
4 0.5103416054279749 0.8275934968750001 0.3676336597077244 0.836937984375 0.3821750438413361 0.961334865625 0.5248829895615866 0.9519903781249999 0.5103416054279749 0.8275934968750001
3 0.350068866388309 0.6147459140625 0.23188352818371608 0.6224846671875001 0.24204462004175367 0.7094095375 0.36022995824634657 0.7016707859375 0.350068866388309 0.6147459140625