3 0.765187114822547 0.0033882468749999997 0.763015363256785 0.096508559375 0.9453220605427974 0.09889021875000001 0.9474938121085595 0.00576990625 0.765187114822547 0.0033882468749999997
5 0.9652099540709813 0.06031463124999999 0.9201031440501043 0.059725354687499996 0.9189483736951983 0.10923947656249999 0.9640551858037579 0.109828753125 0.9652099540709813 0.06031463124999999
5 1 0.08089036875 0.9790246534446764 0.080616346875 0.977935496868476 0.12731716875000001 1 0.1276054203125 1 0.08089036875
4 1 0.11606736718749999 0.9513283632567849 0.11543151874999999 0.9502260855949896 0.1626949984375 1 0.16334524687500002 1 0.11606736718749999
5 0.8390173361169102 0.094405875 0.6619731002087682 0.0920929640625 0.658895903966597 0.22403685 0.835940139874739 0.22634976093749998 0.8390173361169102 0.094405875
5 0.9430269269311065 0.124750503125 0.8009404676409186 0.12289428124999999 0.797810782881002 0.257088809375 0.9398972400835073 0.2589450296875 0.9430269269311065 0.124750503125
5 0.8483740375782881 0.225245825 0.6720815803757829 0.22294273593749997 0.6688797223382046 0.3602318953125 0.8451721795407098 0.362534984375 0.8483740375782881 0.225245825
5 0.5865411920668059 0.174547353125 0.4094969561586639 0.1722344421875 0.40551431524008347 0.3430019015625 0.5825585511482255 0.34531481249999996 0.5865411920668059 0.174547353125
4 0.7586788455114822 0.258266084375 0.6481671565762004 0.2568223578125 0.6453917745302713 0.3758250515625 0.7559034634655533 0.3772687796875 0.7586788455114822 0.258266084375
4 0.9620765615866389 0.218851590625 0.8308909164926932 0.21713777812499999 0.8282926868475993 0.32854455625 0.9594783319415449 0.33025836875 0.9620765615866389 0.218851590625
4 0.990955108559499 0.3106890484375 0.8642801440501043 0.30903416250000004 0.8616491085594989 0.4218475921875 0.9883240730688936 0.4235024765625 0.990955108559499 0.3106890484375
4 0.8910828329853863 0.3850852078125 0.8038763298538621 0.3839459390625 0.801960465553236 0.46609437187499997 0.8891669665970773 0.46723363906250004 0.8910828329853863 0.3850852078125
4 0.8151829853862212 0.35862550625 0.7027918475991649 0.357157225 0.7003576471816284 0.461530746875 0.8127487849686847 0.46299902656249997 0.8151829853862212 0.35862550625
5 0.6316070271398747 0.3300555796875 0.4741090751565762 0.3279980234375 0.47054635073068896 0.480760346875 0.6280443027139875 0.48281790312500006 0.6316070271398747 0.3300555796875
5 0.7517317306889353 0.42716561249999996 0.5938578914405009 0.42510314375 0.590531369519833 0.5677375796875 0.7484052108559498 0.569800046875 0.7517317306889353 0.42716561249999996
5 0.45660955114822543 0.3205933015625 0.28520366597077246 0.31835405156249996 0.28153596450939455 0.475617659375 0.45294184759916495 0.47785690937499997 0.45660955114822543 0.3205933015625
4 0.5510322379958246 0.447619778125 0.41759125260960334 0.44587650156249997 0.41457310647181633 0.5752884140625001 0.5480140918580375 0.5770316906249999 0.5510322379958246 0.447619778125
4 0.6230574112734865 0.47093328437500004 0.535099127348643 0.4697841953125 0.5323434300626305 0.5879429 0.6203017139874739 0.5890919890624999 0.6230574112734865 0.47093328437500004
4 0.9009137473903966 0.45528621406249997 0.7731111127348643 0.453616596875 0.7704472713987474 0.5678366765625 0.8982499060542798 0.5695062937500001 0.9009137473903966 0.45528621406249997
4 0.7960381774530271 0.5185010812499999 0.7328886388308977 0.51767609375 0.7301132567849686 0.6366787875 0.7932627954070981 0.637503775 0.7960381774530271 0.5185010812499999
4 0.45998163674321507 0.5065125984375001 0.3423280334029228 0.50497556875 0.33957233611691023 0.6231342718749999 0.45722593736951983 0.6246713015625 0.45998163674321507 0.5065125984375001
4 0.3291403549060543 0.4336050453125 0.17728075574112737 0.4316211484375 0.1741510688935282 0.565815675 0.32601067014613777 0.5677995734375 0.3291403549060543 0.4336050453125
4 0.2991719916492693 0.5497197468749999 0.15144718371607516 0.547789865625 0.14876365762004173 0.6628539375 0.2964884676409186 0.6647838171875 0.2991719916492693 0.5497197468749999
4 0.33013571607515657 0.6246994875 0.2357873006263048 0.6234669171875 0.23400265762004174 0.69998874375 0.32835107306889355 0.7012213140625 0.33013571607515657 0.6246994875
4 0.29048787265135695 0.696364721875 0.21906875365344466 0.6954317 0.217513751565762 0.7621069687500001 0.2889328705636743 0.7630399890625 0.29048787265135695 0.696364721875
4 0.21131560125260962 0.6570578406250001 0.1113288350730689 0.6557516125 0.10950482463465552 0.7339614203125 0.2094915929018789 0.73526765 0.21131560125260962 0.6570578406250001
4 0.2040640521920668 0.6777878875 0.09655948434237996 0.6763834453124999 0.09436148851774531 0.770629078125 0.20186605636743216 0.7720335203124999 0.2040640521920668 0.6777878875
4 0.139478993736952 0.722392825 0.056783173277661796 0.7213124859375 0.055083826722338206 0.79417701875 0.13777964718162838 0.7952573593750001 0.139478993736952 0.722392825
4 0.20905432359081422 0.74595574375 0.13011740083507306 0.744924509375 0.12852303340292276 0.8132877609375001 0.2074599540709812 0.81431899375 0.20905432359081422 0.74595574375
3 0.3150454509394572 0.9976599125 0.31562283716075157 0.9729028515625 0.2810409478079332 0.9724510734375 0.2804635636743215 0.997208134375 0.3150454509394572 0.9976599125
5 0.5008109561586639 0.11010877968749999 0.4384132004175365 0.1092936140625 0.43739621503131526 0.1528998015625 0.4997939728601252 0.1537149671875 0.5008109561586639 0.11010877968749999
3 0.5136595887265136 0.0750996390625 0.4553966221294363 0.074338490625 0.45448461795407097 0.11344339375000001 0.5127475845511482 0.11420454375 0.5136595887265136 0.0750996390625
3 0.5227844530271399 0.0304737078125 0.47692586221294364 0.0298746109375 0.47578421503131524 0.0788260734375 0.5216428058455115 0.079425171875 0.5227844530271399 0.0304737078125