5 0.24267643125 0.4764341390625 0.40980102916666666 0.4698651671875 0.39931585416666665 0.31981335781250003 0.23219125416666667 0.32638232968750003 0.24267643125 0.4764341390625
4 0.40733199583333335 0.4517671765625 0.5171469270833333 0.447450809375 0.51250683125 0.3810470921875 0.4026919 0.38536346093749996 0.40733199583333335 0.4517671765625
4 0.5595288833333334 0.384231521875 0.6923363166666667 0.379011415625 0.6836855979166666 0.2552122375 0.5508781625 0.26043234375 0.5595288833333334 0.384231521875
4 0.4150105666666667 0.5345689453125 0.555367775 0.5290520875 0.5461415395833333 0.397016790625 0.40578433124999996 0.4025336484375 0.4150105666666667 0.5345689453125
4 0.19816106041666667 0.607613809375 0.3378319270833333 0.6021239296875 0.32865964583333335 0.47086076875 0.18898877916666665 0.47635065 0.19816106041666667 0.607613809375
4 0.5901547375 0.5270395437500001 0.7123238500000001 0.522237584375 0.704806175 0.41465326874999997 0.5826370625 0.4194552265625 0.5901547375 0.5270395437500001
4 0.6411852229166667 0.5949749609375 0.7441367229166667 0.5909283656250001 0.7372125500000001 0.4918375484375 0.63426105 0.49588414218750004 0.6411852229166667 0.5949749609375
4 0.4907671604166667 0.572239759375 0.5648922395833333 0.5693262109375 0.5592449916666666 0.4885092859375 0.48511991250000003 0.49142283437499995 0.4907671604166667 0.572239759375
4 0.39623064583333334 0.6425416953124999 0.5135953541666667 0.6379285765625 0.5053582854166667 0.5200491125 0.3879935770833333 0.52466223125 0.39623064583333334 0.6425416953124999
4 0.19721756666666668 0.6827538203125 0.32178888125 0.677857440625 0.31446904166666667 0.5731042921875 0.18989772708333333 0.578000671875 0.19721756666666668 0.6827538203125
4 0.20604450416666667 0.7302817593750001 0.2976713395833333 0.7266802890624999 0.2940743666666667 0.6752045421874999 0.20244753333333335 0.6788060109375 0.20604450416666667 0.7302817593750001
4 0.3122794645833334 0.738752303125 0.40390629791666666 0.735150834375 0.39779144375000003 0.6476420593750001 0.30616461041666665 0.651243528125 0.3122794645833334 0.738752303125
4 0.5295849208333333 0.6205245265625 0.6126324645833333 0.6172602734375 0.6077585645833333 0.547510634375 0.5247110229166666 0.5507748875 0.5295849208333333 0.6205245265625
4 0.5487940166666667 0.6787420703125 0.6212032375 0.675895965625 0.61604158125 0.6020282640625 0.5436323604166666 0.60487436875 0.5487940166666667 0.6787420703125
4 0.6787629958333333 0.6525995499999999 0.7717625166666667 0.6489441265625 0.7658814666666667 0.564781275 0.6728819458333334 0.5684367 0.6787629958333333 0.6525995499999999
4 0.6225530666666667 0.7222983265625 0.6973644895833334 0.7193578015625001 0.69196903125 0.642144178125 0.6171576083333333 0.645084703125 0.6225530666666667 0.7222983265625
4 0.44548471666666667 0.9140474765625 0.48357677083333334 0.9125502359375 0.4809509791666667 0.8749729390625 0.442858925 0.8764701796875001 0.44548471666666667 0.9140474765625
3 0.47119756458333334 0.8757434328124999 0.5168393958333334 0.8739494421874999 0.5139438333333334 0.8325114640625 0.46830200208333334 0.8343054546875001 0.47119756458333334 0.8757434328124999
3 0.4357055458333334 0.87997741875 0.4775724895833333 0.8783318031249999 0.4750366229166667 0.8420413999999999 0.43316967916666665 0.843687015625 0.4357055458333334 0.87997741875
5 0.41189084791666664 0.8518788390625 0.4513555895833333 0.85032764375 0.44883770833333336 0.8142946203125 0.40937296666666667 0.8158458156249999 0.41189084791666664 0.8518788390625