3 0.93039818125 0.1289299203125 0.7633676166666666 0.12236464531249999 0.7547173875 0.2461568 0.9217479520833333 0.2527220765625 0.93039818125 0.1289299203125
3 0.9123909854166666 0.13163725312500002 0.9204824687500001 0.015841240625 0.7759595708333333 0.0101606484375 0.7678680875 0.125956659375 0.9123909854166666 0.13163725312500002
3 1 0.01896674375 0.88435174375 0.014421093749999999 0.8774708791666667 0.11289212500000001 1 0.117708234375 1 0.01896674375
3 0.8124433187500001 0.49951126874999996 0.5944743541666667 0.4909438171875 0.5825130333333333 0.6621205296875 0.8004819958333333 0.6706879812500001 0.8124433187500001 0.49951126874999996
3 0.7417955229166666 0.751235021875 0.5629188208333333 0.7442041234375 0.5529027666666667 0.8875424078125 0.7317794666666667 0.8945733046875001 0.7417955229166666 0.751235021875
3 0.6638442041666667 0.588996828125 0.4498239541666667 0.5805845828125 0.43883526666666667 0.73784208125 0.6528555145833334 0.746254325 0.6638442041666667 0.588996828125
3 0.6274632166666667 0.7243200953125 0.4616172666666667 0.7178013828124999 0.4535464791666667 0.8333012390625001 0.6193924291666666 0.8398199515625 0.6274632166666667 0.7243200953125
3 0.492875275 0.5821282671875 0.3649369708333333 0.577099546875 0.35529341458333336 0.7151070671875 0.48323171875 0.7201357890625 0.492875275 0.5821282671875
4 0.39074204375000005 0.6242921875 0.22292173958333333 0.6176958703125 0.2154510875 0.7246072765625 0.3832713916666667 0.73120359375 0.39074204375000005 0.6242921875
4 0.46134572291666665 0.7131877203125 0.3033972 0.7069794218750001 0.29576099166666664 0.81626005625 0.45370951666666665 0.8224683546874999 0.46134572291666665 0.7131877203125
4 0.57666598125 0.42847473125 0.38712775625 0.4210247734375 0.37698753541666663 0.566139978125 0.5665257604166667 0.5735899359375 0.57666598125 0.42847473125
4 0.6370057791666667 0.3865983703125 0.5070931166666667 0.3814920453125 0.49978801875 0.48603422343749997 0.62970068125 0.49114055 0.6370057791666667 0.3865983703125
4 0.78188941875 0.34745114374999997 0.6038024604166666 0.3404512875 0.5944279291666666 0.4746088140625 0.7725148875 0.48160867031250004 0.78188941875 0.34745114374999997
4 0.5645080020833333 0.2879769640625 0.39510821041666666 0.2813185640625 0.3859820125 0.4119222484375 0.5553818041666666 0.4185806484375 0.5645080020833333 0.2879769640625
4 0.5283973833333333 0.144607434375 0.36571040416666667 0.1382128875 0.35691531458333337 0.264078115625 0.51960229375 0.2704726625 0.5283973833333333 0.144607434375
4 0.7331110395833333 0.2012079609375 0.5759522583333333 0.19503070312499998 0.56759175 0.314676709375 0.72475053125 0.32085396718750003 0.7331110395833333 0.2012079609375
4 0.6824215187499999 0.12764654687500002 0.6908648041666667 0.006815928125 0.5352855083333333 0.000700753125 0.5268422229166666 0.121531371875 0.6824215187499999 0.12764654687500002
4 0.5139620270833334 1 0.5209223875 0.90039131875 0.34599440000000004 0.8935156281250001 0.33894798125 0.9943558890625 0.48254271458333337 1 0.5139620270833334 1