2 0.4246230729166667 0.6595866578125 0.31804999791666666 0.64835325625 0.3031618166666667 0.727804440625 0.4097348916666667 0.7390378421875 0.4246230729166667 0.6595866578125
2 0.5572116520833333 0.5415379 0.34629907083333333 0.519306528125 0.31679177291666666 0.6767730296875001 0.5277043541666667 0.699004403125 0.5572116520833333 0.5415379
1 0.7787936208333334 0.543296559375 0.5560750416666667 0.5198207671875 0.5244152333333333 0.6887741890625 0.7471338145833334 0.7122499796875 0.7787936208333334 0.543296559375
1 0.376337525 0.5448021890625 0.3179456916666667 0.5386473625 0.3100531625 0.5807660625 0.36844499583333334 0.586920890625 0.376337525 0.5448021890625
2 0.51806995 0.384034515625 0.26216694166666665 0.3570608984375 0.23068651041666666 0.5250570765625 0.48658952083333334 0.5520306921875 0.51806995 0.384034515625
0 0.12093744375 0.1044818953125 0.07020355416666665 0.0991342578125 0.058947731249999996 0.15920126875 0.10968161875 0.16454890625000002 0.12093744375 0.1044818953125
1 0.20887095833333333 0.2429684921875 0.07389967083333333 0.2287417578125 0.05932539791666667 0.306517765625 0.19429668541666667 0.32074449843749997 0.20887095833333333 0.2429684921875
1 0.12324166041666666 0.2710363953125 0.039642425 0.262224565625 0.027444879166666665 0.3273171015625 0.11104411666666666 0.33612893125 0.12324166041666666 0.2710363953125
1 0.14636466458333333 0.337777596875 0.08573926458333332 0.3313873375 0.07937142708333332 0.365369471875 0.13999682916666664 0.37175972968750004 0.14636466458333333 0.337777596875
2 0.16338374791666668 0.367635828125 0.1187124 0.3629272171875 0.11288269166666667 0.39403761875 0.15755403958333333 0.39874623124999997 0.16338374791666668 0.367635828125
2 0.29142328333333334 0.20701108906250001 0.19314631875000002 0.1966521453125 0.17906532708333334 0.27179573437500004 0.27734229375 0.28215467968749997 0.29142328333333334 0.20701108906250001
1 1 0.047789026562499996 0.9256633833333333 0.0399535296875 0.9078155041666667 0.13519922499999998 1 0.1449159890625 1 0.047789026562499996