3 0.7 0.22632211562500001 0.55544871875 0.22632211562500001 0.55544871875 0.3219951921875 0.7 0.3219951921875 0.7 0.22632211562500001
3 0.7150641020833334 0.28557692343749996 0.5676282041666667 0.28557692343749996 0.5676282041666667 0.4074519234375 0.7150641020833334 0.4074519234375 0.7150641020833334 0.28557692343749996
3 0.79951923125 0.3515625 0.67419871875 0.3515625 0.67419871875 0.46334134687499995 0.79951923125 0.46334134687499995 0.79951923125 0.3515625
3 0.6907051291666666 0.37920673125 0.5467948708333333 0.37920673125 0.5467948708333333 0.48040865312500003 0.6907051291666666 0.48040865312500003 0.6907051291666666 0.37920673125
3 0.5450320520833334 0.2808894234375 0.38028846250000004 0.2808894234375 0.38028846250000004 0.4109375 0.5450320520833334 0.4109375 0.5450320520833334 0.2808894234375
3 0.48333333333333334 0.35072115312499996 0.35929487083333334 0.35072115312499996 0.35929487083333334 0.449759615625 0.48333333333333334 0.449759615625 0.48333333333333334 0.35072115312499996
3 0.5770833333333333 0.31358173125 0.5049679479166667 0.31358173125 0.5049679479166667 0.4078125 0.5770833333333333 0.4078125 0.5770833333333333 0.31358173125
5 0.7459935895833334 0.45288461562500004 0.6270833333333333 0.45288461562500004 0.6270833333333333 0.5197115390625 0.7459935895833334 0.5197115390625 0.7459935895833334 0.45288461562500004
5 0.39022435833333335 0.34723557656250004 0.22483974375000002 0.34723557656250004 0.22483974375000002 0.4751201921875 0.39022435833333335 0.4751201921875 0.39022435833333335 0.34723557656250004
3 0.7860576916666666 0.483052884375 0.6354166666666666 0.483052884375 0.6354166666666666 0.5969951921875001 0.7860576916666666 0.5969951921875001 0.7860576916666666 0.483052884375
4 0.3586538458333333 0.4590144234375 0.211858975 0.4590144234375 0.211858975 0.569591346875 0.3586538458333333 0.569591346875 0.3586538458333333 0.4590144234375
4 0.47628205208333335 0.525 0.35160256458333333 0.525 0.35160256458333333 0.614903846875 0.47628205208333335 0.614903846875 0.47628205208333335 0.525
4 0.7645833333333333 0.5905048078124999 0.64919871875 0.5905048078124999 0.64919871875 0.6691105765625001 0.7645833333333333 0.6691105765625001 0.7645833333333333 0.5905048078124999
4 0.7831730770833333 0.6371394234375 0.6847756416666667 0.6371394234375 0.6847756416666667 0.683052884375 0.7831730770833333 0.683052884375 0.7831730770833333 0.6371394234375
3 0.43669871875 0.7515625 0.33060897499999997 0.7515625 0.33060897499999997 0.8337740390624999 0.43669871875 0.8337740390624999 0.43669871875 0.7515625
3 0.7785256416666667 0.793509615625 0.7214743583333333 0.793509615625 0.7214743583333333 0.853846153125 0.7785256416666667 0.853846153125 0.7785256416666667 0.793509615625
5 0.36506410208333334 0.736778846875 0.24391025624999998 0.736778846875 0.24391025624999998 0.814903846875 0.36506410208333334 0.814903846875 0.36506410208333334 0.736778846875