4 1 0.1311430546875 0.93229781875 0.1258062140625 0.9115523229166667 0.2738413703125 1 0.28081354062499997 1 0.1311430546875
3 0.13794045833333335 0.33450234375 0.3185547791666667 0.3487398421875 0.3373779125 0.21442222968750002 0.15676359166666665 0.20018473281250002 0.13794045833333335 0.33450234375
3 0.6540671104166667 0.44251049218749994 0.8743098895833333 0.459871828125 0.8973782416666667 0.29526130781250004 0.6771354604166666 0.2778999703125 0.6540671104166667 0.44251049218749994
5 0.01614587291666667 0.41461710781249994 0.16780093333333335 0.42657179999999995 0.18269924375000002 0.3202608390625 0.03104418125 0.308306146875 0.01614587291666667 0.41461710781249994
4 0.15386887291666668 0.454511946875 0.29942725 0.46598604843749997 0.3142855104166667 0.35996086875 0.16872713333333333 0.34848676875 0.15386887291666668 0.454511946875
5 1 0.422538196875 0.8012199770833334 0.4068687296875 0.7795533479166666 0.561476875 0.9917942291666667 0.5782074374999999 1 0.5196529140624999 1 0.422538196875
4 0.10041716041666666 0.567896684375 0.23263903541666667 0.57831949375 0.246095575 0.48229668906249995 0.11387369791666666 0.4718738796875 0.10041716041666666 0.567896684375
4 0.7176196666666667 0.6322968171875 0.8502225854166666 0.6427496625 0.8668830604166666 0.5238642875 0.7342801416666667 0.513411440625 0.7176196666666667 0.6322968171875
4 0.5819043583333333 0.6509259515625 0.7769983083333333 0.6663048515625001 0.7981042479166667 0.5156976578125 0.6030102958333334 0.50031875625 0.5819043583333333 0.6509259515625
4 0.6325442708333333 0.7569133265625 0.8017273083333334 0.7702497171875 0.8183877833333334 0.6513643421875 0.6492047479166666 0.6380279515625 0.6325442708333333 0.7569133265625
4 0.7483778541666666 0.7495747453125 0.8394471 0.75675356875 0.8537046229166666 0.6550151203125 0.762635375 0.6478362984375 0.7483778541666666 0.7495747453125
3 0 0.6858139875 0.07554538958333333 0.69176909375 0.08739996041666667 0.6071775749999999 0 0.6002879953125 0 0.6858139875
3 0 0.7327666015625 0.08866109999999999 0.73975559375 0.09971468333333333 0.6608797203125001 0 0.65301939375 0 0.7327666015625
5 0.006698614583333333 0.7899267156249999 0.11986834791666667 0.7988476796875 0.13144257083333333 0.7162566375 0.018272837500000003 0.7073356734375 0.006698614583333333 0.7899267156249999
4 0.00545714375 0.8468943375 0.09690743333333333 0.8541031968749999 0.10599860625 0.7892306484375 0.014548316666666667 0.7820217890625 0.00545714375 0.8468943375
4 0 0.9140759234375 0.07667619375 0.9201201687499999 0.08624795833333333 0.851818234375 0 0.845019465625 0 0.9140759234375
4 0 0.8678456593749999 0.01716365208333333 0.8691986390625001 0.028697827083333335 0.786893378125 0 0.78463118125 0 0.8678456593749999