4 0.59609165 0.905184178125 0.4772045791666667 0.8829527703125001 0.4466421479166666 0.9748871828125001 0.56552921875 0.9971185890625 0.59609165 0.905184178125
4 0.5921830208333334 0.8119510015625 0.5009870354166667 0.794897715625 0.47824932291666666 0.863294703125 0.5694453083333334 0.8803479875000001 0.5921830208333334 0.8119510015625
3 0.8673431145833334 0.7575198765625 0.67018256875 0.7206516421875 0.6169744812500001 0.88070613125 0.8141350270833333 0.9175743640625 0.8673431145833334 0.7575198765625
3 0.8809376791666667 0.7360908265624999 0.8325705791666667 0.727046371875 0.81903841875 0.7677522703124999 0.8674055187499999 0.776796725 0.8809376791666667 0.7360908265624999
5 0.72416766875 0.551771640625 0.5318069125 0.5158009484375 0.4826492666666667 0.663671359375 0.6750100229166667 0.6996420515625 0.72416766875 0.551771640625
4 0.94994855 0.49193042499999995 0.7413423520833333 0.45292190000000004 0.6930132062500001 0.5983001125 0.9016194041666666 0.6373086375 0.94994855 0.49193042499999995
3 0.6532753854166666 0.4801312765625 0.5613409729166666 0.462939909375 0.5482690895833334 0.5022612546875 0.6402035020833333 0.519452621875 0.6532753854166666 0.4801312765625
4 0.8144948395833332 0.468807059375 0.7192374958333333 0.45099431718750005 0.6881227312499999 0.5445901953125001 0.7833800750000001 0.5624029375 0.8144948395833332 0.468807059375
4 0.7383787125 0.44060271562500003 0.6530901604166667 0.42465409843749996 0.6293398375 0.49609710625 0.7146283895833334 0.5120457234375 0.7383787125 0.44060271562500003
4 0.7437297208333333 0.3838077921875 0.5738910479166666 0.3520486390625 0.53274223125 0.47582780312499995 0.7025809041666666 0.50758695625 0.7437297208333333 0.3838077921875
4 0.5324554041666667 0.35459470937500004 0.4626738625 0.341545840625 0.44545948125 0.393328175 0.5152410229166666 0.40637704531249996 0.5324554041666667 0.35459470937500004
4 0.9340620395833333 0.3126318375 0.7616388645833333 0.2803893921875 0.7213185479166667 0.401676359375 0.8937417229166668 0.433918803125 0.9340620395833333 0.3126318375
4 0.7584298229166666 0.30537818125 0.6295739583333333 0.28128264999999997 0.5988274166666667 0.37377088281250004 0.72768328125 0.39786641562499997 0.7584298229166666 0.30537818125
4 0.9145142708333334 0.22397438906249997 0.7734743270833333 0.1976004828125 0.7388614541666667 0.3017189734375 0.8799013958333333 0.3280928796875 0.9145142708333334 0.22397438906249997
4 0.8228856770833333 0.186398528125 0.7183979708333333 0.16685974374999998 0.6848897625 0.2676553046875 0.78937746875 0.2871940875 0.8228856770833333 0.186398528125
4 0.8947844958333333 0.193078446875 0.8571246145833334 0.1860362 0.8477349520833334 0.21428110937499997 0.8853948333333334 0.22132335625000002 0.8947844958333333 0.193078446875
4 0.7097607520833333 0.26657064531249997 0.5938273958333333 0.244891571875 0.5618841333333333 0.34097964687500004 0.6778174875 0.3626587203125 0.7097607520833333 0.26657064531249997
4 0.6115808354166667 0.23041683750000003 0.50967763125 0.2113613453125 0.48482264166666666 0.2861272828125 0.5867258458333333 0.305182775 0.6115808354166667 0.23041683750000003
4 0.5926711229166667 0.1870268734375 0.4752609104166667 0.16507163281249998 0.44313353541666667 0.2617135296875 0.5605437479166666 0.2836687703125 0.5926711229166667 0.1870268734375
4 0.48744808749999996 0.225734378125 0.4232047625 0.213721134375 0.39687688541666666 0.29291764374999996 0.4611202104166667 0.3049308890625 0.48744808749999996 0.225734378125
3 0.46581777708333333 0.184629859375 0.2956098875 0.152801665625 0.2551975166666667 0.27436554062499996 0.42540540625 0.3061937359375 0.46581777708333333 0.184629859375
4 0.2649484541666667 0.23677619062500002 0.21547371041666666 0.22752461249999997 0.20415088333333334 0.2615846515625 0.253625625 0.2708362296875 0.2649484541666667 0.23677619062500002
5 0.24596182916666667 0.102193128125 0.12449025625 0.07947842968749999 0.08582693958333333 0.195781 0.2072985125 0.2184956984375 0.24596182916666667 0.102193128125
5 0.3751714020833333 0.05326476718749999 0.21419387708333334 0.0231626140625 0.17507028333333335 0.1408497359375 0.3360478083333333 0.170951890625 0.3751714020833333 0.05326476718749999
4 0.5190382708333333 0.0392839359375 0.39239769375000005 0.0156026546875 0.3600862083333333 0.11279837343750002 0.4867267854166667 0.1364796546875 0.5190382708333333 0.0392839359375
4 0.4193483666666667 0.018289323437499998 0.3226141666666667 0.0002004140625 0.2913152916666667 0.0943501125 0.3880494916666667 0.11243902187499999 0.4193483666666667 0.018289323437499998
4 0.39295907916666667 0.0793856703125 0.31136267291666664 0.06412746875 0.2790511875 0.16132318750000002 0.36064759375000005 0.1765813890625 0.39295907916666667 0.0793856703125