3 0.3224206354166667 0.22445436562499999 0.17691798958333335 0.22445436562499999 0.17691798958333335 0.3355654765625 0.3224206354166667 0.3355654765625 0.3224206354166667 0.22445436562499999
3 0.4264219583333333 0.343501984375 0.2954695770833334 0.343501984375 0.2954695770833334 0.439980159375 0.4264219583333333 0.439980159375 0.4264219583333333 0.343501984375
3 0.58151455 0.392237103125 0.46279761875 0.392237103125 0.46279761875 0.48524305625 0.58151455 0.48524305625 0.58151455 0.392237103125
5 0.7286706354166667 0.41207837343750003 0.59904100625 0.41207837343750003 0.59904100625 0.505084325 0.7286706354166667 0.505084325 0.7286706354166667 0.41207837343750003
3 0.7270171958333334 0.30915178593750003 0.58151455 0.30915178593750003 0.58151455 0.4153025796875 0.7270171958333334 0.4153025796875 0.7270171958333334 0.30915178593750003
5 0.4188161375 0.446428571875 0.3424272479166667 0.446428571875 0.3424272479166667 0.5332341265625 0.4188161375 0.5332341265625 0.4188161375 0.446428571875
4 0.30026454999999996 0.341269840625 0.17394179791666667 0.341269840625 0.17394179791666667 0.439980159375 0.30026454999999996 0.439980159375 0.30026454999999996 0.341269840625
4 0.23627645416666668 0.42881944375 0.12814153541666667 0.42881944375 0.12814153541666667 0.5235615078125 0.23627645416666668 0.5235615078125 0.23627645416666668 0.42881944375
4 0.16931216875 0.5187251984375 0.08664021250000001 0.5187251984375 0.08664021250000001 0.5970982140625 0.16931216875 0.5970982140625 0.16931216875 0.5187251984375
4 0.37764550208333336 0.44122023749999995 0.25727513125 0.44122023749999995 0.25727513125 0.5478670640625001 0.37764550208333336 0.5478670640625001 0.37764550208333336 0.44122023749999995
4 0.22503306875 0.56572420625 0.16451719583333332 0.56572420625 0.16451719583333332 0.6366567453124999 0.22503306875 0.6366567453124999 0.22503306875 0.56572420625
4 0.3149801583333333 0.540674603125 0.20750661458333333 0.540674603125 0.20750661458333333 0.6498015875 0.3149801583333333 0.6498015875 0.3149801583333333 0.540674603125
4 0.41054894166666667 0.5403025796875001 0.31299603125 0.5403025796875001 0.31299603125 0.626612103125 0.41054894166666667 0.626612103125 0.41054894166666667 0.5403025796875001
4 0.40294312083333333 0.6640625 0.31795635 0.6640625 0.31795635 0.7352430562500001 0.40294312083333333 0.7352430562500001 0.40294312083333333 0.6640625
4 0.5039682541666667 0.5534474203124999 0.38955026458333336 0.5534474203124999 0.38955026458333336 0.645957340625 0.5039682541666667 0.645957340625 0.5039682541666667 0.5534474203124999
4 0.5590277770833333 0.4609375 0.4422949729166667 0.4609375 0.4422949729166667 0.5482390875 0.5590277770833333 0.5482390875 0.5590277770833333 0.4609375
4 0.5596891541666668 0.5225694437499999 0.455853175 0.5225694437499999 0.455853175 0.5900297625 0.5596891541666668 0.5900297625 0.5596891541666668 0.5225694437499999
4 0.6711309520833333 0.5182291671875 0.56266534375 0.5182291671875 0.56266534375 0.605034721875 0.6711309520833333 0.605034721875 0.6711309520833333 0.5182291671875
4 0.6408730166666667 0.614707340625 0.5426587291666666 0.614707340625 0.5426587291666666 0.7151537703125 0.6408730166666667 0.7151537703125 0.6408730166666667 0.614707340625
4 0.5661375666666667 0.5970982140625 0.48346560833333335 0.5970982140625 0.48346560833333335 0.6657986109375 0.5661375666666667 0.6657986109375 0.5661375666666667 0.5970982140625
4 0.5403439145833333 0.637152778125 0.44279100625 0.637152778125 0.44279100625 0.7331349203124999 0.5403439145833333 0.7331349203124999 0.5403439145833333 0.637152778125
4 0.46858465625 0.646329365625 0.42063492083333337 0.646329365625 0.42063492083333337 0.7326388890625 0.46858465625 0.7326388890625 0.46858465625 0.646329365625
4 0.8191137562499999 0.423487103125 0.7516534395833333 0.423487103125 0.7516534395833333 0.4658978171875 0.8191137562499999 0.4658978171875 0.8191137562499999 0.423487103125
4 0.9594907416666667 0.3500744046875 0.80704365 0.3500744046875 0.80704365 0.4663938484375 0.9594907416666667 0.4663938484375 0.9594907416666667 0.3500744046875
4 0.8778108458333332 0.49268353125 0.7399140208333334 0.49268353125 0.7399140208333334 0.5975942453124999 0.8778108458333332 0.5975942453124999 0.8778108458333332 0.49268353125
4 0.93832671875 0.5345982140625 0.8573082020833334 0.5345982140625 0.8573082020833334 0.5966021828125 0.93832671875 0.5966021828125 0.93832671875 0.5345982140625
4 0.9378306875 0.572792659375 0.80621693125 0.572792659375 0.80621693125 0.6834077375 0.9378306875 0.6834077375 0.9378306875 0.572792659375
4 0.9465939145833333 0.648685515625 0.8513558208333334 0.648685515625 0.8513558208333334 0.730034721875 0.9465939145833333 0.730034721875 0.9465939145833333 0.648685515625