3 0.51863320625 0.2834991234375 0.39959885416666663 0.2881778671875 0.4068769020833333 0.3923329265625 0.5259112541666666 0.38765418125 0.51863320625 0.2834991234375
3 0.331494775 0.26617910624999996 0.21780170625 0.27064790625 0.223700125 0.3550592859375 0.3373931916666667 0.350590484375 0.331494775 0.26617910624999996
5 0.22086928333333333 0.2187371578125 0.09954580833333333 0.22350587812499997 0.10582412291666667 0.313353921875 0.22714759791666667 0.3085852015625 0.22086928333333333 0.2187371578125
5 0.2966234604166667 0.4104389859375 0.18025975208333334 0.41501275781249997 0.18621815208333334 0.5002825578125 0.3025818604166667 0.495708784375 0.2966234604166667 0.4104389859375
4 0.4694608625 0.2395236953125 0.37141012916666666 0.2433776625 0.37498916875 0.2945967703125 0.47303990208333335 0.29074280468749997 0.4694608625 0.2395236953125
4 0.33733996041666664 0.3607784546875 0.26408805208333336 0.3636576828125 0.2679270229166667 0.41859661406250004 0.34117893125 0.41571738593749996 0.33733996041666664 0.3607784546875
4 0.42594399791666665 0.4215672625 0.31759221666666665 0.42582611875 0.3239105208333333 0.51624644375 0.4322623020833333 0.5119875875 0.42594399791666665 0.4215672625
4 0.33539504583333335 0.48624163906250006 0.2526051270833333 0.48949576562499997 0.2570439375 0.5530189062499999 0.33983385416666667 0.5497647796875 0.33539504583333335 0.48624163906250006
5 0.6218598916666667 0.12651006250000002 0.4829864833333334 0.131968596875 0.49108431041666667 0.24785540625000002 0.62995771875 0.24239687031249998 0.6218598916666667 0.12651006250000002
5 0.7921254875 0.23085805937499998 0.66011944375 0.23604666718749998 0.6666576895833334 0.329614534375 0.7986637333333333 0.3244259265625 0.7921254875 0.23085805937499998
5 0.8147435583333333 0.135713790625 0.6880788 0.1406924546875 0.6929175020833332 0.2099383984375 0.8195822583333333 0.20495973437499998 0.8147435583333333 0.135713790625
4 0.8168222104166667 0.06691326875 0.7279279666666666 0.07040733125000001 0.7331065770833334 0.14451766093750001 0.8220008208333333 0.1410235984375 0.8168222104166667 0.06691326875
4 0.7837277020833333 0.313249028125 0.6921628145833334 0.31684806249999997 0.69578184375 0.3686394515625 0.78734673125 0.3650404171875 0.7837277020833333 0.313249028125
4 0.8091090666666666 0.34524790156249996 0.7514994916666667 0.3475122953125 0.7546986333333333 0.3932947375 0.8123082083333333 0.3910303453125 0.8091090666666666 0.34524790156249996
4 0.65688435 0.27734773125 0.5599781770833334 0.281156709375 0.56513679375 0.35498089843749997 0.6620429645833333 0.3511719203125 0.65688435 0.27734773125
4 0.6788682291666667 0.3565360390625 0.5304568083333333 0.3623694734375 0.53833469375 0.4751087390625 0.6867461145833332 0.46927530468749995 0.6788682291666667 0.3565360390625
4 0.3994991666666667 0.2183152625 0.31213100416666667 0.2217493421875 0.3162499 0.2806942359375 0.4036180604166667 0.2772601578125 0.3994991666666667 0.2183152625
4 0.55639234375 0.4214610890625 0.4526188083333333 0.42553999375 0.45779741875 0.4996503234375 0.5615709541666667 0.49557141875 0.55639234375 0.4214610890625
4 0.5716447645833332 0.516551459375 0.47550163333333334 0.5203304453125 0.48008040416666664 0.5858565671875 0.5762235354166666 0.58207758125 0.5716447645833332 0.516551459375
4 0.9377460125 0.2918446578125 0.8618234625 0.2948288578125 0.8655224708333333 0.3477648078125 0.9414450187500001 0.344780609375 0.9377460125 0.2918446578125
4 0.40926893541666665 0.5524871734375 0.31579645 0.5561611875 0.3180758395833333 0.588781178125 0.411548325 0.5851071640625001 0.40926893541666665 0.5524871734375
4 0.5570283604166666 0.5783847078125001 0.44715049791666667 0.5827035484375 0.45276898958333334 0.6631089640625001 0.5626468541666667 0.6587901234375 0.5570283604166666 0.5783847078125001
4 0.6060069645833334 0.6661239921875 0.5388593812500001 0.6687632828125001 0.54269835 0.7237022140625 0.6098459333333334 0.7210629234375 0.6060069645833334 0.6661239921875
4 0.4380715333333333 0.6936704453125 0.375120675 0.69614478125 0.37887966666666667 0.74993915 0.44183052500000003 0.7474648140625 0.4380715333333333 0.6936704453125
4 0.3698050625 0.6775600500000001 0.26336088125 0.6817439281250001 0.2700590854166667 0.7776009171875 0.37650326458333333 0.7734170406249999 0.3698050625 0.6775600500000001
4 0.34411645625 0.7670864875000001 0.2735351916666667 0.7698607421875 0.27807397291666663 0.8348145828125 0.34865523958333333 0.832040328125 0.34411645625 0.7670864875000001
4 0.5773575104166666 0.8200382703125 0.4701502895833333 0.8242521390625 0.47702844583333337 0.9226843921875 0.5842356645833333 0.9184705234375 0.5773575104166666 0.8200382703125
4 0.83337930625 0.703525509375 0.76356108125 0.7062697734375 0.7671801104166666 0.7580611609375 0.8369983354166667 0.7553168968749999 0.83337930625 0.703525509375
4 0.8867394541666667 0.7773201171874999 0.7852550375 0.7813090468749999 0.79143338125 0.8697263906250001 0.8929177958333334 0.8657374609374999 0.8867394541666667 0.7773201171874999
4 0.9629862791666667 0.595568165625 0.8439519270833333 0.6002469109375 0.8504501833333333 0.6932424984375001 0.9694845354166667 0.6885637531250001 0.9629862791666667 0.595568165625