1 0 0.24339716249999999 0.07883354488517745 0.238235159375 0.05921386430062631 0.07039506250000001 0 0.07427237343750001 0 0.24339716249999999
1 0.1275949478079332 0.071381934375 0.12192140501043842 0.022846590625 0.04692854906054279 0.027757107812499997 0.05260209394572025 0.0762924515625 0.1275949478079332 0.071381934375
1 0 0.5163387421875 0.012695060542797496 0.6249409234375001 0.18641039039665971 0.6135660796875 0.16891432567849685 0.4638928421875 0 0.47495331875 0 0.5163387421875
1 0.15793527139874738 0.5870154750000001 0.00939870146137787 0.59674161875 0.015167331941544885 0.646090403125 0.1637039018789144 0.636364259375 0.15793527139874738 0.5870154750000001
1 0.2206924885177453 0.39779783125 0.16345156784968684 0.40154595468750004 0.16833271607515657 0.4433026203125 0.2255736388308977 0.43955449687500003 0.2206924885177453 0.39779783125
1 0.4481246805845512 0.5898717390625 0.33328055323590816 0.597391709375 0.3453883382045929 0.7009699281249999 0.4602324655532359 0.6934499578125 0.4481246805845512 0.5898717390625
1 0.5879706951983299 0.5979276734375001 0.43979641127348645 0.6076300953125 0.45314033194154485 0.7217830546874999 0.6013146158663882 0.7120806328125 0.5879706951983299 0.5979276734375001
1 0.21863135908141965 0.8923290906249999 0.10668550521920668 0.8996592828125 0.11632102087682672 0.9820880234375 0.228266872651357 0.97475783125 0.21863135908141965 0.8923290906249999
1 1 0.720400840625 0.9248430521920668 0.725322103125 0.9320696889352819 0.7871436578125001 1 0.78269559375 1 0.720400840625
1 0.9261383903966597 0.8644442015625 0.8515078204592902 0.8693309953125 0.8581322379958246 0.9260007531250001 0.9327628058455115 0.9211139578124999 0.9261383903966597 0.8644442015625
1 0.9265724405010438 0.9103171765625 0.850855018789144 0.9152751374999999 0.857606217118998 0.973029484375 0.9333236409185804 0.9680715234375 0.9265724405010438 0.9103171765625