1 0.5164941765625 0 0.5211305265624999 0.17739316075156575 0.680853090625 0.16994078705636742 0.676411515625 0 0.5164941765625 0
1 0.710056096875 0 0.711294725 0.04739159707724426 0.8178701671875 0.042418974947807934 0.8167615046875 0 0.710056096875 0
1 0.68293395 0 0.614133284375 0.0032101169102296454 0.619082453125 0.1925721628392484 0.7515284531249999 0.18639246764091857 0.746656896875 0 0.68293395 0
1 0.4885347953125 0.2659988810020877 0.6212619953125 0.2598060647181628 0.6171376890625 0.10200436325678497 0.4844104890625 0.1081971795407098 0.4885347953125 0.2659988810020877
0 0.645406540625 0.5695894133611691 0.8245320218750001 0.5612317348643006 0.819229340625 0.35834383089770355 0.640103859375 0.366701509394572 0.645406540625 0.5695894133611691
0 0.771665225 0.7090906283924843 0.9513531078125 0.7007067098121086 0.9452746640624999 0.46813705636743214 0.76558678125 0.47652097494780793 0.771665225 0.7090906283924843
1 1 0.48833902087682673 0.9995140078125001 0.46974428810020874 0.9255579624999999 0.47319494572025056 0.92806200625 0.5690031231732777 1 0.5656466221294363 1 0.48833902087682673
1 0.6754978171875 0.7244867494780793 0.79810175625 0.718766267223382 0.7938596109375 0.5564559436325678 0.671255671875 0.5621764258872651 0.6754978171875 0.7244867494780793
1 0.7531344875 0.7972281920668058 0.8074064156249999 0.7946959603340292 0.8056879531250001 0.7289452505219207 0.7514160265625 0.7314774822546973 0.7531344875 0.7972281920668058
1 0.1087090078125 0.669113720250522 0.004242579687499999 0.6739879394572025 0.0085141828125 0.8374254175365344 0.1129806125 0.8325511983298539 0.1087090078125 0.669113720250522
0 0.0580503125 0.793734732776618 0.168000175 0.7886046659707724 0.16255019843750002 0.5800809853862213 0.052600334375 0.5852110521920668 0.0580503125 0.793734732776618
2 0.1611428640625 0.7093632839248434 0.26406268437499997 0.7045612275574112 0.25997765625 0.5482623966597077 0.1570578359375 0.5530644551148225 0.1611428640625 0.7093632839248434
2 0.07824102187500001 0.6075257369519832 0.21209302812500003 0.6012804384133612 0.207968721875 0.4434787348643006 0.0741167140625 0.4497240334029228 0.07824102187500001 0.6075257369519832
0 0.2550539453125 0.5106863883089771 0.311575484375 0.5080491941544885 0.30981774375 0.4407956096033403 0.25329620468749997 0.4434328058455115 0.2550539453125 0.5106863883089771
2 1 0.5598158872651358 0.967981040625 0.5613098350730689 0.969895896875 0.6345749123173278 1 0.6331703068893527 1 0.5598158872651358
1 0.4730886734375 1 0.4725702 0.980162521920668 0.4076126078125 0.9831933277661796 0.40805186562499995 1 0.4730886734375 1