5 0.4569519519832986 0.6895655453125 0.30580030688935284 0.70145573125 0.32246765762004176 0.8201423859375 0.47361930271398744 0.8082522000000001 0.4569519519832986 0.6895655453125
3 0.6562129498956158 0.645928878125 0.4604957098121086 0.66132476875 0.48247163048016706 0.8178132609375 0.6781888705636743 0.8024173703124999 0.6562129498956158 0.645928878125
3 0.6201050751565762 0.49041154843749996 0.408789872651357 0.5070344375 0.43162453235908144 0.6696379328125001 0.6429397348643007 0.65301504375 0.6201050751565762 0.49041154843749996
4 0.4160546638830898 0.490585034375 0.2630461169102296 0.5026212906249999 0.2758881732776618 0.5940683859375 0.42889672025052195 0.582032128125 0.4160546638830898 0.490585034375
5 0.605867286012526 0.390362465625 0.42574800208768265 0.40453135937500007 0.4437034613778706 0.53239051875 0.6238227453027141 0.5182216234375 0.605867286012526 0.390362465625
4 0.39534004384133614 0.3778372578125 0.18625312317327763 0.3942848609375 0.20631639874739038 0.5371535749999999 0.4154033194154489 0.5207059703125 0.39534004384133614 0.3778372578125
4 0.5798947432150313 0.3243974609375 0.44099863674321504 0.335323578125 0.4534893903966597 0.42426907968750005 0.592385496868476 0.4133429640625 0.5798947432150313 0.3243974609375
4 0.46225484133611694 0.3356186578125 0.3634677682672234 0.34338963906250003 0.3713915908141962 0.3998144421875 0.47017866388308976 0.3920434609375 0.46225484133611694 0.3356186578125
4 0.4469653319415449 0.26417636875 0.3099261252609603 0.2749564140625 0.3247979311064718 0.380857153125 0.4618371356993737 0.3700771078125 0.4469653319415449 0.26417636875
4 0.5846067035490605 0.3178442453125 0.5040172505219207 0.3241837296875 0.5110823340292275 0.3744935296875 0.5916717870563674 0.36815404531249996 0.5846067035490605 0.3178442453125
3 0.7885567286012527 0.33032479062500003 0.6507747599164927 0.341163265625 0.6643974885177453 0.438169453125 0.8021794572025053 0.4273309796875 0.7885567286012527 0.33032479062500003
3 0.8975657724425887 0.23224317343749998 0.7516134467640919 0.2437243609375 0.7676562588726514 0.3579637390625 0.9136085845511482 0.34648255156249996 0.8975657724425887 0.23224317343749998
5 0.813536369519833 0.19135999374999998 0.6857816617954071 0.2014096828125 0.7007315323590814 0.30786633124999996 0.82848624217119 0.297816640625 0.813536369519833 0.19135999374999998
4 0.6552315344467641 0.153649875 0.5568158434237995 0.161391640625 0.567745254697286 0.2392189546875 0.6661609436325678 0.2314771875 0.6552315344467641 0.153649875
4 0.7678333006263047 0.11992144062500001 0.6779593465553235 0.12699128125 0.6879129164926931 0.197869728125 0.7777868705636743 0.19079988750000001 0.7678333006263047 0.11992144062500001