4 0.7815821586638831 0.0619812625 0.6043713235908141 0.0527067828125 0.5906001148225469 0.2001021609375 0.7678109498956159 0.209376640625 0.7815821586638831 0.0619812625
4 0.6951350647181629 0.191602203125 0.6057077035490606 0.1869219453125 0.593131993736952 0.3215217328125 0.6825593528183715 0.3262019890625 0.6951350647181629 0.191602203125
4 0.6043212943632568 0.18054394375 0.3988356325678497 0.1697896765625 0.38370799582463466 0.33170313125 0.5891936555323591 0.3424573984375 0.6043212943632568 0.18054394375
4 0.7086446200417537 0.4129997625 0.528146012526096 0.40355321406250005 0.5150415240083508 0.543812590625 0.6955401315240084 0.5532591375 0.7086446200417537 0.4129997625
4 0 0.5232865343750001 0.05053934655532359 0.5259315546875001 0.057643359081419626 0.449896209375 0.003723920668058455 0.447074290625 0 0.4869319890625 0 0.5232865343750001
4 0.13074809603340293 0.48252943125 0.04822505636743215 0.4782105171875 0.04305223173277662 0.533576059375 0.12557527139874738 0.5378949734375 0.13074809603340293 0.48252943125
4 0.08405169311064718 0.54561269375 0.008761745302713987 0.5416723296875 0.0055430981210855945 0.5761220015624999 0.08083304592901878 0.5800623640625 0.08405169311064718 0.54561269375
4 0 0.6202172765625 0.07292534446764093 0.6240338859375 0.07910974321503131 0.557841303125 0 0.553701028125 0 0.6202172765625
4 0.49500558246346554 0.5231058453124999 0.30497244258872647 0.5131603 0.29106329227557415 0.6620320937499999 0.4810964321503131 0.6719776390625001 0.49500558246346554 0.5231058453124999
4 0.6477700146137787 0.61368985 0.47581961377870563 0.6046906796875 0.4634967974947808 0.73658370625 0.6354471962421712 0.745582875 0.6477700146137787 0.61368985
4 0.07614422129436325 0.642624134375 0.008087369519832986 0.639062321875 0.0035812651356993733 0.6872918609374999 0.07163811691022964 0.6908536734374999 0.07614422129436325 0.642624134375
4 0.6060273590814196 0.7351413609375 0.45183092066805847 0.727071359375 0.4396460459290188 0.8574879718749999 0.59384248434238 0.8655579734375 0.6060273590814196 0.7351413609375
3 0.4444118037578288 0.7746539 0.2777218329853862 0.7659300390625 0.2649392087682672 0.902744446875 0.4316291795407098 0.9114683078124999 0.4444118037578288 0.7746539