4 1 0.030898329687499997 0.9184133270833333 0.0255448984375 0.91009846875 0.0968243453125 1 0.10272336875000002 1 0.030898329687499997
4 0.9792936229166667 0.144921240625 0.992650825 0.030416103125 0.8201297520833334 0.019095875000000002 0.80677255 0.13360101093750001 0.9792936229166667 0.144921240625
4 0.6745882395833332 0.12103341249999999 0.80855925 0.12982412031249999 0.8184435791666667 0.045090318750000004 0.68447256875 0.036299609375 0.6745882395833332 0.12103341249999999
4 0.6589265708333334 0.2322143453125 0.8627457187500001 0.24558824375000002 0.8827481270833334 0.07411680000000001 0.67892898125 0.06074290156249999 0.6589265708333334 0.2322143453125
4 0.6495174458333334 0.3491419453125 0.8067711666666667 0.359460384375 0.82042890625 0.24237888281250003 0.6631751833333334 0.23206044375 0.6495174458333334 0.3491419453125
4 0.8139951291666667 0.3997410453125 0.9472027729166667 0.4084816640625 0.9589237166666666 0.30800340625 0.825716075 0.2992627875 0.8139951291666667 0.3997410453125
4 0.7066424979166667 0.4397149390625 0.8169491125 0.44695287187500005 0.82676665625 0.362791596875 0.7164600416666667 0.3555536625 0.7066424979166667 0.4397149390625
3 0.4104388333333333 0.7155117359375 0.5665475041666667 0.725755040625 0.57960416875 0.61382626875 0.4234954979166667 0.6035829640625 0.4104388333333333 0.7155117359375
3 0.5387263729166667 0.805994671875 0.78224063125 0.821973225 0.8029109020833334 0.6447765249999999 0.55939664375 0.628797971875 0.5387263729166667 0.805994671875
3 0.19926154791666667 0.7817010015625 0.35384348541666666 0.7918441265625 0.36923766041666667 0.65987695625 0.21465572291666665 0.6497338296875 0.19926154791666667 0.7817010015625
4 0.24217061041666668 0.8276404140625001 0.31430884583333335 0.832373871875 0.32008583541666663 0.7828504 0.2479476 0.778116940625 0.24217061041666668 0.8276404140625001
3 0.32528536875 0.8816986078125 0.5500971250000001 0.89644996875 0.5719361500000001 0.7092340687500001 0.3471243958333333 0.6944827078125 0.32528536875 0.8816986078125
3 0.5680170666666666 1 0.5813711458333334 0.8855216312499999 0.30732218125 0.8675394984375 0.29323033333333337 0.9883424171874999 0.47089271250000003 1 0.5680170666666666 1