3 0.16449381628392484 0.11480684062499999 0.10378004801670146 0.110831315625 0.09826398329853861 0.158019484375 0.15897775156576202 0.161995009375 0.16449381628392484 0.11480684062499999
5 0.103829624217119 0.1724726203125 0.050899672233820456 0.169006778125 0.0467115490605428 0.20483483281249998 0.09964150104384134 0.2083006765625 0.103829624217119 0.1724726203125
3 0.051937045929018794 0.245682009375 0.028001810020876827 0.2441147359375 0.022962442588726515 0.2872249140625 0.046897678496868475 0.2887921890625 0.051937045929018794 0.245682009375
5 0.21215372442588726 0.18851785625 0.16078053653444674 0.18515394999999998 0.15625191440501043 0.2238948546875 0.20762510438413362 0.227258759375 0.21215372442588726 0.18851785625
4 0.23352093528183715 0.23218307500000002 0.21133705845511483 0.2307304796875 0.20908977244258872 0.2499552890625 0.23127364926931107 0.251407884375 0.23352093528183715 0.23218307500000002
4 0.21325372651356994 0.2243986609375 0.1692751649269311 0.2215189546875 0.16546158872651356 0.2541428734375 0.20944015240083508 0.25702258125 0.21325372651356994 0.2243986609375
4 0.16012953235908142 0.244401265625 0.12237802505219206 0.2419293046875 0.11910924634655531 0.2698926640625 0.15686075365344468 0.27236462499999997 0.16012953235908142 0.244401265625
4 0.06730567223382046 0.27692034374999996 0.02449468267223382 0.2741170890625 0.02023845929018789 0.3105277140625 0.06304944885177453 0.31333096875 0.06730567223382046 0.27692034374999996
4 0.03955430271398747 0.29961165625 0.021651526096033404 0.2984393875 0.01742935281837161 0.334558728125 0.03533212943632568 0.3357309984375 0.03955430271398747 0.29961165625
4 0.06852502505219207 0.323522246875 0.02843837160751566 0.32089738125 0.02523769102296451 0.3482781703125 0.06532434655532358 0.3509030375 0.06852502505219207 0.323522246875
4 0.04116064091858038 0.3613549 0.014501070981210855 0.3596092375 0.010959893528183716 0.3899028765625 0.037619463465553234 0.391648540625 0.04116064091858038 0.3613549
5 0.8900691670146138 0.622548215625 0.8110634321503132 0.6173749359375 0.8046280229645094 0.6724278015625 0.8836337578288099 0.6776010796875 0.8900691670146138 0.622548215625
5 0.8690754446764093 0.5052352953125 0.7951291899791231 0.5003933093749999 0.7899536221294363 0.5446686296875 0.863899878914405 0.549510615625 0.8690754446764093 0.5052352953125
5 0.8216274217118997 0.6108755578125 0.7683082818371608 0.60738423125 0.7627581670146137 0.6548636859375 0.8160773068893528 0.6583550125000001 0.8216274217118997 0.6108755578125
5 0.8341625949895616 0.6646757390625 0.7695569185803758 0.6604453718750001 0.763734407098121 0.7102551078125 0.8283400814196242 0.7144854734375 0.8341625949895616 0.6646757390625
4 0.7824027745302714 0.66965168125 0.7298620146137788 0.6662113234375 0.724550248434238 0.71165178125 0.7770910083507306 0.715092140625 0.7824027745302714 0.66965168125
4 0.8463986409185804 0.72271229375 0.7926903089770355 0.7191954828125 0.7890810334029227 0.7500716921875 0.842789363256785 0.753588503125 0.8463986409185804 0.72271229375
4 0.8170299081419624 0.75923964375 0.7598188580375783 0.7554934765625 0.7562095803757828 0.7863696859375 0.8134206304801671 0.7901158546875 0.8170299081419624 0.75923964375
4 0.7596581356993737 0.7434488546875 0.7121768580375784 0.740339790625 0.707682286012526 0.7787894093750001 0.7551635636743215 0.7818984734375001 0.7596581356993737 0.7434488546875
4 0.9267504029227557 0.7868233828125 0.8765447870563675 0.7835359296875 0.8737186555323591 0.8077125828125 0.9239242693110647 0.8110000375 0.9267504029227557 0.7868233828125
3 0.9434623778705636 1 0.9475504446764093 0.9650278953125 0.9144084133611691 0.9628577625 0.9100666680584552 1 0.9434623778705636 1
4 0.9311359436325678 0.93885758125 0.8778168016701461 0.9353662546875 0.872641235908142 0.9796415734374999 0.9259603778705636 0.9831329 0.9311359436325678 0.93885758125
4 0.911581223382046 0.9165908500000001 0.8598188455114822 0.9132014609375 0.8561755177453026 0.9443689531249999 0.907937897703549 0.94775834375 0.911581223382046 0.9165908500000001
4 0.8837981858037579 0.9361981859374999 0.8320358079331941 0.9328087953124999 0.8268602400835073 0.9770841156250001 0.8786226179540709 0.9804735062500001 0.8837981858037579 0.9361981859374999
4 0.5603061670146138 0.8166886124999999 0.5065978371607516 0.8131718015624999 0.5017968162839248 0.8542429874999999 0.5555051482254698 0.8577597984375 0.5603061670146138 0.8166886124999999
5 0.5910590354906055 0.7850948843750001 0.5338479853862214 0.7813487171875 0.528195720250522 0.8297020281249999 0.5854067703549061 0.8334481953124999 0.5910590354906055 0.7850948843750001
5 0.5860986158663883 0.7403026203125 0.5238280876826723 0.736225159375 0.517290528183716 0.7921518796875 0.5795610584551149 0.796229340625 0.5860986158663883 0.7403026203125
5 0.510134605427975 0.8131098734375 0.44358297494780796 0.8087520859374999 0.4375561628392485 0.8603095312500001 0.5041077933194155 0.8646673187499999 0.510134605427975 0.8131098734375
4 0.49005537369519836 0.8506857703125 0.43128756367432153 0.8468376671875 0.4256693486430063 0.8948996921875001 0.4844371586638831 0.8987477953124999 0.49005537369519836 0.8506857703125
3 0.2801151586638831 0.7729527515625 0.24041769519832987 0.77035336875 0.23643387056367432 0.8044337140625 0.27613133402922757 0.8070330968749999 0.2801151586638831 0.7729527515625
3 0.28031857411273486 0.7125020703125 0.2417886847599165 0.709979140625 0.23811130688935284 0.7414379203125 0.27664119832985384 0.74396085 0.28031857411273486 0.7125020703125
3 0.28330101878914404 0.730601746875 0.2490522275574113 0.72835914375 0.2459196471816284 0.7551573640625 0.28016843841336114 0.7573999687499999 0.28330101878914404 0.730601746875
5 0.24843783089770355 0.7956805078125 0.2044592713987474 0.7928008015625 0.20054354488517745 0.8262985765625 0.24452210647181627 0.8291782828125 0.24843783089770355 0.7956805078125
5 0.22313698956158662 0.7269557343749999 0.18421790605427973 0.7244073203125 0.18081292693110648 0.7535358203125 0.21973201043841337 0.756084234375 0.22313698956158662 0.7269557343749999
5 0.27394967640918577 0.6613070140625 0.2303603068893528 0.6584527921875 0.22681912943632568 0.68874643125 0.27040849895615865 0.6916006546875 0.27394967640918577 0.6613070140625
4 0.35417767432150316 0.74492871875 0.3140910229645094 0.7423038515625 0.3106860438413361 0.7714323515625 0.3507726972860125 0.7740572171875 0.35417767432150316 0.74492871875
4 0.32226164926931106 0.74621428125 0.28373175782881 0.7436913515625 0.2801224801670146 0.7745675609375 0.3186523716075157 0.777090490625 0.32226164926931106 0.74621428125
4 0.24032780793319414 0.7778321046875 0.20374387056367432 0.775436596875 0.20101988935281837 0.7987393968750001 0.2376038246346555 0.8011349046875 0.24032780793319414 0.7778321046875