1 0.15641025625 0.0230769234375 0.07820512916666668 0.0230769234375 0.07820512916666668 0.08942307656250001 0.15641025625 0.08942307656250001 0.15641025625 0.0230769234375
1 0.21891025625 0.055168268750000006 0.14743589791666667 0.055168268750000006 0.14743589791666667 0.117427884375 0.21891025625 0.117427884375 0.21891025625 0.055168268750000006
2 0.038942308333333335 0.1282451921875 0.0036858979166666667 0.1282451921875 0.0036858979166666667 0.158533653125 0.038942308333333335 0.158533653125 0.038942308333333335 0.1282451921875
1 0.025160256250000002 0.1902644234375 0.0011217958333333334 0.1902644234375 0.0011217958333333334 0.2219951921875 0.025160256250000002 0.2219951921875 0.025160256250000002 0.1902644234375
0 0.059615385416666666 0.22235576875000002 0.025641024999999998 0.22235576875000002 0.025641024999999998 0.24375 0.059615385416666666 0.24375 0.059615385416666666 0.22235576875000002
0 0.169391025 0.22079326875 0.11490384583333334 0.22079326875 0.11490384583333334 0.2719951921875 0.169391025 0.2719951921875 0.169391025 0.22079326875
2 0.14054487083333334 0.21586538437499997 0.094391025 0.21586538437499997 0.094391025 0.259615384375 0.14054487083333334 0.259615384375 0.14054487083333334 0.21586538437499997
1 0.2875 0.191466346875 0.21858974375 0.191466346875 0.21858974375 0.24603365312499997 0.2875 0.24603365312499997 0.2875 0.191466346875
1 0.24294871875000001 0.228966346875 0.18397435833333334 0.228966346875 0.18397435833333334 0.2765625 0.24294871875000001 0.2765625 0.24294871875000001 0.228966346875
2 0.0947115375 0.2938701921875 0.05176282083333333 0.2938701921875 0.05176282083333333 0.3212740390625 0.0947115375 0.3212740390625 0.0947115375 0.2938701921875
2 0.09326923125 0.31514423125 0.0490384625 0.31514423125 0.0490384625 0.3449519234375 0.09326923125 0.3449519234375 0.09326923125 0.31514423125
1 0.061858975000000004 0.31514423125 0.031410256250000004 0.31514423125 0.031410256250000004 0.34326923125 0.061858975000000004 0.34326923125 0.061858975000000004 0.31514423125
1 0.14663461458333332 0.34663461562500003 0.11714743541666667 0.34663461562500003 0.11714743541666667 0.36610576875 0.14663461458333332 0.36610576875 0.14663461458333332 0.34663461562500003
2 0.30464743541666667 0.331490384375 0.24759615416666667 0.331490384375 0.24759615416666667 0.3735576921875 0.30464743541666667 0.3735576921875 0.30464743541666667 0.331490384375
1 0.29823717916666664 0.36286057656250004 0.23317307708333335 0.36286057656250004 0.23317307708333335 0.41334134687499996 0.29823717916666664 0.41334134687499996 0.29823717916666664 0.36286057656250004
2 0.34358974375 0.36742788437499996 0.2875 0.36742788437499996 0.2875 0.4078125 0.34358974375 0.4078125 0.34358974375 0.36742788437499996
1 0.49455128125 0.377403846875 0.3663461541666667 0.377403846875 0.3663461541666667 0.46610576875 0.49455128125 0.46610576875 0.49455128125 0.377403846875
1 0.46121794791666665 0.4543269234375 0.3407051291666667 0.4543269234375 0.3407051291666667 0.534134615625 0.46121794791666665 0.534134615625 0.46121794791666665 0.4543269234375
1 0.36185897499999997 0.46610576875 0.25641025624999997 0.46610576875 0.25641025624999997 0.54014423125 0.36185897499999997 0.54014423125 0.36185897499999997 0.46610576875
1 0.7796474354166667 0.4912259609375 0.6270833333333333 0.4912259609375 0.6270833333333333 0.5984375 0.7796474354166667 0.5984375 0.7796474354166667 0.4912259609375
1 0.6540064104166666 0.5234375 0.49983974375 0.5234375 0.49983974375 0.6381009609375 0.6540064104166666 0.6381009609375 0.6540064104166666 0.5234375
2 0.400641025 0.597716346875 0.35128205208333335 0.597716346875 0.35128205208333335 0.6313701921875 0.400641025 0.6313701921875 0.400641025 0.597716346875
2 0.58830128125 0.622716346875 0.49823717916666665 0.622716346875 0.49823717916666665 0.6900240390625 0.58830128125 0.6900240390625 0.58830128125 0.622716346875