5 0.8209935895833333 0.0003605765625 0.56201923125 0.0003605765625 0.56201923125 0.1681490390625 0.8209935895833333 0.1681490390625 0.8209935895833333 0.0003605765625
4 0.88798076875 0.16766826875000002 0.7216346145833333 0.16766826875000002 0.7216346145833333 0.2996394234375 0.88798076875 0.2996394234375 0.88798076875 0.16766826875000002
4 0.49567307708333336 0.30793269218749997 0.33605769166666666 0.30793269218749997 0.33605769166666666 0.4699519234375 0.49567307708333336 0.4699519234375 0.49567307708333336 0.30793269218749997
4 0.7237179479166667 0.3896634609375 0.5775641020833333 0.3896634609375 0.5775641020833333 0.496634615625 0.7237179479166667 0.496634615625 0.7237179479166667 0.3896634609375
4 0.6434294875000001 0.464302884375 0.5235576916666667 0.464302884375 0.5235576916666667 0.5385817312500001 0.6434294875000001 0.5385817312500001 0.6434294875000001 0.464302884375
4 0.43317307708333336 0.5074519234375 0.32612179583333334 0.5074519234375 0.32612179583333334 0.5694711531250001 0.43317307708333336 0.5694711531250001 0.43317307708333336 0.5074519234375
4 0.6520833333333333 0.496634615625 0.42676282083333333 0.496634615625 0.42676282083333333 0.665625 0.6520833333333333 0.665625 0.6520833333333333 0.496634615625
4 0.47403846250000004 0.5381009609375 0.3214743583333333 0.5381009609375 0.3214743583333333 0.666947115625 0.47403846250000004 0.666947115625 0.47403846250000004 0.5381009609375
4 0.34118589791666665 0.6001201921875 0.29471153749999995 0.6001201921875 0.29471153749999995 0.6503605765625 0.34118589791666665 0.6503605765625 0.34118589791666665 0.6001201921875
4 0.5923076916666666 0.6578125 0.48044871875 0.6578125 0.48044871875 0.73545673125 0.5923076916666666 0.73545673125 0.5923076916666666 0.6578125
4 0.5003205125 0.64326923125 0.40352564166666666 0.64326923125 0.40352564166666666 0.6939903843749999 0.5003205125 0.6939903843749999 0.5003205125 0.64326923125
4 0.37211538541666667 0.6813701921875001 0.3157051291666667 0.6813701921875001 0.3157051291666667 0.721033653125 0.37211538541666667 0.721033653125 0.37211538541666667 0.6813701921875001
3 0 0.7923076921875001 0.20737179583333332 0.7923076921875001 0.20737179583333332 0.62235576875 0 0.62235576875 0 0.7923076921875001
4 0.6253205125 0.712740384375 0.43557692291666666 0.712740384375 0.43557692291666666 0.8625 0.6253205125 0.8625 0.6253205125 0.712740384375
3 0.999358975 0.7001201921875 0.9625 0.7001201921875 0.9625 0.7948317312500001 0.999358975 0.7948317312500001 0.999358975 0.7001201921875
3 0.99919871875 0.725841346875 0.9408653854166666 0.725841346875 0.9408653854166666 0.8236778843750001 0.99919871875 0.8236778843750001 0.99919871875 0.725841346875
4 0.19262820416666668 0.8735576921874999 0.06987179583333333 0.8735576921874999 0.06987179583333333 0.9826923078125 0.19262820416666668 0.9826923078125 0.19262820416666668 0.8735576921874999
4 0.07051282083333334 0.9080528843750001 0.000641025 0.9080528843750001 0.000641025 0.9996394234375 0.07051282083333334 0.9996394234375 0.07051282083333334 0.9080528843750001