1 0.9940705125 0.11141826875000001 0.8886217958333333 0.11141826875000001 0.8886217958333333 0.1921875 0.9940705125 0.1921875 0.9940705125 0.11141826875000001
1 0.26907051249999997 0.0048076921875 0.181891025 0.0048076921875 0.181891025 0.0826923078125 0.26907051249999997 0.0826923078125 0.26907051249999997 0.0048076921875
1 0.20977564166666665 0.0324519234375 0.09759615416666666 0.0324519234375 0.09759615416666666 0.1134615390625 0.20977564166666665 0.1134615390625 0.20977564166666665 0.0324519234375
1 0.17612179583333332 0.20132211562500002 0.12740384583333333 0.20132211562500002 0.12740384583333333 0.24290865312499998 0.17612179583333332 0.24290865312499998 0.17612179583333332 0.20132211562500002
1 0.13557692291666665 0.18076923125 0.053525641666666665 0.18076923125 0.053525641666666665 0.23317307656250003 0.13557692291666665 0.23317307656250003 0.13557692291666665 0.18076923125
0 0.26410256458333337 0.32764423125 0.17820512916666667 0.32764423125 0.17820512916666667 0.3875 0.26410256458333337 0.3875 0.26410256458333337 0.32764423125
0 0.193108975 0.39326923125 0.144391025 0.39326923125 0.144391025 0.42956730781249997 0.193108975 0.42956730781249997 0.193108975 0.39326923125
0 0.5266025645833333 0.7286057687499999 0.45608974375 0.7286057687499999 0.45608974375 0.781490384375 0.5266025645833333 0.781490384375 0.5266025645833333 0.7286057687499999
0 0.68830128125 0.4829326921875 0.5719551291666666 0.4829326921875 0.5719551291666666 0.5620192312500001 0.68830128125 0.5620192312500001 0.68830128125 0.4829326921875
1 0.7403846145833334 0.5237980765625 0.6237179479166667 0.5237980765625 0.6237179479166667 0.6048076921875001 0.7403846145833334 0.6048076921875001 0.7403846145833334 0.5237980765625
1 0.7136217958333333 0.60048076875 0.60080128125 0.60048076875 0.60080128125 0.6699519234375 0.7136217958333333 0.6699519234375 0.7136217958333333 0.60048076875
1 0.61826923125 0.6219951921875 0.511858975 0.6219951921875 0.511858975 0.70829326875 0.61826923125 0.70829326875 0.61826923125 0.6219951921875
1 0.5253205125 0.627403846875 0.4272435895833333 0.627403846875 0.4272435895833333 0.702403846875 0.5253205125 0.702403846875 0.5253205125 0.627403846875
2 0.6347756416666667 0.5469951921875 0.531891025 0.5469951921875 0.531891025 0.6263221156250001 0.6347756416666667 0.6263221156250001 0.6347756416666667 0.5469951921875
2 0.5333333333333333 0.559375 0.4455128208333334 0.559375 0.4455128208333334 0.6334134609375 0.5333333333333333 0.6334134609375 0.5333333333333333 0.559375