5 0.6656605958333334 0.5675255828125 0.4954888333333333 0.5900299875 0.5292204916666666 0.7335062890625 0.6993922520833333 0.711001884375 0.6656605958333334 0.5675255828125
5 0.5509262395833333 0.61815105 0.4660290166666667 0.629378303125 0.48958129791666666 0.729557021875 0.5744785208333333 0.71832976875 0.5509262395833333 0.61815105
5 0.73239173125 0.55432386875 0.6131583020833333 0.570091921875 0.6390391979166666 0.6801753171875 0.7582726291666667 0.6644072640625 0.73239173125 0.55432386875
4 0.5274965458333333 0.5151841203124999 0.4131682895833333 0.5303034875 0.43698669791666667 0.63161416875 0.5513149541666666 0.6164948015625 0.5274965458333333 0.5151841203124999
4 0.4455605729166667 0.47612379843749997 0.34632515625 0.48924720937500005 0.3655528645833333 0.57103153125 0.46478828333333333 0.5579081203125 0.4455605729166667 0.47612379843749997
4 0.4561202708333333 0.38368908125 0.34594254583333334 0.39825956093750003 0.3720230395833333 0.509191928125 0.48220076458333333 0.49462145 0.4561202708333333 0.38368908125
4 0.7553945083333333 0.386566825 0.6161630666666666 0.4049795203125 0.6479653 0.5402490906249999 0.7871967416666668 0.521836396875 0.7553945083333333 0.386566825
4 0.28680467291666667 0.45699748749999997 0.1800228375 0.47111887656249996 0.20091384375 0.5599779671875 0.3076956791666667 0.545856578125 0.28680467291666667 0.45699748749999997
4 0.30394688124999997 0.41490127968749996 0.25602711666666667 0.421238440625 0.2705310645833333 0.4829304203125 0.31845082916666667 0.47659325937499997 0.30394688124999997 0.41490127968749996
4 0.5720130666666667 0.309859065625 0.4546662416666667 0.325377625 0.48347453958333336 0.44791261093749996 0.6008213666666666 0.4323940515625 0.5720130666666667 0.309859065625
4 0.7577671041666666 0.2791664046875 0.6279686874999999 0.296331628125 0.6555128812500001 0.413489790625 0.7853112979166668 0.39632456875 0.7577671041666666 0.2791664046875
4 0.4990904395833333 0.258664675 0.4051375145833333 0.2710895015625 0.42616158541666666 0.36051457343750004 0.5201145104166667 0.348089746875 0.4990904395833333 0.258664675
4 0.6849779979166667 0.22605772812499997 0.58234669375 0.239630228125 0.6037699541666667 0.33075324375 0.7064012604166667 0.31718074218750003 0.6849779979166667 0.22605772812499997
4 0.6901520624999999 0.2116593875 0.61808375625 0.22119007812499997 0.63491631875 0.29278673125 0.706984625 0.2832560421875 0.6901520624999999 0.2116593875
4 0.7417981916666666 0.15828904531250002 0.66180614375 0.1688676125 0.6799028125 0.2458410921875 0.7598948604166667 0.235262525 0.7417981916666666 0.15828904531250002
5 0.2946611979166667 0.339826375 0.20561344791666666 0.351602515625 0.22204681874999999 0.421501228125 0.3110945708333333 0.40972508750000003 0.2946611979166667 0.339826375
4 0.24271072916666667 0.35880583125 0.20497863125 0.363795721875 0.21515800833333334 0.40709330312500003 0.25289010625 0.4021034125 0.24271072916666667 0.35880583125
4 0.22784522499999998 0.391555490625 0.14068407916666667 0.40308213593750003 0.15858115208333334 0.4792066453125 0.24574229791666669 0.4676799984375 0.22784522499999998 0.391555490625
4 0.20205445208333334 0.33398224375 0.12885418333333334 0.3436626296875 0.14528755416666667 0.413561340625 0.218487825 0.403880953125 0.20205445208333334 0.33398224375
4 0.48320117916666666 0.18694327187499998 0.40735966041666666 0.1969729515625 0.4251236708333333 0.272531478125 0.5009651875 0.2625017984375 0.48320117916666666 0.18694327187499998
4 0.5157744125 0.11450282656249999 0.45917626666666667 0.1219876625 0.47501085000000004 0.18933945624999998 0.5316089979166666 0.181854621875 0.5157744125 0.11450282656249999
4 0.5326244770833334 0.0918492375 0.4862139979166667 0.0979868015625 0.49652643750000003 0.141850365625 0.5429369166666667 0.1357128 0.5326244770833334 0.0918492375
4 0.5055522166666667 0.06274901875 0.45612316875 0.0692857734375 0.46676826875 0.1145642921875 0.5161973166666667 0.1080275359375 0.5055522166666667 0.06274901875
4 0.3281376791666667 0.24392333906250002 0.2719168520833334 0.25135827499999996 0.2878845020833333 0.3192760515625 0.34410532708333336 0.31184111406250004 0.3281376791666667 0.24392333906250002
5 0.32965295 0.2114802390625 0.27909193958333334 0.218166690625 0.29213218541666663 0.273632875 0.34269319583333335 0.266946421875 0.32965295 0.2114802390625
4 0.34222851458333337 0.19960455625 0.2946860708333333 0.2058918171875 0.30499851041666665 0.2497553828125 0.3525409541666667 0.24346812031249998 0.34222851458333337 0.19960455625
3 0.2858227104166666 0.187222284375 0.19036050416666667 0.19984670625 0.21278174375 0.295214584375 0.30824395 0.2825901625 0.2858227104166666 0.187222284375
4 0.25439215416666666 0.1420664421875 0.19364347708333335 0.150100165625 0.20974418958333332 0.2185839234375 0.27049286666666666 0.2105502 0.25439215416666666 0.1420664421875
4 0.23715349166666666 0.1059758859375 0.19564818333333334 0.111464765625 0.20975293958333333 0.1714588 0.2512582479166667 0.16596992187499998 0.23715349166666666 0.1059758859375
4 0.22305368125 0.0790992765625 0.15400394374999998 0.0882307765625 0.16963893333333332 0.1547335984375 0.2386886708333333 0.1456021 0.22305368125 0.0790992765625
5 0.167335175 0.25001566249999996 0.08922973125000001 0.2603447359375 0.1108525875 0.352316725 0.18895803125 0.3419876515625 0.167335175 0.25001566249999996
4 0.16213935833333334 0.20226576718749997 0.07761945833333334 0.213443121875 0.0933875125 0.2805119265625 0.17790741041666666 0.269334571875 0.16213935833333334 0.20226576718749997
4 0.15329153958333333 0.1596674609375 0.07405413541666667 0.17014622968749998 0.09022137916666666 0.23891297812499998 0.16945878333333333 0.22843420937499997 0.15329153958333333 0.1596674609375
3 0.12793781875000002 0.3182522546875 0.06718914166666666 0.326285978125 0.07943100416666667 0.378356271875 0.14017968125 0.37032255 0.12793781875000002 0.3182522546875
3 0.08658375833333333 0.34589711562500003 0.0394186375 0.352134478125 0.04999720416666666 0.397130003125 0.097162325 0.390892640625 0.08658375833333333 0.34589711562500003
5 0.07055775 0.2934518890625 0.03735350416666667 0.2978429921875 0.04839779583333333 0.344819453125 0.08160204166666667 0.34042834843750003 0.07055775 0.2934518890625
3 0.5337228166666667 0.272759221875 0.4993866083333333 0.277300021875 0.5056406041666667 0.30390115 0.5399768125000001 0.29936035 0.5337228166666667 0.272759221875
3 0.5271794416666666 0.25071909375 0.4951071583333333 0.25496050000000003 0.5004962395833333 0.27788274999999996 0.5325685229166667 0.27364134375 0.5271794416666666 0.25071909375
5 0.54401626875 0.2395929328125 0.5183584416666667 0.2429860578125 0.52454590625 0.2693041953125 0.55020373125 0.2659110703125 0.54401626875 0.2395929328125
4 0.5540617791666667 0.2268846796875 0.5321771625 0.2297788171875 0.53710051875 0.2507201296875 0.5589851375 0.24782599374999997 0.5540617791666667 0.2268846796875
4 0.5236541729166667 0.230760046875 0.49724170624999997 0.23425296874999998 0.502032 0.2546283015625 0.52844446875 0.251135378125 0.5236541729166667 0.230760046875
4 0.5458372645833334 0.23409990781249998 0.5228206833333333 0.23714374062500002 0.5274113833333334 0.25667010156250003 0.5504279625 0.2536262671875 0.5458372645833334 0.23409990781249998
4 0.5481071770833333 0.201557009375 0.524713275 0.20465074218749998 0.5288382520833333 0.2221961671875 0.5522321520833333 0.2191024359375 0.5481071770833333 0.201557009375
4 0.5200847041666666 0.20978558125000002 0.5053691875 0.2117316390625 0.5091615041666667 0.227862109375 0.5238770208333333 0.22591605312500002 0.5200847041666666 0.20978558125000002
4 0.8262837687500001 0.451452425 0.7874197083333333 0.4565920109375 0.7943390229166667 0.4860230484375 0.8332030833333334 0.4808834609375 0.8262837687500001 0.451452425
4 0.7878700104166667 0.4221013296875 0.7546657625000001 0.4264924328125 0.7617181416666666 0.45648945156250004 0.7949223875 0.45209834843749996 0.7878700104166667 0.4221013296875