3 0.6554310458333333 0.0421839265625 0.45798876666666666 0.0160731265625 0.41294195833333336 0.20767798124999998 0.6103842375 0.23378878281249998 0.6554310458333333 0.0421839265625
4 0.58601729375 0.24556940468750002 0.41261146666666665 0.22263730937499998 0.37622285000000005 0.37741488749999996 0.5496286770833334 0.4003469828125 0.58601729375 0.24556940468750002
4 0.8209154125 0.2079913609375 0.64991323125 0.1853771359375 0.6139484395833333 0.33835198125 0.7849506229166666 0.3609662046875 0.8209154125 0.2079913609375
4 0.7334269729166666 0.3715453453125 0.5981360895833333 0.3536537703125 0.5667123083333333 0.48731361093750003 0.7020031916666666 0.5052051859375 0.7334269729166666 0.3715453453125
4 0.52631135 0.40841607656249995 0.3745383291666667 0.3883448171875 0.34269072083333335 0.523807390625 0.4944637416666666 0.5438786484375 0.52631135 0.40841607656249995
4 0.6631164291666667 0.4770933484375 0.53640999375 0.460337025 0.5081346458333333 0.580605128125 0.63484108125 0.59736145 0.6631164291666667 0.4770933484375
4 0.5836560916666667 0.5281904765625 0.49403446458333333 0.51633844375 0.47387238541666665 0.6020970703125 0.5634940104166667 0.6139491031250001 0.5836560916666667 0.5281904765625
4 0.5502489229166667 0.5317387515625 0.41324115 0.5136201265625 0.3856318166666667 0.631055359375 0.5226395895833333 0.6491739859375001 0.5502489229166667 0.5317387515625
4 0.4368032875 0.5730306781250001 0.32142831875 0.5577728875 0.2958170291666667 0.6667095203125 0.41119199791666666 0.6819673093749999 0.4368032875 0.5730306781250001
3 0.5143337604166667 1 0.52404025 0.9587138203125001 0.4577683208333333 0.9499496734375 0.44600135625 1 0.5143337604166667 1
3 0.5856756229166666 1 0.5928373395833333 0.9695379203125001 0.5066494916666666 0.9581399875000001 0.4968080916666667 1 0.5856756229166666 1