3 0.4669237333333333 0.32397373749999997 0.7104167375 0.31440304218750004 0.6958789708333334 0.10635522187499999 0.45238596666666664 0.1159259171875 0.4669237333333333 0.32397373749999997
3 0.2754731145833333 0.373093934375 0.50492503125 0.36407513593749996 0.4919128333333333 0.17785949375000001 0.26246091666666665 0.18687829218750002 0.2754731145833333 0.373093934375
3 0.43115545 0.5025772140625 0.6688265395833334 0.4932353546875 0.6559758729166667 0.30933135625 0.4183047833333333 0.318673215625 0.43115545 0.5025772140625
3 0.5297585708333333 0.6801487640625 0.8044159395833332 0.669353128125 0.7898781729166667 0.46130530625 0.5152208041666666 0.47210094375 0.5297585708333333 0.6801487640625
5 0.41636657916666664 0.684090621875 0.5862294895833333 0.67741401875 0.5750838708333333 0.5179106890625 0.4052209583333333 0.5245872921875 0.41636657916666664 0.684090621875
5 0.3383436479166667 0.51845910625 0.49622026458333335 0.5122536328125 0.4860617770833333 0.3668770078125 0.32818515833333334 0.37308247968749997 0.3383436479166667 0.51845910625
4 0.21599052083333334 0.684111153125 0.42078491875 0.6760615390625 0.4098726208333333 0.51989725 0.20507822291666666 0.5279468640625 0.21599052083333334 0.684111153125
4 0.52042344375 0.826677934375 0.7300123583333333 0.8184398671875 0.7185436749999999 0.654313253125 0.5089547624999999 0.6625513187500001 0.52042344375 0.826677934375
4 0.24884609791666668 0.7537760359375001 0.4228185958333333 0.7469379015625 0.41504717291666665 0.6357222140625 0.24107467500000002 0.6425603468750001 0.24884609791666668 0.7537760359375001
4 0.39208157499999996 0.7960512046875 0.5437938145833333 0.790088028125 0.5347121979166667 0.660122353125 0.38299995833333333 0.6660855296875 0.39208157499999996 0.7960512046875
4 0.468516375 0.8775247828125 0.6168039604166666 0.871696215625 0.6094094416666667 0.7658743625 0.46112185833333336 0.7717029296875 0.468516375 0.8775247828125
4 0.5756707229166668 0.9686082 0.7191637875 0.9629680859375 0.71040523125 0.8376256953125001 0.56691216875 0.8432658109375 0.5756707229166668 0.9686082
3 0.6925293812500001 0.70221070625 0.8113649270833334 0.6975397765625 0.8052447083333334 0.6099542125 0.6864091625000001 0.61462514375 0.6925293812500001 0.70221070625