4 0.28226330625 0.3634540765625 0.4168414791666667 0.347467759375 0.39095478958333335 0.224886165625 0.25637661666666667 0.24087248125 0.28226330625 0.3634540765625
4 0.4907191041666667 0.3076245375 0.66823240625 0.286538028125 0.6396599 0.15123825625 0.46214659999999996 0.1723247640625 0.4907191041666667 0.3076245375
4 0.4832402416666667 0.4473454859375 0.6394663791666667 0.42878764374999995 0.6144940104166667 0.31053564218749996 0.45826787291666665 0.329093484375 0.4832402416666667 0.4473454859375
4 0.6007000541666667 0.43436348750000003 0.7111046666666667 0.4212487078125 0.69104676875 0.3262682671875 0.5806421541666666 0.339383046875 0.6007000541666667 0.43436348750000003
4 0.5915797041666667 0.53128433125 0.7196634875 0.5160694734375 0.7008627791666666 0.427042221875 0.5727789958333334 0.44225708125 0.5915797041666667 0.53128433125
4 0.17598644791666668 0.55111016875 0.36684932499999995 0.5284378859375 0.33839111041666664 0.3936793125 0.14752823125 0.4163515953125 0.17598644791666668 0.55111016875
4 0.30713427916666663 0.471593471875 0.42728047708333333 0.4573215046875 0.4081368979166667 0.36667065781249997 0.2879907 0.3809426234375 0.30713427916666663 0.471593471875
4 0.37249043125000003 0.5595286828125 0.5301597666666666 0.5407994046875 0.5065017333333334 0.42877119375 0.34883239791666665 0.4475004703125 0.37249043125000003 0.5595286828125
4 0.2678177125 0.5673856828125 0.37677912916666667 0.5544423375 0.3662644479166667 0.5046520203125 0.25730303125 0.517595365625 0.2678177125 0.5673856828125
4 0.30114118958333336 0.6183500078125 0.42489537916666664 0.6036494546875 0.4096376625 0.5313993765625 0.2858834708333333 0.5460999296875 0.30114118958333336 0.6183500078125
4 0.33421590416666663 0.6812715546875 0.42838454375 0.67008541875 0.4148411770833333 0.6059533265625 0.3206725354166667 0.6171394625 0.33421590416666663 0.6812715546875
4 0.18555369583333334 0.6638413437499999 0.33275985 0.646354971875 0.3124733708333334 0.5502921328125 0.16526721875 0.56777850625 0.18555369583333334 0.6638413437499999
4 0.20072569791666667 0.735685525 0.30896551666666666 0.7228278968749999 0.29262204375 0.645436428125 0.18438222499999998 0.6582940546875 0.20072569791666667 0.735685525
4 0.16610127708333333 0.7442367046875 0.22491157708333331 0.7372507265625 0.20988243958333333 0.6660830468750001 0.15107213958333335 0.673069025 0.16610127708333333 0.7442367046875
4 0.5357021833333333 0.6703745578125 0.6161604500000001 0.6608170546875 0.6034171125000001 0.60047335625 0.5229588458333333 0.610030859375 0.5357021833333333 0.6703745578125
4 0.5842890229166666 0.7428263421875 0.6770144666666666 0.7318116421874999 0.660899575 0.65550256875 0.5681741291666668 0.6665172687500001 0.5842890229166666 0.7428263421875
4 0.666489675 0.710870846875 0.78230628125 0.697113184375 0.7651627791666668 0.6159333218749999 0.6493461729166667 0.629690984375 0.666489675 0.710870846875
4 0.7430321729166667 0.93409069375 0.8285416291666666 0.92393316875 0.8129981854166667 0.85033009375 0.72748873125 0.86048761875 0.7430321729166667 0.93409069375
4 0.6387601187499999 0.84051489375 0.7221047770833333 0.8306145203125 0.7086757 0.767023628125 0.6253310416666668 0.7769240015625 0.6387601187499999 0.84051489375
4 0.5974081895833333 0.9161608859375001 0.6717328645833334 0.9073319812499999 0.6604181520833333 0.853753271875 0.5860934770833333 0.8625821765625 0.5974081895833333 0.9161608859375001
4 0.7280102458333333 0.9487736531250001 0.734267625 0.978404303125 0.8168906854166667 0.968589646875 0.8106333083333334 0.9389589968750001 0.7280102458333333 0.9487736531250001
4 0.8246010270833334 0.7152509359375 0.9039768916666666 0.7058220093750001 0.88849059375 0.6324895328125 0.8091147291666666 0.641918459375 0.8246010270833334 0.7152509359375
3 0.8589362895833333 0.7893956421875 0.9621249166666667 0.7771380375 0.9469814875 0.7054291562499999 0.8437928625000001 0.7176867609375 0.8589362895833333 0.7893956421875
4 0.788090175 0.8181993296875 0.8750428270833334 0.80787036875 0.8605851395833334 0.7394086843750001 0.7736324854166666 0.7497376453125 0.788090175 0.8181993296875
4 0.7343669208333333 0.8212523718750001 0.7740548541666666 0.8165379093749999 0.7687975145833333 0.7916427500000001 0.72910958125 0.7963572140624999 0.7343669208333333 0.8212523718750001
4 1 0.8082832390625001 0.9104773500000001 0.8189174843749999 0.9271636916666667 0.8979325515625 1 0.8892804484375001 1 0.8082832390625001
4 0.8943897333333334 0.9493977078125001 0.9791775895833333 0.9393259 0.96494848125 0.8719466125 0.880160625 0.8820184203125001 0.8943897333333334 0.9493977078125001
4 0.4394771979166666 0.3005355625 0.50947228125 0.29222096249999996 0.4947860125 0.2226768796875 0.42479092916666666 0.23099147812499998 0.4394771979166666 0.3005355625
4 0.5024975395833333 0.5525456796875 0.5945013833333334 0.541616696875 0.580272275 0.474237409375 0.48826843124999997 0.48516639375 0.5024975395833333 0.5525456796875
4 0.46949621874999997 0.48559329218749997 0.5784576375 0.4726499484375 0.5634285 0.40148226718749996 0.45446708124999996 0.4144256109375 0.46949621874999997 0.48559329218749997
4 0.27946400208333333 0.0682300015625 0.26952076875 0.0211456796875 0.20169048333333334 0.029203126562499997 0.21163371458333333 0.076287446875 0.27946400208333333 0.0682300015625
4 0.26698384375 0.1676303578125 0.3319277333333333 0.15991578125 0.3214130520833333 0.110125465625 0.2564691604166667 0.1178400421875 0.26698384375 0.1676303578125
4 0.7005905583333334 0.3574502453125 0.7514632729166667 0.3514071609375 0.74420585625 0.31704101875 0.6933331416666667 0.323084103125 0.7005905583333334 0.3574502453125