4 0.4735449729166667 0.03174603125 0.4203042333333334 0.03174603125 0.4203042333333334 0.07911706406249999 0.4735449729166667 0.07911706406249999 0.4735449729166667 0.03174603125
4 0.4662698416666667 0.080853175 0.4203042333333334 0.080853175 0.4203042333333334 0.1197916671875 0.4662698416666667 0.1197916671875 0.4662698416666667 0.080853175
4 0.41865079375 0.07824900781250001 0.36408730208333334 0.07824900781250001 0.36408730208333334 0.12289186562500001 0.41865079375 0.12289186562500001 0.41865079375 0.07824900781250001
4 0.387896825 0.03447420625 0.32804232708333336 0.03447420625 0.32804232708333336 0.0830853171875 0.387896825 0.0830853171875 0.387896825 0.03447420625
5 0.24818121666666665 0.000248015625 0.18369708958333333 0.000248015625 0.18369708958333333 0.0505952375 0.24818121666666665 0.0505952375 0.24818121666666665 0.000248015625
4 0.25545635 0.0405505953125 0.19130291041666667 0.0405505953125 0.19130291041666667 0.08692956406249999 0.25545635 0.08692956406249999 0.25545635 0.0405505953125
4 0.2101521166666667 0 0.2101521166666667 0.0119047625 0.2528108458333333 0.0119047625 0.2528108458333333 0 0.2101521166666667 0
3 0.48197751250000004 0.5613839281249999 0.43568121666666665 0.5613839281249999 0.43568121666666665 0.5978422625 0.48197751250000004 0.5978422625 0.48197751250000004 0.5613839281249999
3 0.45949074166666665 0.5536954359374999 0.4181547625 0.5536954359374999 0.4181547625 0.589409721875 0.45949074166666665 0.589409721875 0.45949074166666665 0.5536954359374999
4 0.5105820104166666 0.5812251984375 0.4656084645833333 0.5812251984375 0.4656084645833333 0.6156994046875 0.5105820104166666 0.6156994046875 0.5105820104166666 0.5812251984375
4 0.4859457666666666 0.5497271828125 0.4548611104166667 0.5497271828125 0.4548611104166667 0.5745287703125 0.4859457666666666 0.5745287703125 0.4859457666666666 0.5497271828125
3 0.5016534395833333 0.46688988125 0.4718915354166667 0.46688988125 0.4718915354166667 0.489211309375 0.5016534395833333 0.489211309375 0.5016534395833333 0.46688988125
4 0.51339285625 0.48363095312500004 0.48528439166666665 0.48363095312500004 0.48528439166666665 0.5042162703125 0.51339285625 0.5042162703125 0.51339285625 0.48363095312500004
4 0.50016534375 0.40959821406249997 0.4637896833333333 0.40959821406249997 0.4637896833333333 0.4361359125 0.50016534375 0.4361359125 0.50016534375 0.40959821406249997
4 0.5338955020833333 0.39012896874999997 0.5044642854166667 0.39012896874999997 0.5044642854166667 0.4112103171875 0.5338955020833333 0.4112103171875 0.5338955020833333 0.39012896874999997
5 0.5621693125 0.38169642812500004 0.5281084645833334 0.38169642812500004 0.5281084645833334 0.40674603125 0.5621693125 0.40674603125 0.5621693125 0.38169642812500004
3 0.7354497354166667 0.2032490078125 0.6994047625 0.2032490078125 0.6994047625 0.229538690625 0.7354497354166667 0.229538690625 0.7354497354166667 0.2032490078125
3 0.6519510583333333 0.2209821421875 0.6172288354166666 0.2209821421875 0.6172288354166666 0.2490079359375 0.6519510583333333 0.2490079359375 0.6519510583333333 0.2209821421875
5 0.71312830625 0.2251984125 0.6803902125000001 0.2251984125 0.6803902125000001 0.25049603125000003 0.71312830625 0.25049603125000003 0.71312830625 0.2251984125
3 0.6610449729166666 0.2811259921875 0.6289682541666667 0.2811259921875 0.6289682541666667 0.307415675 0.6610449729166666 0.307415675 0.6610449729166666 0.2811259921875
4 0.6415343916666667 0.24144345312499998 0.6091269833333333 0.24144345312499998 0.6091269833333333 0.267237103125 0.6415343916666667 0.267237103125 0.6415343916666667 0.24144345312499998
4 0.6327711645833334 0.2728174609375 0.60598545 0.2728174609375 0.60598545 0.2948908734375 0.6327711645833334 0.2948908734375 0.6327711645833334 0.2728174609375
4 0.6512896833333334 0.30902777812500004 0.6182209000000001 0.30902777812500004 0.6182209000000001 0.33482142812500004 0.6512896833333334 0.33482142812500004 0.6512896833333334 0.30902777812500004
4 0.6779100520833333 0.3147321421875 0.6471560854166667 0.3147321421875 0.6471560854166667 0.3387896828125 0.6779100520833333 0.3387896828125 0.6779100520833333 0.3147321421875
5 0.6803902125000001 0.25694444375000003 0.6522817458333333 0.25694444375000003 0.6522817458333333 0.2790178578125 0.6803902125000001 0.2790178578125 0.6803902125000001 0.25694444375000003
4 0.7000661375 0.2756696421875 0.66898148125 0.2756696421875 0.66898148125 0.30022321406249997 0.7000661375 0.30022321406249997 0.7000661375 0.2756696421875
4 0.6760912708333334 0.2770337296875 0.6582341270833333 0.2770337296875 0.6582341270833333 0.28993055624999997 0.6760912708333334 0.28993055624999997 0.6760912708333334 0.2770337296875
4 0.7151124333333333 0.2490079359375 0.69295635 0.2490079359375 0.69295635 0.268601190625 0.7151124333333333 0.268601190625 0.7151124333333333 0.2490079359375
4 0.7007275125 0.250248015625 0.6762566145833334 0.250248015625 0.6762566145833334 0.2720734125 0.7007275125 0.2720734125 0.7007275125 0.250248015625
4 0.8411044979166667 0.07725694375 0.8153108458333332 0.07725694375 0.8153108458333332 0.09610615156249999 0.8411044979166667 0.09610615156249999 0.8411044979166667 0.07725694375
4 0.8207671958333334 0.073288690625 0.7959656083333333 0.073288690625 0.7959656083333333 0.09461805625 0.8207671958333334 0.09461805625 0.8207671958333334 0.073288690625
4 0.8166335979166667 0.057415675 0.7928240750000001 0.057415675 0.7928240750000001 0.0767609125 0.8166335979166667 0.0767609125 0.8166335979166667 0.057415675
5 0.8589616395833333 0.0529513890625 0.8358134916666666 0.0529513890625 0.8358134916666666 0.07353670625 0.8589616395833333 0.07353670625 0.8589616395833333 0.0529513890625
5 0.8657407416666667 0.022321428125 0.84292328125 0.022321428125 0.84292328125 0.0429067453125 0.8657407416666667 0.0429067453125 0.8657407416666667 0.022321428125
4 0.8043981479166666 0.0078125 0.7848875666666667 0.0078125 0.7848875666666667 0.0244295640625 0.8043981479166666 0.0244295640625 0.8043981479166666 0.0078125
4 0.8730158729166667 0.0656001984375 0.8531746041666667 0.0656001984375 0.8531746041666667 0.08072916718749999 0.8730158729166667 0.08072916718749999 0.8730158729166667 0.0656001984375
4 0.9092261895833332 0.0458829359375 0.8903769833333333 0.0458829359375 0.8903769833333333 0.061755953125 0.9092261895833332 0.061755953125 0.9092261895833332 0.0458829359375
3 0.8956679895833334 0.1953125 0.87549603125 0.1953125 0.87549603125 0.210689484375 0.8956679895833334 0.210689484375 0.8956679895833334 0.1953125
3 0.8912037041666667 0.21031746093749998 0.8736772479166667 0.21031746093749998 0.8736772479166667 0.2251984125 0.8912037041666667 0.2251984125 0.8912037041666667 0.21031746093749998
4 0.8832671958333334 0.2149057546875 0.8647486770833334 0.2149057546875 0.8647486770833334 0.22978670625 0.8832671958333334 0.22978670625 0.8832671958333334 0.2149057546875
4 0.93766534375 0.24020337343749998 0.9198082020833334 0.24020337343749998 0.9198082020833334 0.2540922625 0.93766534375 0.2540922625 0.93766534375 0.24020337343749998
4 0.91154100625 0.24268353125000003 0.8923611104166667 0.24268353125000003 0.8923611104166667 0.25682043593750004 0.91154100625 0.25682043593750004 0.91154100625 0.24268353125000003