3 0.8776246972860126 0.10037271406249999 0.7241701398747391 0.1023774484375 0.7272723152400835 0.23539240156250002 0.8807268726513571 0.2333876671875 0.8776246972860126 0.10037271406249999
3 0.7655712839248434 0.0759802140625 0.6229444196242171 0.07784349375 0.6255578079331943 0.18990020937500002 0.7681846722338205 0.188036928125 0.7655712839248434 0.0759802140625
3 0.7680706221294363 0.183146671875 0.6377649269311064 0.1848489890625 0.6403457286012526 0.2955084890625 0.7706514237995824 0.293806171875 0.7680706221294363 0.183146671875
5 0.9327071169102297 0.2041967078125 0.7841063528183716 0.20613803125 0.786817496868476 0.32238639375 0.9354182630480167 0.3204450703125 0.9327071169102297 0.2041967078125
3 0.7428951461377871 0.23267254999999998 0.6077356576200418 0.2344382765625 0.6105641127348643 0.35571661718750003 0.7457236012526095 0.353950890625 0.7428951461377871 0.23267254999999998
4 0.9341505741127348 0.3221388 0.7930171837160752 0.3239825703125 0.7955719164926932 0.43352429687500005 0.9367053068893528 0.4316805265625 0.9341505741127348 0.3221388
4 0.7621639185803758 0.3622617265625 0.6359652776617953 0.3639103875 0.6382984258872652 0.46395104531250003 0.7644970668058455 0.46230238437500004 0.7621639185803758 0.3622617265625
4 0.9082836617954071 0.43009512968749997 0.7888056576200418 0.43165599375 0.7910214989561586 0.526666675 0.9104995010438413 0.5251058109375 0.9082836617954071 0.43009512968749997
3 0.43855578288100205 0.2748040609375 0.3216913611691023 0.27633078125 0.3238094446764092 0.36714981562500004 0.440673866388309 0.36562309531250003 0.43855578288100205 0.2748040609375
3 0.28236287265135696 0.2795000890625 0.1378691628392484 0.281387759375 0.14048255114822544 0.3934444734375 0.284976260960334 0.3915568046875 0.28236287265135696 0.2795000890625
5 0.4794758350730689 0.3558917515625 0.36970541962421716 0.3573257953125 0.37157584968684765 0.43752598750000005 0.4813462651356994 0.43609194375 0.4794758350730689 0.3558917515625
5 0.35500949060542797 0.359754009375 0.23889180793319414 0.36127097343750003 0.24109461169102298 0.45572276718750004 0.3572122964509395 0.454205803125 0.35500949060542797 0.359754009375
5 0.4541104154488518 0.40528034531249996 0.3350057828810021 0.40683633124999996 0.33722813987473904 0.50212645625 0.4563327724425887 0.5005704703125 0.4541104154488518 0.40528034531249996
3 0.05858926931106472 0.29304555 0.02013228810020877 0.2935479515625 0.020686248434237997 0.3173006234375 0.05914322964509394 0.3167982203125 0.05858926931106472 0.29304555
3 0.07062967849686846 0.312874528125 0.037026490605427974 0.313313521875 0.037554382045929015 0.33594841875000003 0.07115756993736952 0.33550942500000003 0.07062967849686846 0.312874528125
5 0.9815504175365344 0.2246630046875 0.9464537536534446 0.225121509375 0.9472162630480166 0.25781636093750004 0.9823129290187892 0.2573578578125 0.9815504175365344 0.2246630046875
4 0.9771453653444677 0.2519745640625 0.9394351189979123 0.2524672125 0.9400933549060543 0.2806909734375 0.977803599164927 0.2801983265625 0.9771453653444677 0.2519745640625
3 0.7720598246346556 0.7625567625 0.6917855407098121 0.76360546875 0.6935386617954071 0.8387756859375 0.7738129457202506 0.8377269796875 0.7720598246346556 0.7625567625
3 0.6935583110647181 0.783568584375 0.6334459415448852 0.78435389375 0.63431924217119 0.8217992796875 0.694431611691023 0.8210139703125 0.6935583110647181 0.783568584375
4 0.7111876826722339 0.76279294375 0.6596627954070982 0.7634660656250001 0.6605686826722338 0.8023086671874999 0.7120935699373696 0.8016355453124999 0.7111876826722339 0.76279294375
3 0.8274052442588726 0.8856647750000001 0.7277157870563674 0.8869671203125 0.729553630480167 0.9657700984375 0.8292430876826723 0.964467753125 0.8274052442588726 0.8856647750000001
3 0.8113815073068894 0.9272443015625 0.7247599561586638 0.9283759281249999 0.7263501482254697 0.9965600625000001 0.8129716972860125 0.9954284375 0.8113815073068894 0.9272443015625
3 0.7877963194154489 0.9889088859375 0.787969025052192 0.9963141296875 0.8906454342379958 0.9949727625 0.8904727306889352 0.98756751875 0.7877963194154489 0.9889088859375
4 0.3701941711899791 0.130062884375 0.335097509394572 0.1305213890625 0.33572315657620044 0.157347934375 0.3708198204592902 0.1568894296875 0.3701941711899791 0.130062884375
4 0.3875669624217119 0.1463280984375 0.3554572505219207 0.14674757968750002 0.35601772651356994 0.17077969375 0.38812744050104386 0.1703602125 0.3875669624217119 0.1463280984375
4 0.40364925678496866 0.16330899062499998 0.3767667077244259 0.16366018437500002 0.3772685302713987 0.18517730937500002 0.40415107933194155 0.184826115625 0.40364925678496866 0.16330899062499998
4 0.34940419832985387 0.151438875 0.3199080668058455 0.1518242140625 0.3203186492693111 0.1694291328125 0.34981478079331946 0.1690437953125 0.34940419832985387 0.151438875