4 0.6929651666666667 0.0471541609375 0.70005298125 0.0198064234375 0.56994039375 0.0008379296874999999 0.5628525791666666 0.028185667187500003 0.6929651666666667 0.0471541609375
4 0.83038778125 0.1363280546875 0.8547423895833333 0.0423578546875 0.7140280375 0.021843779687500002 0.6896734291666667 0.11581398125 0.83038778125 0.1363280546875
4 0.33860831041666667 0 0.30929032500000003 0.113120965625 0.45932138333333333 0.134993278125 0.4943080979166667 0 0.33860831041666667 0
4 0.29396590625 0.0886321578125 0.39966230416666665 0.10404113125 0.4223932729166667 0.016335609374999997 0.316696875 0.0009266359375 0.29396590625 0.0886321578125
5 0.16123724791666666 0 0.12691784583333335 0.1324185125 0.2978311708333334 0.15733515 0.33311412916666666 0.02119883125 0.18770274791666666 0 0.16123724791666666 0
4 0.21488144374999998 0.13649044375 0.28266849583333337 0.14637279375 0.29671923125 0.0921592171875 0.22893217916666667 0.082276865625 0.21488144374999998 0.13649044375
4 0.40440103125 0.213755159375 0.5210204625 0.23075655 0.5472485020833333 0.1295578703125 0.4306290729166667 0.1125564796875 0.40440103125 0.213755159375
4 0.2702604375 0 0.26659897083333334 0.014127462499999998 0.3086847729166667 0.0202629515625 0.31393639791666667 0 0.2702604375 0
4 0.5335080875 0.21344799062500003 0.6613718145833333 0.232088634375 0.6867880354166667 0.134022296875 0.55892430625 0.115381653125 0.5335080875 0.21344799062500003
4 0.66169005 0.249513725 0.7767031520833334 0.26628093750000004 0.799309225 0.1790573140625 0.6842961229166666 0.1622901015625 0.66169005 0.249513725
4 0.5429488208333333 0.31209500156250003 0.6406135749999999 0.32633308125 0.6593478895833333 0.2540483109375 0.5616831333333334 0.23981023124999998 0.5429488208333333 0.31209500156250003
4 0.4104789229166667 0.3845523671875 0.48694014583333334 0.395699284375 0.50067864375 0.342690453125 0.4242174208333333 0.33154353593749997 0.4104789229166667 0.3845523671875
4 0.3705539354166667 0.393234978125 0.431915675 0.40218061406250005 0.44384318749999996 0.3561593109375 0.38248145 0.347213675 0.3705539354166667 0.393234978125
4 0.40813144166666665 0.43284548437500003 0.46660179166666665 0.4413695984375 0.4777174854166667 0.398480634375 0.4192471354166667 0.3899565203125 0.40813144166666665 0.43284548437500003
3 0.2546969854166667 0.42410490625 0.36456983750000005 0.4401227453125 0.38648898541666665 0.3555495640625 0.27661613333333335 0.339531725 0.2546969854166667 0.42410490625
3 0.33960355 0.5293777890625 0.44465741458333335 0.544693090625 0.46545250416666667 0.46445699687499997 0.3603986375 0.44914169531250003 0.33960355 0.5293777890625
3 0.6446253729166667 0.548840146875 0.7532131604166667 0.56467064375 0.7735711145833334 0.48612119218750005 0.6649833291666667 0.47029069687499997 0.6446253729166667 0.548840146875
3 0.6081766187500001 0.6701783984375 0.6981310020833333 0.68329241875 0.71886364375 0.603297271875 0.6289092604166666 0.5901832515625001 0.6081766187500001 0.6701783984375
3 0.6638846145833334 0.6739238703125 0.7869293583333333 0.6918619765625 0.8112215208333333 0.5981327234375 0.6881767750000001 0.5801946171875 0.6638846145833334 0.6739238703125
3 0.62191004375 0.7722018046875 0.7282489729166667 0.78770445 0.7489191666666667 0.707950253125 0.6425802375 0.6924476078125 0.62191004375 0.7722018046875
3 0.5015436875 0.8230437140625 0.5866790833333333 0.8354551984375 0.6039146541666667 0.768953209375 0.51877925625 0.7565417265625001 0.5015436875 0.8230437140625
3 0.4316409583333333 0.8046011734375 0.5090659770833333 0.8158885984375001 0.5226795791666666 0.763361665625 0.4452545604166666 0.7520742406250001 0.4316409583333333 0.8046011734375
3 0.43928282500000004 0.8407226921875001 0.51510151875 0.8517759375 0.5261547645833333 0.8091279218749999 0.4503360708333333 0.7980746765625 0.43928282500000004 0.8407226921875001
3 0.08180412291666667 0.7432229234375 0.20035114791666667 0.760505328125 0.22339435416666667 0.671595059375 0.10484732916666667 0.6543126546875 0.08180412291666667 0.7432229234375
5 0.19260274583333334 0.7852562296875 0.3140411604166667 0.8029601578125 0.3365223375 0.716218434375 0.215083925 0.69851450625 0.19260274583333334 0.7852562296875
5 0.09202773958333334 0.8124777890624999 0.20157932708333334 0.8284487921875 0.22193728124999998 0.7498993406250001 0.11238569583333334 0.7339283375 0.09202773958333334 0.8124777890624999
4 0.43213818958333333 0.8824402046875001 0.48611081666666667 0.8903086171875 0.4986628083333333 0.8418778203124999 0.44469018125000004 0.834009409375 0.43213818958333333 0.8824402046875001
4 0.4821359895833333 0.8998563 0.5611673375 0.9113779031250001 0.57771598125 0.8475263562500001 0.49868463333333335 0.836004753125 0.4821359895833333 0.8998563
4 0.48142192083333335 0.9521383421875 0.5286479708333334 0.959023203125 0.5402632458333334 0.9142066453125001 0.49303719583333333 0.9073217843749999 0.48142192083333335 0.9521383421875
4 0.1719386125 0.8302539171875001 0.24422338124999998 0.84079196875 0.26070957916666665 0.7771813703125 0.18842480833333333 0.76664331875 0.1719386125 0.8302539171875001
4 0.1494145875 0.884357453125 0.23904770416666665 0.8974246390625 0.25309843958333333 0.8432110609375 0.16346532291666668 0.8301438765625001 0.1494145875 0.884357453125
4 0.23602912916666666 0.9238652921874999 0.30253111666666666 0.9335603000000001 0.31945444791666666 0.868263059375 0.25295245833333335 0.8585680515625 0.23602912916666666 0.9238652921874999
4 0.24066491250000002 0.9214154562499999 0.22814414583333334 0.969725778125 0.3283790270833334 0.9843385437500001 0.34089979375 0.9360282218749999 0.24066491250000002 0.9214154562499999
5 0.15348086249999998 0.8474422796875001 0.12566040416666666 0.9547851625 0.26476842916666665 0.9750650578125001 0.29258888541666667 0.8677221749999999 0.15348086249999998 0.8474422796875001