3 0.9355773749999999 0.6774291 0.7421858041666667 0.7109150703125 0.7851225208333333 0.8503995812499999 0.9785140895833333 0.8169136109374999 0.9355773749999999 0.6774291
3 0.7542953958333333 0.7600536390625 0.6036925541666667 0.7861306921875 0.6386175270833333 0.899588203125 0.78922036875 0.87351115 0.7542953958333333 0.7600536390625
3 0.8028164020833334 0.6853789015625 0.6808516854166666 0.7064972328125 0.7140654125 0.8143955765625 0.8360301291666666 0.793277246875 0.8028164020833334 0.6853789015625
5 0.6240165729166667 0.7207298984375 0.5168762958333333 0.7392813609375 0.5420004979166666 0.8209000156249999 0.6491407729166667 0.8023485546875 0.6240165729166667 0.7207298984375
5 0.7009301125 0.64606288125 0.5291013666666667 0.675815225 0.5661265041666667 0.7960953468749999 0.7379552500000001 0.766343003125 0.7009301125 0.64606288125
5 0.7884351541666667 0.6052270640625 0.6536675104166666 0.6285622359375 0.6798029020833333 0.7134658515625001 0.8145705458333333 0.6901306796875 0.7884351541666667 0.6052270640625
5 0.9475174125 0.511009284375 0.7780471020833333 0.5403532625 0.81390548125 0.6568430453125 0.98337579375 0.6274990671875 0.9475174125 0.511009284375
4 0.39961934375 0.6869234828125 0.28809911875 0.7062333375 0.31835705833333333 0.8045294875 0.4298772833333333 0.7852196328125001 0.39961934375 0.6869234828125
4 0.3089053354166667 0.6625739828125 0.21827409374999998 0.6782668859375 0.23935353333333334 0.7467456953125 0.32998477291666667 0.7310527921875 0.3089053354166667 0.6625739828125
5 0.7161387041666667 0.6066997328125 0.6120307 0.624726153125 0.6271207770833332 0.673747884375 0.7312287833333334 0.6557214640625 0.7161387041666667 0.6066997328125
4 0.5555855895833334 0.6488722046875 0.4700081375 0.6636900375 0.48867627500000005 0.724335478125 0.5742537270833333 0.70951764375 0.5555855895833334 0.6488722046875
4 0.5477291999999999 0.6216205953125 0.48169305625000003 0.6330548281249999 0.4942940479166667 0.6739905 0.5603301916666666 0.6625562656249999 0.5477291999999999 0.6216205953125
3 0.9670814729166667 0.48233676406250003 0.905425275 0.4930126046875 0.9177151333333333 0.5329375203125 0.9793713291666666 0.5222616796875 0.9670814729166667 0.48233676406250003
4 0.6655137354166667 0.54080826875 0.5802732 0.5555677640625001 0.5989413375 0.6162132046875 0.6841818729166668 0.6014537078125 0.6655137354166667 0.54080826875
4 0.6082095375000001 0.5344949359375 0.5694638395833334 0.5412037984375 0.5779422854166667 0.568746934375 0.6166879833333333 0.5620380734375 0.6082095375000001 0.5344949359375
4 0.7544536604166667 0.4717774421875 0.6368688916666667 0.49213737812499997 0.6591928729166666 0.564659215625 0.7767776416666667 0.544299278125 0.7544536604166667 0.4717774421875
4 1 0.4590034328125 0.9770733416666667 0.38452372968750004 0.839273425 0.4083839421875 0.8643976270833333 0.49000259531249996 1 0.46652288906250006 1 0.4590034328125
4 0.9200888354166668 0.3440868546875 0.8314791104166667 0.35942972968750003 0.8496027604166667 0.41830634375000003 0.9382124854166667 0.40296346875 0.9200888354166668 0.3440868546875
4 0.7774313270833333 0.3832937609375 0.6820832166666667 0.39980339531250003 0.7040960625 0.4713144765625 0.7994441729166667 0.45480484218750006 0.7774313270833333 0.3832937609375
5 0.9086397645833333 0.49884379843750004 0.85405886875 0.5082945421875 0.86378185625 0.539880709375 0.9183627541666667 0.5304299640625 0.9086397645833333 0.49884379843750004
4 0.4489208979166667 0.532931678125 0.3431282958333333 0.5512497875 0.36731909166666665 0.62983616875 0.47311169166666667 0.611518059375 0.4489208979166667 0.532931678125
4 0.4096801104166667 0.5184336484375 0.33926401875 0.530626275 0.35225393125 0.57282539375 0.42267002291666667 0.5606327671875 0.4096801104166667 0.5184336484375
5 0.21069340416666668 0.2657042609375 0.12309443541666668 0.2808721234375 0.14370716874999998 0.3478347953125 0.23130613749999998 0.332666934375 0.21069340416666668 0.2657042609375
3 0.13104377291666666 0.22253793593750001 0.02996803958333333 0.24003931406249998 0.05439218541666667 0.319383765625 0.15546791875 0.30188238749999996 0.13104377291666666 0.22253793593750001
4 0.14627045833333333 0.22415994218750002 0.10044946041666666 0.23209390000000002 0.11515061875 0.27985218437500003 0.16097161666666665 0.27191822656250003 0.14627045833333333 0.22415994218750002