4 0.7120306283924844 0.21404717031249998 0.5750674926931106 0.21046749999999997 0.5691959540709812 0.33630894843750003 0.7061590876826722 0.33988861875 0.7120306283924844 0.21404717031249998
5 0.49793710855949896 0.23995034531249998 0.3399566158663883 0.23582136562499997 0.3326905866388309 0.3915501578125 0.49067107933194154 0.3956791375 0.49793710855949896 0.23995034531249998
4 0.515489369519833 0.341073771875 0.44438063048016696 0.3392152734375 0.44171397494780795 0.39636826406250003 0.5128227118997912 0.3982267625 0.515489369519833 0.341073771875
3 0.7487214676409186 0.3371949328125 0.563068114822547 0.33234269375 0.5552516283924843 0.49986912187500004 0.7409049812108559 0.504721359375 0.7487214676409186 0.3371949328125
4 0.5402253549060543 0.34460765625 0.4452969415448852 0.3421266046875 0.4410278434237996 0.433623825 0.5359562567849687 0.436104875 0.5402253549060543 0.34460765625
3 0.5677614258872651 0.393362896875 0.2878802400835073 0.3860479171875 0.279549993736952 0.5645854703125 0.5594311795407098 0.57190045 0.5677614258872651 0.393362896875
5 0.583923077244259 0.5693906984375 0.36429165762004173 0.5636504078125 0.35702562839248436 0.7193791984375 0.5766570480167015 0.7251194890625 0.583923077244259 0.5693906984375
4 0.37924845929018786 0.5587915328124999 0.2576980542797495 0.5556146890625 0.252364739039666 0.66992066875 0.3739151440501044 0.6730975124999999 0.37924845929018786 0.5587915328124999
4 0.5043083987473904 0.716010125 0.3116492588726514 0.7109747828125 0.30526395824634656 0.8478273578125 0.4979230981210856 0.8528627 0.5043083987473904 0.716010125
4 0.5011802379958247 0.839429625 0.35160668684759916 0.8355203671875 0.34666480793319415 0.9414369203125 0.4962383590814196 0.9453461765625001 0.5011802379958247 0.839429625
4 0.4714384196242171 0.9995582859375001 0.4744842797494781 0.9342780359375 0.35363445511482255 0.9311195031249999 0.3505885949895616 0.996399753125 0.4714384196242171 0.9995582859375001
4 0.26389198329853863 0.9941338500000001 0.2665464070981211 0.937243028125 0.15655555114822547 0.93436830625 0.153901127348643 0.991259128125 0.26389198329853863 0.9941338500000001