3 0.28525641041666666 0.30492788437499996 0.15480769166666666 0.30492788437499996 0.15480769166666666 0.40276442343749996 0.28525641041666666 0.40276442343749996 0.28525641041666666 0.30492788437499996
3 0.3842948708333333 0.331490384375 0.27307692291666663 0.331490384375 0.27307692291666663 0.41610576874999994 0.3842948708333333 0.41610576874999994 0.3842948708333333 0.331490384375
3 0.32852564166666665 0.39735576875 0.19679487083333333 0.39735576875 0.19679487083333333 0.48822115312500003 0.32852564166666665 0.48822115312500003 0.32852564166666665 0.39735576875
5 0.45897435833333333 0.428846153125 0.34294871875 0.428846153125 0.34294871875 0.5161057687499999 0.45897435833333333 0.5161057687499999 0.45897435833333333 0.428846153125
4 0.35048076875 0.558653846875 0.24695512916666665 0.558653846875 0.24695512916666665 0.6384615390625 0.35048076875 0.6384615390625 0.35048076875 0.558653846875
3 0.24567307708333336 0.7039663468749999 0.17644230833333333 0.7039663468749999 0.17644230833333333 0.7537259609375 0.24567307708333336 0.7537259609375 0.24567307708333336 0.7039663468749999
3 0.3016025645833333 0.7193509609375 0.2323717958333333 0.7193509609375 0.2323717958333333 0.7712740390625 0.3016025645833333 0.7712740390625 0.3016025645833333 0.7193509609375
4 0.35817307708333335 0.6546875 0.28317307708333334 0.6546875 0.28317307708333334 0.7131009609375 0.35817307708333335 0.7131009609375 0.35817307708333335 0.6546875
4 0.41923076875000004 0.64951923125 0.34807692291666664 0.64951923125 0.34807692291666664 0.712740384375 0.41923076875000004 0.712740384375 0.41923076875000004 0.64951923125
4 0.3982371791666666 0.712740384375 0.33125 0.712740384375 0.33125 0.7639423078124999 0.3982371791666666 0.7639423078124999 0.3982371791666666 0.712740384375
4 0.5947115375 0.4621394234375 0.48798076875 0.4621394234375 0.48798076875 0.5477163468749999 0.5947115375 0.5477163468749999 0.5947115375 0.4621394234375
4 0.6584935895833334 0.515384615625 0.5584935895833334 0.515384615625 0.5584935895833334 0.5834134609375 0.6584935895833334 0.5834134609375 0.6584935895833334 0.515384615625
4 0.78205128125 0.4384615390625 0.6278846145833333 0.4384615390625 0.6278846145833333 0.552884615625 0.78205128125 0.552884615625 0.78205128125 0.4384615390625
4 0.7884615375 0.3052884609375 0.6416666666666667 0.3052884609375 0.6416666666666667 0.41706730781249995 0.7884615375 0.41706730781249995 0.7884615375 0.3052884609375
4 0.8519230770833333 0.10396634687499999 0.69423076875 0.10396634687499999 0.69423076875 0.2313701921875 0.8519230770833333 0.2313701921875 0.8519230770833333 0.10396634687499999