5 0.56826923125 0.4563701921875 0.46282051249999995 0.4563701921875 0.46282051249999995 0.539783653125 0.56826923125 0.539783653125 0.56826923125 0.4563701921875
3 0.39423076875 0.524158653125 0.28237179583333333 0.524158653125 0.28237179583333333 0.6188701921875001 0.39423076875 0.6188701921875001 0.39423076875 0.524158653125
3 0.6161858979166667 0.6739182687499999 0.47227564166666663 0.6739182687499999 0.47227564166666663 0.79266826875 0.6161858979166667 0.79266826875 0.6161858979166667 0.6739182687499999
4 0.4733974354166667 0.5603365390625 0.36506410208333334 0.5603365390625 0.36506410208333334 0.6420673078125 0.4733974354166667 0.6420673078125 0.4733974354166667 0.5603365390625
4 0.6772435895833334 0.5995192312500001 0.55673076875 0.5995192312500001 0.55673076875 0.6966346156250001 0.6772435895833334 0.6966346156250001 0.6772435895833334 0.5995192312500001
4 0.5427884625 0.7591346156250001 0.4524038458333333 0.7591346156250001 0.4524038458333333 0.8115384609375 0.5427884625 0.8115384609375 0.5427884625 0.7591346156250001
4 0.4897435895833333 0.67079326875 0.37083333333333335 0.67079326875 0.37083333333333335 0.77079326875 0.4897435895833333 0.77079326875 0.4897435895833333 0.67079326875
4 0.5084935895833333 0.6427884609375 0.4209935895833333 0.6427884609375 0.4209935895833333 0.6961538468749999 0.5084935895833333 0.6961538468749999 0.5084935895833333 0.6427884609375
4 0.3842948708333333 0.615384615625 0.2846153854166667 0.615384615625 0.2846153854166667 0.6805288468749999 0.3842948708333333 0.6805288468749999 0.3842948708333333 0.615384615625
4 0.36971153749999996 0.671634615625 0.24631410208333332 0.671634615625 0.24631410208333332 0.775240384375 0.36971153749999996 0.775240384375 0.36971153749999996 0.671634615625
4 0.7068910249999999 0.6463942312500001 0.6296474354166667 0.6463942312500001 0.6296474354166667 0.7096153843749999 0.7068910249999999 0.7096153843749999 0.7068910249999999 0.6463942312500001
4 0.41875 0.77608173125 0.306891025 0.77608173125 0.306891025 0.8573317312500001 0.41875 0.8573317312500001 0.41875 0.77608173125
4 0.3296474354166667 0.785216346875 0.26907051249999997 0.785216346875 0.26907051249999997 0.8530048078125001 0.3296474354166667 0.8530048078125001 0.3296474354166667 0.785216346875
4 0.5713141020833333 0.6480769234375 0.5136217958333333 0.6480769234375 0.5136217958333333 0.6800480765625 0.5713141020833333 0.6800480765625 0.5713141020833333 0.6480769234375
4 0.5769230770833332 0.5332932687499999 0.5019230770833334 0.5332932687499999 0.5019230770833334 0.5905048078124999 0.5769230770833332 0.5905048078124999 0.5769230770833332 0.5332932687499999
4 0.5233974354166667 0.528846153125 0.46762820416666667 0.528846153125 0.46762820416666667 0.5891826921875001 0.5233974354166667 0.5891826921875001 0.5233974354166667 0.528846153125