4 0.10717740292275574 0.668416875 0.042259129436325676 0.67963413125 0.07992858037578288 0.8017524312500001 0.1448468559498956 0.790535175 0.10717740292275574 0.668416875
4 0 0.5426368390625 0.024338323590814195 0.6215377671875 0.13108036534446765 0.603093765625 0.09937126931106471 0.5002979812499999 0 0.5174683828125 0 0.5426368390625
4 0.10952524634655532 0.8088498562499999 0.21141689144050105 0.79124395625 0.1888470083507307 0.7180760296875001 0.08695536325678496 0.7356819296875 0.10952524634655532 0.8088498562499999
4 0 0.4053944546875 0.06981974321503132 0.39333027187499997 0.04184580375782881 0.3026432640625 0 0.30987381875 0 0.4053944546875
4 0.15126387891440501 0.22892105 0.2376652400835073 0.2139917234375 0.21207544258872651 0.131033721875 0.12567408141962422 0.14596305 0.15126387891440501 0.22892105
4 0.27758922338204595 0.260552234375 0.4083960668058455 0.23795006718749998 0.36603779958246346 0.10063138906249999 0.23523095615866388 0.12323355625000001 0.27758922338204595 0.260552234375
5 0.27805079123173276 0.7733531703125001 0.5351895073068893 0.7289220656250001 0.4735991565762004 0.52925606875 0.21646044050104385 0.5736871734375 0.27805079123173276 0.7733531703125001
4 0.414812121085595 0.6178385171875 0.5401113089770355 0.59618801875 0.5100711127348643 0.49880253906250005 0.3847719248434238 0.5204530375 0.414812121085595 0.6178385171875
5 0.48963810647181627 0.5730238640625 0.7264673382045929 0.5321020437499999 0.670122102296451 0.3494398609375 0.43329287056367427 0.39036168125000004 0.48963810647181627 0.5730238640625
4 0.5459195845511482 0.66967421875 0.718033853862213 0.6399345234375 0.6798081002087683 0.5160127890624999 0.5076938329853863 0.545752484375 0.5459195845511482 0.66967421875
4 0.5028176388308977 0.830850346875 0.6312148830897704 0.808664534375 0.5985521294363257 0.702777146875 0.4701548851774531 0.724962959375 0.5028176388308977 0.830850346875
5 0.7269218100208767 0.566486928125 0.9224436179540709 0.532702634375 0.8784164509394572 0.38997365 0.6828946430062631 0.42375794375 0.7269218100208767 0.566486928125
4 0.688803528183716 0.3494682765625 0.8650485386221294 0.319014828125 0.8217366158663882 0.1786045453125 0.6454916033402922 0.20905799374999998 0.688803528183716 0.3494682765625
4 0.565228363256785 0 0.5268504112734864 0.0066313421875 0.561738363256785 0.11973246875000002 0.7266238329853862 0.091241840625 0.6984787473903967 0 0.565228363256785 0
4 0.4219131774530271 0.2318153234375 0.5503104217118998 0.2096295109375 0.5180450271398747 0.1050302921875 0.3896477807933194 0.1272161046875 0.4219131774530271 0.2318153234375