1 0.08737270416666668 0.8088687953125 0.17930052291666668 0.7916786609375001 0.15474033125 0.717799496875 0.0628125125 0.73498963125 0.08737270416666668 0.8088687953125
2 0 0.5245152234375 0.0019901479166666665 0.530501759375 0.13258219791666667 0.5060815671875 0.10186195833333334 0.4136724515625 0 0.4327202296875 0 0.5245152234375
1 0 0.489465325 0.04453968958333333 0.48113658125000003 0.010379422916666665 0.3783795703125 0 0.38032048125 0 0.489465325
2 0.03985491041666667 0.47268290625000003 0.15344111458333334 0.45144273906250004 0.12816091666666668 0.3753977359375 0.014574710416666666 0.3966379015625 0.03985491041666667 0.47268290625000003
2 0 0.417894934375 0.10299749166666668 0.398634815625 0.07611728125 0.3177768390625 0 0.332010465625 0 0.417894934375
2 0 0.3390397 0.051525072916666664 0.32940471875 0.04088498958333333 0.29739843593750004 0 0.305043765625 0 0.3390397
1 0.044519189583333334 0.220164096875 0.19596746458333333 0.191843875 0.15380713333333332 0.0650219890625 0.0023588583333333333 0.0933422109375 0.044519189583333334 0.220164096875
1 0.13561120000000002 0.052832434375 0.20969177916666668 0.27567316875 0.48531480416666667 0.224132765625 0.411234225 0.00129203125 0.13561120000000002 0.052832434375
1 0.4585438229166667 0.34659095624999997 0.6776946125 0.30561063437499997 0.6172141375 0.1236801859375 0.39806335 0.16466050625 0.4585438229166667 0.34659095624999997
2 0.3928530645833333 0.113618471875 0.4547800083333333 0.10203838125 0.43213983125 0.0339347875 0.37021288750000003 0.045514878125000005 0.3928530645833333 0.113618471875
2 0.41814362708333336 0 0.34064392708333335 0.014492134374999998 0.35320402500000003 0.0522739859375 0.4789831 0.028753803124999998 0.46942426249999997 0 0.41814362708333336 0