5 0.7151992083333333 0.57478450625 0.559180825 0.58915199375 0.5809227729166667 0.7219574640624999 0.73694115625 0.707589978125 0.7151992083333333 0.57478450625
5 0.77218930625 0.5644121109375 0.664840375 0.5742977046875 0.68153886875 0.6762964484375 0.7888878020833333 0.6664108546875 0.77218930625 0.5644121109375
5 0.6055028708333333 0.6131354359375 0.5216257291666666 0.62085955 0.5378580229166666 0.7200106125 0.6217351625 0.7122864984375 0.6055028708333333 0.6131354359375
4 0.58858590625 0.5269237875 0.48123697291666667 0.53680938125 0.4962401895833333 0.6284529234375 0.6035891208333334 0.6185673296875 0.58858590625 0.5269237875
4 0.38389412916666665 0.57678191875 0.32245326041666666 0.5824399109375 0.33245540625000003 0.6435356046875 0.3938962729166667 0.6378776125 0.38389412916666665 0.57678191875
4 0.5087280833333333 0.487502403125 0.4210540395833334 0.49557616875 0.4335143375 0.57168690625 0.5211883833333333 0.563613140625 0.5087280833333333 0.487502403125
4 0.3629659520833333 0.46820893124999996 0.2708046479166667 0.4766959203125 0.2836040020833333 0.554877696875 0.37576530625 0.5463907078125 0.3629659520833333 0.46820893124999996
4 0.39593111666666664 0.42772665156249995 0.33828715625 0.4330349921875 0.3502812520833333 0.50629805 0.4079252125 0.5009897078125001 0.39593111666666664 0.42772665156249995
4 0.5264796375 0.4054561078125 0.42430830625000004 0.4148649046875 0.44087965625 0.5160870078124999 0.5430509854166666 0.5066782109375 0.5264796375 0.4054561078125
4 0.31927313541666663 0.40785071093749997 0.23643151458333334 0.415479465625 0.24783226458333332 0.48511820156249996 0.33067388333333336 0.47748944687500006 0.31927313541666663 0.40785071093749997
4 0.8075405729166667 0.41544352343749996 0.6753391562500001 0.42761774375000006 0.6955977354166667 0.5513624125 0.8277991520833333 0.5391881921875 0.8075405729166667 0.41544352343749996
4 0.45390432708333334 0.34631232500000003 0.36795614583333336 0.35422715781249997 0.3834255645833334 0.44871837968749995 0.46937374375 0.44080354687499995 0.45390432708333334 0.34631232500000003
4 0.3286422 0.375191190625 0.29550555208333334 0.3782426921875 0.3021171395833333 0.4186279828125 0.33525378541666667 0.41557648125 0.3286422 0.375191190625
4 0.6398374458333334 0.33917579062500003 0.5307626458333333 0.3492203171875 0.54924118125 0.4620920234375 0.6583159833333333 0.452047496875 0.6398374458333334 0.33917579062500003
4 0.56278490625 0.351132921875 0.51653166875 0.355392309375 0.5282290916666667 0.42684320624999994 0.5744823291666666 0.42258381875 0.56278490625 0.351132921875
4 0.8080037499999999 0.3155433484375 0.6892640958333334 0.3264778953125 0.7078273979166667 0.43986736249999997 0.8265670520833334 0.42893281562499996 0.8080037499999999 0.3155433484375
5 0.37602511875 0.3607106296875 0.30077731458333334 0.36764008125 0.3112456604166667 0.43158345625 0.38649346458333333 0.42465400468750003 0.37602511875 0.3607106296875
3 0.2157779375 0.3385465359375 0.1612405375 0.3435688 0.16895405625 0.3906849703125 0.22349145625 0.38566270625 0.2157779375 0.3385465359375
4 0.26818006041666664 0.355794675 0.22365268958333334 0.35989512968750004 0.23373959791666668 0.421508584375 0.27826696874999995 0.4174081296875 0.26818006041666664 0.355794675
4 0.5665774625 0.292971421875 0.4851165375 0.3004730296875 0.4989754395833333 0.3851268109375 0.5804363666666668 0.377625203125 0.5665774625 0.292971421875
4 0.7390494812499999 0.26460655625 0.6461978333333334 0.2731571171875 0.6606924645833333 0.3616940984375 0.7535441145833333 0.35314353593750003 0.7390494812499999 0.26460655625
4 0.75053130625 0.2544832015625 0.6804611020833333 0.26093585625000004 0.6907175395833334 0.32358483125 0.7607877416666666 0.31713217656250003 0.75053130625 0.2544832015625
4 0.7952780291666667 0.20463831406250002 0.72141091875 0.21144062031250002 0.7336593083333334 0.28625695625 0.80752641875 0.27945465 0.7952780291666667 0.20463831406250002
5 0.2714161958333333 0.2739025578125 0.19237148541666665 0.2811816609375 0.206611825 0.3681653609375 0.28565653750000003 0.360886259375 0.2714161958333333 0.2739025578125
5 0.37097274375 0.22176954062499998 0.29123768541666667 0.229112215625 0.3058594625 0.31842583593749996 0.38559452083333334 0.3110831609375 0.37097274375 0.22176954062499998
4 0.41630994375 0.2729103203125 0.3600466770833333 0.278091515625 0.3705997875 0.34255265 0.4268630520833333 0.3373714546875 0.41630994375 0.2729103203125
4 0.41442744583333335 0.2453600765625 0.36920972708333333 0.2495241046875 0.37891519791666667 0.3088076375 0.42413291666666664 0.304643609375 0.41442744583333335 0.2453600765625
4 0.4386806875 0.23406062031250002 0.3796560333333333 0.23949610781250003 0.39097201875000004 0.308617084375 0.4499966729166667 0.303181596875 0.4386806875 0.23406062031250002
4 0.5563332625 0.22611679375 0.488679275 0.23234694375 0.5001647874999999 0.3025034390625 0.567818775 0.29627329062499996 0.5563332625 0.22611679375
4 0.5885906125000001 0.1620492296875 0.5364694270833333 0.1668489875 0.5464715708333333 0.22794468124999998 0.59859275625 0.223144925 0.5885906125000001 0.1620492296875
4 0.6006391395833333 0.13505557968749998 0.5585279833333333 0.1389335296875 0.5656905354166667 0.182684259375 0.6078016916666668 0.178806309375 0.6006391395833333 0.13505557968749998
4 0.5807499479166667 0.11415641875 0.53553223125 0.11832044687500001 0.5422285833333333 0.15922349687499998 0.5874463 0.15505946875 0.5807499479166667 0.11415641875
4 0.26454726041666665 0.23301540156249997 0.18619289375 0.24023093125 0.1958136 0.29899670624999997 0.2741679666666667 0.2917811765625 0.26454726041666665 0.23301540156249997
4 0.34829835833333334 0.18706797656250002 0.2985933854166667 0.191645228125 0.3068154875 0.2418679609375 0.35652045833333335 0.237290709375 0.34829835833333334 0.18706797656250002
4 0.25208279791666666 0.1954027484375 0.18201259375 0.201855403125 0.1912518625 0.25829125625 0.26132206666666663 0.2518386015625 0.25208279791666666 0.1954027484375
4 0.33497096249999997 0.1495347890625 0.2659362791666667 0.155892084375 0.2741159979166667 0.20585593593749998 0.34315068125 0.1994986421875 0.33497096249999997 0.1495347890625
4 0.3207107229166667 0.1212849125 0.2568536416666667 0.127165409375 0.26410095833333336 0.1714339 0.3279580375 0.165553403125 0.3207107229166667 0.1212849125