4 0.7321626854166666 0.09455784218749999 0.50675246875 0.11831734687499999 0.5368478416666667 0.278922128125 0.7622580583333334 0.2551626234375 0.7321626854166666 0.09455784218749999
5 0.53425310625 0.21768130000000002 0.36519544375 0.235500928125 0.38617100625 0.34743759218750003 0.5552286708333334 0.3296179640625 0.53425310625 0.21768130000000002
4 0.3323659854166667 0.0919016046875 0.16808975208333335 0.10921724375 0.19751313958333333 0.266235953125 0.36178937291666663 0.24892031406249998 0.3323659854166667 0.0919016046875
5 0.3762222708333333 0.24230546249999999 0.25122206041666667 0.2554811875 0.2679257125 0.34462068281249997 0.39292592291666667 0.3314449578125 0.3762222708333333 0.24230546249999999
4 0.28743632083333337 0.2879718203125 0.11598794375 0.30604344375000003 0.138403475 0.4256645484375 0.30985185416666666 0.407592925 0.28743632083333337 0.2879718203125
4 0.4113685791666667 0.3295009984375 0.25802132499999997 0.3456646609375 0.2932045916666667 0.533421125 0.44655184583333335 0.5172574625 0.4113685791666667 0.3295009984375
4 0.5450898333333334 0.3517138453125 0.3664693125 0.37054145312500003 0.3952687125 0.5242302375000001 0.5738892333333333 0.5054026296874999 0.5450898333333334 0.3517138453125
4 0.3435249458333333 0.449754875 0.1812978958333333 0.46685451875000006 0.20376142916666667 0.586731771875 0.3659884791666667 0.5696321281250001 0.3435249458333333 0.449754875
4 0.633823225 0.4442317078125 0.4804759708333333 0.46039537187499996 0.5019795229166667 0.5751496656249999 0.6553267770833333 0.5589860015625 0.633823225 0.4442317078125
4 0.52868165625 0.5113431953124999 0.3620147083333333 0.5289108296875 0.3858702104166667 0.6562163734375 0.5525371583333333 0.6386487390625 0.52868165625 0.5113431953124999
4 0.4325038583333333 0.5175627656249999 0.3355091604166667 0.527786553125 0.35293279583333337 0.62076826875 0.4499274958333333 0.61054448125 0.4325038583333333 0.5175627656249999
4 0.6205285041666666 0.5823750890625 0.48391625208333333 0.5967747890624999 0.5037878375 0.7028200499999999 0.6404000895833334 0.68842035 0.6205285041666666 0.5823750890625
4 0.5821755750000001 0.6843704546875 0.47766720208333335 0.6953862265625 0.49389086249999997 0.781964240625 0.5983992375 0.7709484703125 0.5821755750000001 0.6843704546875
4 0.47713457708333334 0.6377155453125 0.3442791604166667 0.6517192546875 0.36386275208333335 0.756227628125 0.49671816875 0.7422239203125 0.47713457708333334 0.6377155453125