4 0.7822365104166666 0.9208797140625 0.9232606020833334 0.935744446875 0.9483316041666666 0.8019523609375 0.8073075125 0.787087628125 0.7822365104166666 0.9208797140625
3 0.30697941458333333 0.6234641046875 0.14374273958333333 0.606258040625 0.12099491875 0.7276524046875 0.28423159375 0.7448584687500001 0.30697941458333333 0.6234641046875
3 0.8289738083333333 0.6171159703125 0.6299214895833334 0.5961347359375 0.6020433104166667 0.7449074015625 0.8010956291666667 0.7658886359375 0.8289738083333333 0.6171159703125
5 0.19699712916666667 0.5300895421875 0.059933422916666666 0.51564225625 0.041928764583333326 0.6117246046875 0.17899247291666667 0.626171890625 0.19699712916666667 0.5300895421875
4 0.32446098958333336 0.5170545093750001 0.19290738125 0.50318801875 0.17495112291666667 0.5990120796875 0.30650473125000005 0.6128785703124999 0.32446098958333336 0.5170545093750001
5 0.9684668375 0.5323905484375 0.775269 0.512026409375 0.74908480625 0.6517590703125 0.9422826458333333 0.672123209375 0.9684668375 0.5323905484375
4 0.2985291291666667 0.40712244374999995 0.17902886041666666 0.3945264421875 0.16276658958333332 0.4813104984375 0.28226685625 0.4939065 0.2985291291666667 0.40712244374999995
4 0.8613028895833333 0.45208734687499996 0.7414582395833332 0.43945504687500003 0.7213239979166667 0.5469019734375 0.8411686479166666 0.5595342734375001 0.8613028895833333 0.45208734687499996
4 0.8037102687500001 0.41928293281249995 0.6273871041666667 0.4006974796875 0.60188050625 0.5368141390625001 0.77820366875 0.5553995921875 0.8037102687500001 0.41928293281249995
4 0.8559222125 0.33181058750000003 0.7030169708333334 0.3156935140625 0.6828827291666666 0.423140440625 0.8357879708333333 0.4392575140625 0.8559222125 0.33181058750000003
4 0.88519088125 0.34990875625 0.8028837812499999 0.34123312499999997 0.78565351875 0.433182896875 0.8679606187500001 0.44185852812500004 0.88519088125 0.34990875625
3 0.1933914625 0.281335096875 0.08869958541666666 0.27029998437499997 0.07437329791666666 0.34675260625000004 0.179065175 0.35778771875 0.1933914625 0.281335096875
3 0.1238479 0.1998612421875 0.0527331875 0.1923653515625 0.036470916666666665 0.27914940625 0.10758562916666665 0.286645296875 0.1238479 0.1998612421875
3 0.21899203125 0.241233078125 0.11051196041666667 0.2297986671875 0.09715366458333333 0.3010855703125 0.20563373541666669 0.3125199796875 0.21899203125 0.241233078125
5 0.26377742708333335 0.19432976562499998 0.16149621666666666 0.18354874999999998 0.14750872708333332 0.2581933703125 0.2497899375 0.2689743859375 0.26377742708333335 0.19432976562499998
4 0.25973329375 0.1418844640625 0.1770818125 0.13317253281250002 0.16609509791666666 0.1918034296875 0.24874658125 0.20051536093750003 0.25973329375 0.1418844640625
4 0.26124393958333336 0.0804110265625 0.17928122083333334 0.07177169375 0.1677137125 0.1335020203125 0.24967643125 0.142141353125 0.26124393958333336 0.0804110265625
4 0.19392205833333334 0.1154569171875 0.09921723541666667 0.10547449687499999 0.08527814583333333 0.1798608296875 0.17998296875 0.18984325 0.19392205833333334 0.1154569171875