1 0.3105431106471816 0.7666926390625 0.19610379540709813 0.7864666546875 0.23099720668058454 0.8995854765625 0.34543652192066804 0.8798114609375001 0.3105431106471816 0.7666926390625
1 0.35746534237995825 0.712030384375 0.19998616701461377 0.7392412765625 0.2377295929018789 0.8615993828124999 0.3952087661795407 0.8343884921875 0.35746534237995825 0.712030384375
1 0.41295037995824635 0.6845577406250001 0.29684285386221293 0.7046200078125 0.33273762212943636 0.8209850640624999 0.4488451482254697 0.800922796875 0.41295037995824635 0.6845577406250001
1 0.866749630480167 0.5613006671874999 0.6829127118997912 0.593065925 0.7257399457202506 0.7319049203125 0.9095768643006263 0.7001396640625 0.866749630480167 0.5613006671874999
1 0.7084454697286012 0.5590643578125001 0.5359523903966598 0.5888695078125 0.573926897703549 0.7119767453125 0.7464199770354906 0.6821715953124999 0.7084454697286012 0.5590643578125001
1 0.501913891440501 0.2324409609375 0.3340918058455115 0.2614390078125 0.3731446951983299 0.3880421921875 0.5409667828810021 0.35904414375 0.501913891440501 0.2324409609375
1 0.6318963256784969 0.23457361406250002 0.5067804572025052 0.25619243593749996 0.5372833068893528 0.3550777625 0.6623991753653444 0.33345894062500003 0.6318963256784969 0.23457361406250002
1 0.5341675532359081 0.171239103125 0.4190609540709812 0.19112841875 0.44733001043841336 0.28277214375000004 0.5624366096033403 0.262882828125 0.5341675532359081 0.171239103125
2 0.39562327348643006 0.047360976562500004 0.29619786430062633 0.06454073437499999 0.32200204175365343 0.148193725 0.4214274509394572 0.1310139671875 0.39562327348643006 0.047360976562500004
1 0.433180133611691 0.012465348437499999 0.34776770146137786 0.027223798437500002 0.3702597014613779 0.1001392421875 0.455672133611691 0.0853807921875 0.433180133611691 0.012465348437499999
1 0.2012360814196242 0.37132331875 0.15586072442588725 0.37916374531249997 0.17550271189979122 0.44283990156249997 0.22087806889352818 0.43499947499999997 0.2012360814196242 0.37132331875
1 0.20894085594989562 0.3102864625 0.12786577244258873 0.324295459375 0.14874019832985386 0.391966984375 0.22981528183716074 0.3779579875 0.20894085594989562 0.3102864625
1 0.23866227139874738 0.3177758484375 0.19995976409185803 0.3244632703125 0.2125922567849687 0.3654157796875 0.2512947661795407 0.3587283578125 0.23866227139874738 0.3177758484375
1 0.2126215427974948 0.292028134375 0.13354831315240084 0.3056912296875 0.14594972442588727 0.345894609375 0.22502295407098122 0.3322315125 0.2126215427974948 0.292028134375
1 0.06124212526096033 0.45521847656250003 0.01286399164926931 0.46357775468750007 0.020412676409185804 0.488049375 0.0687908121085595 0.479690096875 0.06124212526096033 0.45521847656250003
1 0.08541692693110646 0.43959993124999996 0.053720906054279746 0.4450767 0.06080742797494781 0.468050059375 0.09250344676409186 0.46257329062499997 0.08541692693110646 0.43959993124999996
2 0.05519611899791232 0.4407449859375 0.013824471816283924 0.44789361093749996 0.019986663883089773 0.46787044375000003 0.06135831106471816 0.4607218203125 0.05519611899791232 0.4407449859375
2 0.07337072442588727 0.468903971875 0.04968211899791232 0.4729971359375 0.059233517745302715 0.503961228125 0.08292212108559499 0.49986806406250006 0.07337072442588727 0.468903971875
1 0.07857973068893528 0.5626911125 0.028867025052192068 0.571280990625 0.042038709812108555 0.6139814718750001 0.09175141544885178 0.6053915937500001 0.07857973068893528 0.5626911125
1 0.07550689770354906 0.72077105625 0.05598882463465553 0.72414359375 0.06631049478079332 0.7576047906250001 0.08582856993736952 0.7542322546875 0.07550689770354906 0.72077105625
1 0.12628672442588726 0.728172521875 0.0675656764091858 0.7383189546875 0.07611571816283925 0.7660368125 0.1348367661795407 0.7558903781249999 0.12628672442588726 0.728172521875