3 0 0.42920673125000003 0.075641025 0.42920673125000003 0.075641025 0.3275240390625 0 0.3275240390625 0 0.42920673125000003
3 0.5764423083333334 0.18858173125 0.3209935895833333 0.18858173125 0.3209935895833333 0.3878605765625 0.5764423083333334 0.3878605765625 0.5764423083333334 0.18858173125
3 0.4094551291666667 0.26766826875 0.2184294875 0.26766826875 0.2184294875 0.420072115625 0.4094551291666667 0.420072115625 0.4094551291666667 0.26766826875
3 0.2580128208333333 0.376802884375 0.10480769166666667 0.376802884375 0.10480769166666667 0.482091346875 0.2580128208333333 0.482091346875 0.2580128208333333 0.376802884375
3 0.6865384625 0.340625 0.513141025 0.340625 0.513141025 0.484375 0.6865384625 0.484375 0.6865384625 0.340625
4 0.2323717958333333 0.47680288437499996 0.13910256458333334 0.47680288437499996 0.13910256458333334 0.5248798078125 0.2323717958333333 0.5248798078125 0.2323717958333333 0.47680288437499996
3 0.7639423083333334 0.40360576875 0.6370192312499999 0.40360576875 0.6370192312499999 0.5014423078125 0.7639423083333334 0.5014423078125 0.7639423083333334 0.40360576875
5 0.8302884625 0.4868990390625 0.6940705125 0.4868990390625 0.6940705125 0.580408653125 0.8302884625 0.580408653125 0.8302884625 0.4868990390625
3 0.5921474354166667 0.4407451921875 0.38830128125 0.4407451921875 0.38830128125 0.5905048078124999 0.5921474354166667 0.5905048078124999 0.5921474354166667 0.4407451921875
5 0.6759615375 0.5162259609375 0.54391025625 0.5162259609375 0.54391025625 0.6152644234375 0.6759615375 0.6152644234375 0.6759615375 0.5162259609375
4 0.8169871791666666 0.593990384375 0.7464743583333333 0.593990384375 0.7464743583333333 0.6661057687499999 0.8169871791666666 0.6661057687499999 0.8169871791666666 0.593990384375
4 0.07516025625 0.5298076921875 0.020352564583333333 0.5298076921875 0.020352564583333333 0.5629807687499999 0.07516025625 0.5629807687499999 0.07516025625 0.5298076921875
4 0.22307692291666664 0.5253605765625 0.13044871875 0.5253605765625 0.13044871875 0.5808894234374999 0.22307692291666664 0.5808894234374999 0.22307692291666664 0.5253605765625
4 0.28701923125 0.5389423078125 0.1915064104166667 0.5389423078125 0.1915064104166667 0.603125 0.28701923125 0.603125 0.28701923125 0.5389423078125
5 0.399358975 0.439783653125 0.2509615375 0.439783653125 0.2509615375 0.560697115625 0.399358975 0.560697115625 0.399358975 0.439783653125
5 0.5100961541666666 0.5394230765625 0.3459935895833333 0.5394230765625 0.3459935895833333 0.652884615625 0.5100961541666666 0.652884615625 0.5100961541666666 0.5394230765625
4 0.7833333333333333 0.5890625 0.6580128208333333 0.5890625 0.6580128208333333 0.6900240390625 0.7833333333333333 0.6900240390625 0.7833333333333333 0.5890625
4 0.6834935895833334 0.5996394234375 0.5863782041666667 0.5996394234375 0.5863782041666667 0.6842548078124999 0.6834935895833334 0.6842548078124999 0.6834935895833334 0.5996394234375
5 0.7266025645833333 0.494471153125 0.6458333333333334 0.494471153125 0.6458333333333334 0.572596153125 0.7266025645833333 0.572596153125 0.7266025645833333 0.494471153125
4 0.7161858979166666 0.690865384375 0.6520833333333333 0.690865384375 0.6520833333333333 0.7646634609375 0.7161858979166666 0.7646634609375 0.7161858979166666 0.690865384375
4 0.8011217958333333 0.6938701921875 0.6719551291666667 0.6938701921875 0.6719551291666667 0.7900240390625 0.8011217958333333 0.7900240390625 0.8011217958333333 0.6938701921875
4 0.77451923125 0.77860576875 0.656891025 0.77860576875 0.656891025 0.86610576875 0.77451923125 0.86610576875 0.77451923125 0.77860576875
3 0.26458333333333334 0.8134615390625 0.17868589791666667 0.8134615390625 0.17868589791666667 0.8800480765625001 0.26458333333333334 0.8800480765625001 0.26458333333333334 0.8134615390625
3 0.22067307708333334 0.8525240390625 0.12323717916666667 0.8525240390625 0.12323717916666667 0.9265625 0.22067307708333334 0.9265625 0.22067307708333334 0.8525240390625
3 0.12371794791666665 0.9021634609375001 0.011858974999999999 0.9021634609375001 0.011858974999999999 0.9920673078125001 0.12371794791666665 0.9920673078125001 0.12371794791666665 0.9021634609375001
4 0.21618589791666667 0.9537259609375001 0.12451923125 0.9537259609375001 0.12451923125 0.9996394234375 0.21618589791666667 0.9996394234375 0.21618589791666667 0.9537259609375001