3 0.76785714375 0.1671626984375 0.6031746041666667 0.1671626984375 0.6031746041666667 0.327876984375 0.76785714375 0.327876984375 0.76785714375 0.1671626984375
4 0.7174272479166667 0.3307291671875 0.5676256604166666 0.3307291671875 0.5676256604166666 0.47284226250000005 0.7174272479166667 0.47284226250000005 0.7174272479166667 0.3307291671875
4 0.6856812166666667 0.47333829375 0.5395171958333334 0.47333829375 0.5395171958333334 0.605034721875 0.6856812166666667 0.605034721875 0.6856812166666667 0.47333829375
5 0.506117725 0.262648809375 0.3649140208333333 0.262648809375 0.3649140208333333 0.403521825 0.506117725 0.403521825 0.506117725 0.262648809375
4 0.48677248749999996 0.3988095234375 0.34953703750000004 0.3988095234375 0.34953703750000004 0.5262896828125 0.48677248749999996 0.5262896828125 0.48677248749999996 0.3988095234375
4 0.44097222291666666 0.526413690625 0.30274470833333333 0.526413690625 0.30274470833333333 0.6318204359374999 0.44097222291666666 0.6318204359374999 0.44097222291666666 0.526413690625
4 0.6413690479166667 0.630084325 0.5100859791666666 0.630084325 0.5100859791666666 0.7558283734375 0.6413690479166667 0.7558283734375 0.6413690479166667 0.630084325
4 0.5512566145833334 0.7593005953125 0.4494047625 0.7593005953125 0.4494047625 0.8582589281249999 0.5512566145833334 0.8582589281249999 0.5512566145833334 0.7593005953125
4 0.4548611104166667 0.6294642859375 0.332175925 0.6294642859375 0.332175925 0.7430555562500001 0.4548611104166667 0.7430555562500001 0.4548611104166667 0.6294642859375
4 0.386574075 0.724454365625 0.2771164020833333 0.724454365625 0.2771164020833333 0.8320932546875 0.386574075 0.8320932546875 0.386574075 0.724454365625
4 0.46577381041666666 0.7982390875 0.3609457666666666 0.7982390875 0.3609457666666666 0.9048859125 0.46577381041666666 0.9048859125 0.46577381041666666 0.7982390875