3 0.38987869311064716 0.5208462 0.2482383444676409 0.5021539625 0.2257367014613779 0.5976644390625 0.36737704801670146 0.6163566765625 0.38987869311064716 0.5208462
4 0.4699516388308977 0.776161315625 0.3868149123173278 0.765189784375 0.3739654467640918 0.8197306203125001 0.4571021732776618 0.8307021515624999 0.4699516388308977 0.776161315625
4 0.4015813549060543 0.792352559375 0.31057572025052194 0.780342571875 0.2944083194154488 0.8489667203125 0.3854139540709812 0.8609767093749999 0.4015813549060543 0.792352559375
4 0.33225159081419625 0.7894076343750001 0.2781956137787056 0.7822738828125 0.2617265824634656 0.852178334375 0.3157825594989562 0.8593120859375001 0.33225159081419625 0.7894076343750001
4 0.32607379540709813 0.7377682171875 0.23438390814196242 0.725667928125 0.2179752025052192 0.7953163203125 0.3096650897703549 0.8074166093749999 0.32607379540709813 0.7377682171875
4 0.2797420647181629 0.7113241796875001 0.18086752609603338 0.6982757328125 0.16343327557411272 0.772277146875 0.26230781628392486 0.7853255921875 0.2797420647181629 0.7113241796875001
4 0.3475109624217119 0.5996098046875 0.27326952400835075 0.5898121828125 0.26277277870563676 0.6343666671875 0.3370142171189979 0.644164290625 0.3475109624217119 0.5996098046875
4 0.2740850709812108 0.5384356218749999 0.2190027139874739 0.53116641875 0.20392118371607515 0.5951814828125 0.25900354070981213 0.6024506859375001 0.2740850709812108 0.5384356218749999
4 0.4666331628392484 0.5169823265625 0.37117988517745304 0.504385384375 0.3526597661795407 0.582995884375 0.44811304175365346 0.5955928265625 0.4666331628392484 0.5169823265625
5 0.4191560730688935 0.4998919078125 0.33533509394572025 0.4888300765625 0.32646715448851776 0.5264709359374999 0.4102881315240084 0.5375327671875 0.4191560730688935 0.4998919078125
4 0.3614705052192067 0.4542600671875 0.25404280167014615 0.4400828625 0.23721181419624218 0.5115236750000001 0.34463951565762 0.5257008796875 0.3614705052192067 0.4542600671875
4 0.4176556388308977 0.43962900937500005 0.3283606388308977 0.4278447734375 0.31315845511482254 0.4923719578125 0.40245345511482256 0.50415619375 0.4176556388308977 0.43962900937500005
4 0.45605708141962426 0.35149725468750004 0.3527348956158664 0.33786185468749996 0.33337021085594987 0.4200571984375 0.4366923966597077 0.4336925984375 0.45605708141962426 0.35149725468750004
4 0.5551856576200417 0.3237879078125 0.43749416283924847 0.30825619375 0.4165006722338205 0.3973651625 0.5341921670146138 0.4128968765625 0.5551856576200417 0.3237879078125
4 0.5004679645093946 0.22138708437500002 0.359511872651357 0.2027851484375 0.3332700083507307 0.3141713609375 0.47422610229645096 0.3327732984375 0.5004679645093946 0.22138708437500002
4 0.7253345845511483 0.1915258265625 0.5881418810020878 0.17342054375 0.5642527348643006 0.27482040625000004 0.7014454405010438 0.2929256890625 0.7253345845511483 0.1915258265625
4 0.5679809791231732 0.681245446875 0.4995556910229645 0.6722153796875 0.48821437995824635 0.720354709375 0.5566396680584551 0.7293847765625 0.5679809791231732 0.681245446875
4 0.7900433486430063 0.2897007171875 0.6617459331941544 0.27276934218750004 0.6361676576200418 0.3813388921875 0.7644650730688936 0.39827026718749997 0.7900433486430063 0.2897007171875
4 1 0.28691415781249996 0.8849375114822546 0.27172939218750003 0.8643663048016701 0.359045940625 0.9967692379958246 0.3765191203125 1 0.3628058265625 1 0.28691415781249996
4 0.8300934405010438 0.40943942968749997 0.7243763716075157 0.3954879765625 0.7041671189979123 0.4812681625 0.8098841899791231 0.49521961406250004 0.8300934405010438 0.40943942968749997
3 1 0.514104640625 0.9832203924843423 0.511890240625 0.9734475594989562 0.553372003125 0.994485127348643 0.556148325 1 0.5327398984375 1 0.514104640625
4 0.9689148559498956 0.5823442296875 0.9877286012526096 0.5848270734375001 0.9950280626304802 0.5538437828125 0.9762143152400835 0.5513609374999999 0.9689148559498956 0.5823442296875
4 0.9337913653444677 0.4955983125 0.846891248434238 0.484130128125 0.8340417849686848 0.5386709625 0.9209419018789144 0.550139146875 0.9337913653444677 0.4955983125
4 0.7446814467640918 0.5002119328125 0.7039684008350732 0.49483904375 0.694436872651357 0.5352965640625 0.7351499185803758 0.5406694546875 0.7446814467640918 0.5002119328125
4 0.8120675177453027 0.494187640625 0.7518532630480167 0.48624118125000004 0.7411755386221294 0.5315638468749999 0.8013897933194154 0.53951030625 0.8120675177453027 0.494187640625
4 0.7994969290187891 0.5333200234375 0.7375720438413361 0.5251478125 0.729126388308977 0.5609962484375 0.7910512713987474 0.5691684578125 0.7994969290187891 0.5333200234375