5 0.4434544833333333 0.31978035625 0.5891857083333334 0.3216881671875 0.5920418479166667 0.198967134375 0.44631062083333334 0.1970593234375 0.4434544833333333 0.31978035625
5 0.7388395041666667 0.1158074546875 0.74146294375 0.0030849000000000002 0.6223943229166667 0.0015261359375 0.6197708833333333 0.1142486921875 0.7388395041666667 0.1158074546875
5 0.6394847208333334 0.334677290625 0.7819287770833333 0.33654206875 0.7845809041666667 0.2225868234375 0.6421368479166667 0.22072204687500002 0.6394847208333334 0.334677290625
4 0.6942481687500001 0.3599185 0.762183025 0.3608078546875 0.7631138208333332 0.320813946875 0.6951789625 0.31992459218749997 0.6942481687500001 0.3599185
4 0.7853488083333333 0.26808325625 0.8120114145833334 0.2684323046875 0.8124321833333333 0.2503528671875 0.7857695791666667 0.2500038203125 0.7853488083333333 0.26808325625
4 0.7665077124999999 0.410461065625 0.8359035333333333 0.41136954687499994 0.8370829645833333 0.36069233437500003 0.76768714375 0.359783853125 0.7665077124999999 0.410461065625
4 1 0.3526865984375 0.9688056729166666 0.352278225 0.9670970895833333 0.42569169999999995 1 0.4261224421875 1 0.3526865984375
4 0.8971980333333334 0.4228585296875 0.9757248854166666 0.4238865484375 0.9767576854166666 0.379509746875 0.8982308333333333 0.378481728125 0.8971980333333334 0.4228585296875
4 0.8921585791666666 0.5059559078125 0.9451185458333333 0.5066492218749999 0.9459919625000001 0.46912069375 0.8930319958333333 0.468427378125 0.8921585791666666 0.5059559078125
4 1 0.48010326562500005 0.9541534375 0.47950307499999995 0.9525723604166667 0.5474379328125 0.9989579875000001 0.54804518125 1 0.50327255625 1 0.48010326562500005
4 0.5015810583333333 0.5537275078125 0.6527909020833333 0.555707040625 0.655315525 0.447230415625 0.50410568125 0.44525088124999995 0.5015810583333333 0.5537275078125
4 0.525654875 0.68885771875 0.6527588000000001 0.6905216734375 0.6550092833333333 0.593824075 0.5279053583333334 0.5921601203125 0.525654875 0.68885771875
4 0.6230266145833333 0.6336854875 0.7409995125 0.63522990625 0.7431033645833334 0.5448327187500001 0.6251304645833333 0.5432883000000001 0.6230266145833333 0.6336854875
4 0.6812612854166668 0.6981561890625 0.7784154354166667 0.6994280640625 0.78038540625 0.6147834234375 0.68323125625 0.6135115484375 0.6812612854166668 0.6981561890625
4 0.52493825625 0.8059894671875 0.6326844 0.8074000046875 0.6345268645833334 0.72823398125 0.52678071875 0.7268234437500001 0.52493825625 0.8059894671875
4 0.63162826875 0.7899862671875 0.6966411958333333 0.7908373703125 0.6981138916666667 0.7275593375 0.6331009645833333 0.726708234375 0.63162826875 0.7899862671875
4 0.5307380916666667 0.8942980109375 0.6151088020833334 0.8954025328125 0.61677275625 0.8239065734375 0.5324020458333333 0.8228020515625 0.5307380916666667 0.8942980109375
4 0.6134022916666667 0.8509898687499999 0.6692841916666666 0.8517214359375 0.6704062458333334 0.8035096015625 0.6145243458333333 0.8027780359375001 0.6134022916666667 0.8509898687499999
4 0.10139494166666667 0.1666495734375 0.16567738750000002 0.1674911140625 0.1668058166666667 0.11900535000000001 0.10252337291666666 0.118163809375 0.10139494166666667 0.1666495734375
4 0.11460368124999999 0.1328447171875 0.18326902083333335 0.1337436359375 0.18450583125 0.08060104375 0.11584048958333333 0.0797021265625 0.11460368124999999 0.1328447171875
4 0.042679539583333335 0.20917517812500003 0.09016089166666667 0.209796771875 0.09096417916666667 0.17528148125 0.04348282916666667 0.1746598875 0.042679539583333335 0.20917517812500003
4 0.06265276458333333 0.0495492890625 0.11122984166666666 0.050185225 0.111943875 0.0195049671875 0.0633668 0.01886903125 0.06265276458333333 0.0495492890625
4 0.10955753124999999 0.294721128125 0.16069129375 0.29539053593750003 0.16148183125 0.26142310625 0.11034806875 0.26075370000000003 0.10955753124999999 0.294721128125
4 0.18510631875 0.227480590625 0.2504844854166667 0.228336475 0.25161291666666663 0.179850709375 0.18623474791666667 0.178994825 0.18510631875 0.227480590625
4 0.24913282708333334 0.23146994531249998 0.3093976208333334 0.2322588890625 0.31048779791666664 0.1854167109375 0.25022300625 0.184627765625 0.24913282708333334 0.23146994531249998
4 0.3365656270833333 0.171646365625 0.39500421458333335 0.1724114015625 0.39620277291666667 0.120912396875 0.3377641854166667 0.12014735937500001 0.3365656270833333 0.171646365625
4 0.38350189166666665 0.195689046875 0.4477843354166666 0.19653058750000002 0.44893826666666664 0.14694909843749998 0.38465582083333333 0.1461075578125 0.38350189166666665 0.195689046875
4 0.26353957708333337 0.3581161640625 0.31869099375 0.35883816875 0.31962178958333337 0.3188442609375 0.2644703729166667 0.31812225625 0.26353957708333337 0.3581161640625
4 0.37632351875 0.3706902328125 0.4132128770833334 0.3711731625 0.41390141041666667 0.34158862968750003 0.3770120520833334 0.3411057 0.37632351875 0.3706902328125
4 0.3436033875 0.324501490625 0.3921804625 0.3251374265625 0.3931431354166667 0.283773865625 0.3445660583333333 0.283137928125 0.3436033875 0.324501490625
4 0.022886470833333335 0 0.022689297916666667 0.008471992187500001 0.04679521666666667 0.0087875703125 0.04699973333333333 0 0.022886470833333335 0
4 0.051972820833333336 0.28081458125 0.07133060208333333 0.281068 0.0717705 0.26216676875 0.05241271666666667 0.26191335 0.051972820833333336 0.28081458125
4 0.30110236041666666 0 0.30104358333333336 0.0025255109375000003 0.3251495020833334 0.0028410890625 0.325215625 0 0.30110236041666666 0
4 0.20503418125 0.171842546875 0.26347276666666664 0.17260758437499998 0.26446731458333333 0.1298743671875 0.20602872916666665 0.1291093296875 0.20503418125 0.171842546875
4 0.12704993125 0.288784803125 0.18366231041666667 0.2895259328125 0.1847397375 0.243231615625 0.12812735833333333 0.24249048593750003 0.12704993125 0.288784803125
5 0.7302394958333333 0.6501598328125 0.8010962833333333 0.651087440625 0.8022247124999999 0.6026016750000001 0.731367925 0.60167406875 0.7302394958333333 0.6501598328125
5 0.7911810895833333 0.6846614 0.8565592604166666 0.6855172859375 0.8576494375 0.63867510625 0.79227126875 0.637819221875 0.7911810895833333 0.6846614
5 0.8082057354166667 0.651728540625 0.8812539687500001 0.6526848375000001 0.8824907770833333 0.599542246875 0.80944254375 0.5985859515625 0.8082057354166667 0.651728540625
5 0.8446620458333334 0.9455381484375 0.91478835 0.9464561937499999 0.9160570375 0.8919439484374999 0.84593073125 0.8910259046875 0.8446620458333334 0.9455381484375
4 0.33322340208333334 0.464386928125 0.34965925416666666 0.4646020953125 0.34998439583333335 0.45063162031250004 0.33354854375 0.450416453125 0.33322340208333334 0.464386928125
4 0.15807860208333332 0.03874190625 0.2051947125 0.039358717187499996 0.20606812916666667 0.0018301874999999998 0.15895201875 0.0012133765624999999 0.15807860208333332 0.03874190625
4 0.18157605625 0.2849773859375 0.23672747291666668 0.28569938906250003 0.23772839791666664 0.242692240625 0.18257697916666665 0.2419702375 0.18157605625 0.2849773859375
4 0.3271327916666667 0.24728783906250001 0.37570986666666667 0.24792377656250003 0.37650678125 0.21368241718749997 0.32792970416666667 0.21304648125 0.3271327916666667 0.24728783906250001
4 0.31901636041666664 0.211422715625 0.36978488125000003 0.21208734062499998 0.3707093020833333 0.1723673640625 0.3199407791666667 0.1717027375 0.31901636041666664 0.211422715625