5 0.4711538458333333 0.2550480765625 0.22179487083333335 0.2550480765625 0.22179487083333335 0.43485576875 0.4711538458333333 0.43485576875 0.4711538458333333 0.2550480765625
3 0.74951923125 0.19435096093749998 0.4908653854166667 0.19435096093749998 0.4908653854166667 0.39795673125 0.74951923125 0.39795673125 0.74951923125 0.19435096093749998
4 0.7238782041666667 0.38076923125 0.5863782041666667 0.38076923125 0.5863782041666667 0.4896634609375 0.7238782041666667 0.4896634609375 0.7238782041666667 0.38076923125
4 0.6650641020833333 0.3943509609375 0.45128205208333333 0.3943509609375 0.45128205208333333 0.5477163468749999 0.6650641020833333 0.5477163468749999 0.6650641020833333 0.3943509609375
4 0.40240384583333333 0.48641826874999994 0.19983974375000002 0.48641826874999994 0.19983974375000002 0.6311298078124999 0.40240384583333333 0.6311298078124999 0.40240384583333333 0.48641826874999994
4 0.6330128208333333 0.5612980765625 0.46474358958333334 0.5612980765625 0.46474358958333334 0.6822115390625 0.6330128208333333 0.6822115390625 0.6330128208333333 0.5612980765625
4 0.5636217958333333 0.672596153125 0.4408653854166667 0.672596153125 0.4408653854166667 0.7697115390625 0.5636217958333333 0.7697115390625 0.5636217958333333 0.672596153125
3 0.4583333333333333 0.625 0.35993589791666664 0.625 0.35993589791666664 0.6961538468749999 0.4583333333333333 0.6961538468749999 0.4583333333333333 0.625
3 0.38493589791666666 0.6201923078125 0.3044871791666666 0.6201923078125 0.3044871791666666 0.6870192312500001 0.38493589791666666 0.6870192312500001 0.38493589791666666 0.6201923078125
3 0.42676282083333333 0.6795673078125 0.30977564166666666 0.6795673078125 0.30977564166666666 0.755528846875 0.42676282083333333 0.755528846875 0.42676282083333333 0.6795673078125
4 0.4076923083333333 0.73076923125 0.30576923125 0.73076923125 0.30576923125 0.8067307687499999 0.4076923083333333 0.8067307687499999 0.4076923083333333 0.73076923125
4 0 0.661658653125 0.05705128125 0.661658653125 0.05705128125 0.6167067312500001 0 0.6167067312500001 0 0.661658653125
4 0.13573717916666667 0.6472355765625 0.08798076875000001 0.6472355765625 0.08798076875000001 0.6813701921875001 0.13573717916666667 0.6813701921875001 0.13573717916666667 0.6472355765625
5 0.2790064104166667 0.7451923078125 0.18990384583333333 0.7451923078125 0.18990384583333333 0.8185096156249999 0.2790064104166667 0.8185096156249999 0.2790064104166667 0.7451923078125
4 0.4733974354166667 0.723197115625 0.4041666666666667 0.723197115625 0.4041666666666667 0.786177884375 0.4733974354166667 0.786177884375 0.4733974354166667 0.723197115625
3 0.33798076875 0.8137019234375 0.2940705125 0.8137019234375 0.2940705125 0.8490384609375001 0.33798076875 0.8490384609375001 0.33798076875 0.8137019234375
4 0.4711538458333333 0.7899038468749999 0.43108974375000003 0.7899038468749999 0.43108974375000003 0.8302884609375001 0.4711538458333333 0.8302884609375001 0.4711538458333333 0.7899038468749999
4 0.20769230833333333 0.775721153125 0.12724358958333334 0.775721153125 0.12724358958333334 0.8365384609375001 0.20769230833333333 0.8365384609375001 0.20769230833333333 0.775721153125
4 0.21137820416666667 0.81670673125 0.14567307708333335 0.81670673125 0.14567307708333335 0.8638221156249999 0.21137820416666667 0.8638221156249999 0.21137820416666667 0.81670673125
4 0.10304487083333333 0.55985576875 0.040865385416666664 0.55985576875 0.040865385416666664 0.613221153125 0.10304487083333333 0.613221153125 0.10304487083333333 0.55985576875
4 0.5386217958333333 0.518028846875 0.44727564166666667 0.518028846875 0.44727564166666667 0.574278846875 0.5386217958333333 0.574278846875 0.5386217958333333 0.518028846875
4 0.6399038458333333 0.5493990390625 0.5764423083333334 0.5493990390625 0.5764423083333334 0.5743990390625 0.6399038458333333 0.5743990390625 0.6399038458333333 0.5493990390625