4 0.13683480416666666 0.08458855937500001 0.0563503 0.07824411249999999 0.04122779791666666 0.18615486406249998 0.12171230208333333 0.1924993109375 0.13683480416666666 0.08458855937500001
4 0.2492426 0.11586607499999999 0.11834848125 0.10554793124999999 0.10326189791666666 0.21320236406249998 0.23415601875 0.2235205078125 0.2492426 0.11586607499999999
4 0.6148157166666667 0.262597525 0.3930134125 0.24511325312499999 0.36671965416666663 0.43273955 0.5885219583333333 0.45022382031249997 0.6148157166666667 0.262597525
4 0.21318416041666666 0.40029322343749996 0.15918606458333334 0.3960366515625 0.15304366875 0.4398673859375 0.20704176666666668 0.44412395781249997 0.21318416041666666 0.40029322343749996
4 0.7295010479166667 0.43295984218749994 0.554519875 0.41916639531250005 0.536236375 0.5496333140624999 0.7112175458333333 0.5634267609375 0.7295010479166667 0.43295984218749994
4 0.5186346458333333 0.5001731781250001 0.3405776333333333 0.48613726718750006 0.3213961229166667 0.6230121875 0.49945313541666664 0.6370480984375 0.5186346458333333 0.5001731781250001
4 0.5159443270833334 0.622928546875 0.3553170770833333 0.61026659375 0.339404325 0.7238163875 0.500031575 0.736478340625 0.5159443270833334 0.622928546875
4 0.6502319916666667 0.6903979796875 0.45474521458333333 0.6749881140625 0.4350248958333333 0.8157078359375 0.6305116729166667 0.8311177015625001 0.6502319916666667 0.6903979796875
4 0 0.732435959375 0.046397420833333335 0.7360933843749999 0.05548529166666667 0.6712444046875 0 0.6668706 0 0.732435959375
4 0.43920183749999997 0.7057680828125 0.23038641666666668 0.68930754375 0.20851087083333333 0.84540646875 0.41732629375 0.8618670078124999 0.43920183749999997 0.7057680828125
4 0.51078839375 0.8249195281249999 0.31325105625000005 0.8093480203125001 0.2904775 0.9718549484375 0.4880148395833333 0.98742645625 0.51078839375 0.8249195281249999
4 0.6553570437499999 0.856011134375 0.57709398125 0.8498417999999999 0.5688682020833333 0.9085390984374999 0.6471312645833333 0.9147084328125 0.6553570437499999 0.856011134375
4 0.5323054479166667 0.8464407765624999 0.4769403125 0.8420764453125 0.46609234166666663 0.9194851078124999 0.5214574770833333 0.923849440625 0.5323054479166667 0.8464407765624999
4 0.2609961041666667 0.3254096359375 0.18375832083333332 0.319321121875 0.17549662083333334 0.378274740625 0.25273440416666665 0.3843632546875 0.2609961041666667 0.3254096359375