0 1 0.461390525 0.96382840625 0.4570937625 0.94975758125 0.52372353125 0.99996320625 0.5296873734374999 1 0.52951314375 1 0.461390525
1 1 0.529404765625 0.9727731791666667 0.5261705359375 0.9579929 0.5961597890625 0.9852420479166667 0.5993966703125 1 0.5295131421875 1 0.529404765625
2 0.8930619354166667 0.5122535828125 0.953905925 0.5194811390625 0.9649024520833334 0.46740913281249996 0.9040584625 0.460181578125 0.8930619354166667 0.5122535828125
0 1 0.5001328140625 0.9125470375 0.4897444234375 0.893332675 0.5807304515625 0.9868383187499999 0.59183783125 1 0.5295131375000001 1 0.5001328140625
2 0.9565589541666667 0.6419062390625 0.9757826708333333 0.6441897921875 0.9854194125000001 0.5985567984375 0.9661956958333333 0.5962732453124999 0.9565589541666667 0.6419062390625
1 0.9518814416666667 0.6749272546875 0.9688654999999999 0.6769447625 0.9765512458333333 0.64055035 0.9595671874999999 0.6385328421875001 0.9518814416666667 0.6749272546875
2 0.9096554708333334 0.6800990875 0.9656468729166666 0.6867502125 0.9754609770833333 0.6402773500000001 0.919469575 0.633626225 0.9096554708333334 0.6800990875
2 0.6043605229166666 0.8818834484375 0.7271683291666666 0.8964715828125 0.74673741875 0.8038058109374999 0.6239296104166667 0.7892176765625 0.6043605229166666 0.8818834484375
2 0.7008442020833333 0.8290610828125 0.8191727 0.8431171265625 0.8400424520833333 0.7442923015625 0.7217139541666667 0.7302362578125 0.7008442020833333 0.8290610828125
2 0.5828286770833333 0.7863442234375 0.7257933895833334 0.8033267625 0.7481411708333333 0.6975030140625 0.6051764562499999 0.6805204734375 0.5828286770833333 0.7863442234375
2 0.6451680208333334 0.7131080562500001 0.8807051875 0.7410871234374999 0.9170646708333333 0.568913559375 0.6815275041666666 0.54093449375 0.6451680208333334 0.7131080562500001
1 0.4825541020833333 0.636969396875 0.6844964250000001 0.6609577890625 0.7180180958333333 0.5022221640625 0.5160757729166667 0.478233771875 0.4825541020833333 0.636969396875
1 0.6484644791666666 0.2109978125 0.7768714291666666 0.226251059375 0.7964996375 0.13330533125 0.6680926875 0.118052084375 0.6484644791666666 0.2109978125
1 0.45833725833333333 0.3149710578125 0.7132847791666667 0.3452558484375 0.7547878 0.1487260265625 0.4998402791666667 0.1184412359375 0.45833725833333333 0.3149710578125
1 0.26454030833333336 0.24244620625 0.5090361 0.271489453125 0.5450408562500001 0.100995634375 0.3005450645833333 0.0719523875 0.26454030833333336 0.24244620625