1 0.8794269081419624 0.311936590625 0.9242475198329854 0.314282315625 0.9270990939457202 0.28376147343749997 0.8822784822546973 0.28141574999999996 0.8794269081419624 0.311936590625
1 0.9207741837160752 0.3356524828125 0.969268617954071 0.33819048125 0.9708870793319415 0.32086784218750003 0.9223926450939457 0.31832984375 0.9207741837160752 0.3356524828125
1 0.9559927432150314 0.3321076890625 0.9960373903966596 0.33420345937499996 0.9981696471816284 0.31138157031249997 0.958125 0.30928579843750004 0.9559927432150314 0.3321076890625
1 0.42113160542797495 0.22260470468750002 0.47072818580375786 0.22520038437499998 0.4739907995824635 0.19028014375 0.4243942171189979 0.1876844640625 0.42113160542797495 0.22260470468750002
1 0.4381404926931106 0.251954503125 0.49875853653444674 0.255127 0.5027404634655532 0.212507809375 0.4421224196242171 0.2093353125 0.4381404926931106 0.251954503125
1 0.49037145511482255 0.20067003125 0.5234358434237996 0.20240048437499997 0.5257993089770355 0.17710393124999999 0.4927349227557411 0.17537347812499998 0.49037145511482255 0.20067003125
1 0.5095550835073069 0.2284758046875 0.5668666889352818 0.23147525624999998 0.5709256847599166 0.18803117656249999 0.5136140814196242 0.185031725 0.5095550835073069 0.2284758046875
1 0.5437667891440501 0.279172646875 0.6043848308977036 0.2823451421875 0.6085465866388309 0.23780121406250002 0.5479285469728601 0.23462871718749997 0.5437667891440501 0.279172646875
1 0.35090011691022965 0.549530440625 0.40012931524008355 0.5521068921875 0.4039571043841336 0.5111374734374999 0.3547279060542798 0.5085610218750001 0.35090011691022965 0.549530440625
1 0.33030068893528186 0.46970484843750004 0.359691254697286 0.47124302812499996 0.3617207536534447 0.44952098906250004 0.33233018580375784 0.4479828078125 0.33030068893528186 0.46970484843750004
1 0.3720962776617954 0.4945494328125 0.43932719832985384 0.49806801875 0.44446517118997914 0.4430755140625 0.3772342505219207 0.4395569265625 0.3720962776617954 0.4945494328125
1 0.396121611691023 0.5752450890625 0.49237571816283926 0.580282628125 0.49928629018789145 0.506317709375 0.40303218371607513 0.5012801687499999 0.396121611691023 0.5752450890625
1 0.45056628183716074 0.6207839328125 0.5233079331941545 0.6245909281250001 0.5284972839248434 0.5690484984374999 0.4557556325678497 0.5652415015625001 0.45056628183716074 0.6207839328125
1 0.535263127348643 0.59344130625 0.5885335302713988 0.5962292578125 0.592181490605428 0.557184578125 0.5389110855949896 0.5543966265625 0.535263127348643 0.59344130625
1 0.49089972442588725 0.5703964828125 0.6077272254697286 0.5765107484375 0.6159736701461377 0.48824777656249996 0.4991461691022964 0.4821335109375 0.49089972442588725 0.5703964828125