5 0.7527968583333333 0.145416253125 0.78676031875 0.14000188593750001 0.7785098541666666 0.11089035 0.7445463958333334 0.11630471718749999 0.7527968583333333 0.145416253125
5 0.7214367520833334 0.14331601249999998 0.76122251875 0.13697346875 0.7522845166666666 0.105435971875 0.71249875 0.111778515625 0.7214367520833334 0.14331601249999998
5 0.7030001791666667 0.156397390625 0.7321117145833332 0.15175650624999998 0.7256488520833333 0.12895246875 0.6965373166666667 0.1335933546875 0.7030001791666667 0.156397390625
5 0.6966404458333333 0.1339572484375 0.7309273666666667 0.128491315625 0.7230206729166666 0.1005927609375 0.6887337520833333 0.10605869375000002 0.6966404458333333 0.1339572484375
4 0.7311125875 0.117812409375 0.7634587395833333 0.11265586875 0.7583709520833334 0.0947037546875 0.7260248020833333 0.0998602953125 0.7311125875 0.117812409375
3 0.5873438458333333 0.193851778125 0.6219542270833334 0.1883342796875 0.61377251875 0.159465340625 0.5791621374999999 0.1649828375 0.5873438458333333 0.193851778125
5 0.5735608916666667 0.17563770625 0.6075243479166667 0.170223340625 0.6000301770833333 0.14378036249999998 0.5660667208333333 0.149194728125 0.5735608916666667 0.17563770625
5 0.56219508125 0.2029320625 0.59033623125 0.1984458734375 0.5808481979166668 0.16496760625 0.5527070458333333 0.169453796875 0.56219508125 0.2029320625
4 0.062281202083333334 0.6458470109375 0.1363538875 0.634038534375 0.12170931458333333 0.5823655578125 0.047636629166666666 0.594174034375 0.062281202083333334 0.6458470109375
4 0.040132906249999996 0.6034840734375 0.11291174791666667 0.5918818578125 0.09861094375 0.5414218625 0.025832102083333332 0.553024078125 0.040132906249999996 0.6034840734375
4 0.06816641041666666 0.5640242203125 0.12541909583333333 0.55489714375 0.1150372625 0.518265128125 0.057784575 0.5273922046874999 0.06816641041666666 0.5640242203125
4 0.040390322916666666 0.5286438109375 0.09052685625 0.5206511734375 0.08048879166666666 0.48523213906249996 0.030352258333333333 0.4932247765625 0.040390322916666666 0.5286438109375
4 0 0.5102341765625 0.03284378958333333 0.5049983046875 0.024180804166666667 0.4744311921875 0 0.47828603437500006 0 0.5102341765625
4 0.5833853583333333 0.7530682296875 0.7218268833333333 0.7309982390624999 0.6933627833333333 0.630563440625 0.55492125625 0.6526334312500001 0.5833853583333333 0.7530682296875
4 0.57432356875 0.631030725 0.7302320166666667 0.606176203125 0.6994302833333333 0.4974931359375 0.5435218354166668 0.522347659375 0.57432356875 0.631030725
4 0.5041789291666666 0.5582857375 0.6312993020833333 0.5380205359375 0.6047603104166667 0.4443784296875 0.47763993541666666 0.46464363124999997 0.5041789291666666 0.5582857375
4 0.8204060958333332 0.55097825625 0.9782553125 0.5258143421875 0.94525345625 0.40936819843750005 0.7874042416666666 0.4345321140625 0.8204060958333332 0.55097825625
4 0.8581594875 0.4241399421875 0.887271025 0.41949905625 0.88183946875 0.4003339625 0.85272793125 0.4049748484375 0.8581594875 0.4241399421875
4 0.7311219375 0.44350449375 0.8650350020833333 0.4221564171875 0.8352645791666667 0.3171122921875 0.7013515145833333 0.33846036874999996 0.7311219375 0.44350449375
4 0.8795767020833334 0.420979221875 0.904159775 0.41706025156250004 0.8988657291666667 0.39838035 0.8742826541666666 0.4022993203125 0.8795767020833334 0.420979221875
4 0.7605228520833334 0.21860348593749998 0.7970740020833333 0.21277659531249998 0.7896485854166666 0.1865762140625 0.7530974333333333 0.192403103125 0.7605228520833334 0.21860348593749998
4 0.7344450479166666 0.240509709375 0.7706727354166667 0.2347343859375 0.76304105625 0.20780621406250002 0.7268133687499999 0.2135815390625 0.7344450479166666 0.240509709375
4 0.5492155833333333 0.44879598437499996 0.67180749375 0.429252696875 0.6449247333333333 0.3343976109375 0.5223328208333333 0.353940896875 0.5492155833333333 0.44879598437499996
4 0.6430766833333333 0.3869249 0.77052051875 0.36660813281250004 0.74095635625 0.262291796875 0.6135125229166667 0.2826085640625 0.6430766833333333 0.3869249
4 0.19789778125 0.2499776828125 0.22151047291666667 0.2462134078125 0.2160101625 0.22680571875000002 0.19239747291666667 0.23056999375 0.19789778125 0.2499776828125
4 0.1755251125 0.23604886406249997 0.20043165000000002 0.232078328125 0.19486258541666668 0.2124280421875 0.16995605 0.21639857812500002 0.1755251125 0.23604886406249997
4 0.16562993541666668 0.21962380312500002 0.18600801041666667 0.2163751828125 0.18140150000000002 0.200121240625 0.16102342500000003 0.2033698609375 0.16562993541666668 0.21962380312500002
4 0.15691140208333335 0.2037718328125 0.17567217083333334 0.2007810390625 0.1715469395833333 0.186225271875 0.15278617083333332 0.18921606562499999 0.15691140208333335 0.2037718328125
4 0.19982779166666667 0.212650728125 0.21567740625 0.2101240234375 0.21141466666666667 0.19508306250000002 0.19556505208333333 0.1976097671875 0.19982779166666667 0.212650728125
4 0.19760723333333333 0.2298662453125 0.21410377083333335 0.22723640937499998 0.20990978541666666 0.21243804531250002 0.19341324791666667 0.2150678796875 0.19760723333333333 0.2298662453125
3 0.48282640625 0.11314790781249999 0.50320448125 0.1098992875 0.4969478791666667 0.087823040625 0.47656980416666667 0.09107166093749999 0.48282640625 0.11314790781249999
5 0.14655414166666667 0.255500409375 0.16951990833333333 0.25183926562500003 0.16491339791666665 0.235585325 0.14194763124999998 0.2392464671875 0.14655414166666667 0.255500409375
4 0.7960529937499999 0.66008659375 0.96328259375 0.6334272828125 0.9286994 0.511401428125 0.7614698 0.5380607390625001 0.7960529937499999 0.66008659375
5 0.8879368645833333 0.0651742078125 0.8669118666666668 0.068525959375 0.8746122979166666 0.09569672343749999 0.8956372958333334 0.0923449734375 0.8879368645833333 0.0651742078125