3 0.45023148125 0.43675595312500004 0.2577711645833333 0.43675595312500004 0.2577711645833333 0.5845734125 0.45023148125 0.5845734125 0.45023148125 0.43675595312500004
5 0.22040343958333333 0.47284226250000005 0.09308862500000001 0.47284226250000005 0.09308862500000001 0.56708829375 0.22040343958333333 0.56708829375 0.22040343958333333 0.47284226250000005
4 0.2741402125 0.40066964218749995 0.20105820208333333 0.40066964218749995 0.20105820208333333 0.46465773749999995 0.2741402125 0.46465773749999995 0.2741402125 0.40066964218749995
4 0.33465608541666664 0.5262896828125 0.22982804166666665 0.5262896828125 0.22982804166666665 0.609623015625 0.33465608541666664 0.609623015625 0.33465608541666664 0.5262896828125
4 0.38128306875 0.6055307546875001 0.2119709 0.6055307546875001 0.2119709 0.7372271828125 0.38128306875 0.7372271828125 0.38128306875 0.6055307546875001
4 0.14037698333333332 0.5758928578125 0.010085979166666667 0.5758928578125 0.010085979166666667 0.674851190625 0.14037698333333332 0.674851190625 0.14037698333333332 0.5758928578125
4 0.174603175 0.663814484375 0.040343914583333335 0.663814484375 0.040343914583333335 0.7679811515625 0.174603175 0.7679811515625 0.174603175 0.663814484375
4 0.36871693125 0.7167658734375 0.23511904791666666 0.7167658734375 0.23511904791666666 0.796626984375 0.36871693125 0.796626984375 0.36871693125 0.7167658734375
4 0.48677248749999996 0.7447916671875 0.30985449791666664 0.7447916671875 0.30985449791666664 0.8712797625 0.48677248749999996 0.8712797625 0.48677248749999996 0.7447916671875
4 0.37202381041666666 0.8240327375 0.24074074166666665 0.8240327375 0.24074074166666665 0.9281994046875001 0.37202381041666666 0.9281994046875001 0.37202381041666666 0.8240327375
5 0.4775132270833333 0.5205853171875 0.36574074166666665 0.5205853171875 0.36574074166666665 0.6130952375 0.4775132270833333 0.6130952375 0.4775132270833333 0.5205853171875
4 0.4237764541666667 0.3948412703125 0.31994047708333334 0.3948412703125 0.31994047708333334 0.450644840625 0.4237764541666667 0.450644840625 0.4237764541666667 0.3948412703125
4 0.5224867729166667 0.31845238125 0.41534391458333336 0.31845238125 0.41534391458333336 0.3983134921875 0.5224867729166667 0.3983134921875 0.5224867729166667 0.31845238125
5 0.49371693125 0.46180555625 0.4325396833333333 0.46180555625 0.4325396833333333 0.5322420640625001 0.49371693125 0.5322420640625001 0.49371693125 0.46180555625
5 0.7268518520833334 0.39012896874999997 0.6140873020833334 0.39012896874999997 0.6140873020833334 0.471726190625 0.7268518520833334 0.471726190625 0.7268518520833334 0.39012896874999997
4 0.5659722229166667 0.3802083328125 0.48759920625 0.3802083328125 0.48759920625 0.4384920640625 0.5659722229166667 0.4384920640625 0.5659722229166667 0.3802083328125
4 0.71891534375 0.454241071875 0.6335978833333333 0.454241071875 0.6335978833333333 0.5065724203124999 0.71891534375 0.5065724203124999 0.71891534375 0.454241071875
5 0.8082010583333333 0.48387896875 0.6607142854166667 0.48387896875 0.6607142854166667 0.591021825 0.8082010583333333 0.591021825 0.8082010583333333 0.48387896875
4 0.7617394187500001 0.5322420640625001 0.6420304229166667 0.5322420640625001 0.6420304229166667 0.61904761875 0.7617394187500001 0.61904761875 0.7617394187500001 0.5322420640625001
4 0.8019179895833334 0.81299603125 0.7080026458333334 0.81299603125 0.7080026458333334 0.875248015625 0.8019179895833334 0.875248015625 0.8019179895833334 0.81299603125
4 0.48313492083333337 0.9729662703124999 0.35714285625000003 0.9729662703124999 0.35714285625000003 0.999751984375 0.48313492083333337 0.999751984375 0.48313492083333337 0.9729662703124999