3 0.5412365729166667 0.696452525 0.3642107270833333 0.6633494 0.31456646875 0.812683584375 0.49159231458333336 0.845786709375 0.5412365729166667 0.696452525
3 0.7595169979166666 0.64983055 0.6112704020833333 0.6221090296875 0.57272309375 0.7380626312499999 0.7209696895833333 0.7657841515625 0.7595169979166666 0.64983055
5 0.5676706374999999 0.49985810781250006 0.4264515333333333 0.4734507 0.38923919791666667 0.5853885937500001 0.5304583020833333 0.6117960015625 0.5676706374999999 0.49985810781250006
4 0.71696018125 0.52444235625 0.5827685645833333 0.4993490609375 0.5503120666666667 0.5969809890625 0.6845036833333332 0.6220742859375 0.71696018125 0.52444235625
4 0.7560973833333333 0.41366415781250004 0.6403111041666667 0.3920125859375 0.6114423416666667 0.47885229687499997 0.7272286208333333 0.50050386875 0.7560973833333333 0.41366415781250004
4 0.6080638749999999 0.390647703125 0.48525010208333336 0.36768201875 0.4542954458333333 0.46079627500000003 0.57710921875 0.48376195937500005 0.6080638749999999 0.390647703125
4 0.66380984375 0.285507825 0.5510353458333334 0.2644194453125 0.5239187333333333 0.34598853749999997 0.6366932333333334 0.36707691875 0.66380984375 0.285507825
4 0.7060989354166666 0.24223159375 0.61072584375 0.22439720625 0.5871135312500001 0.2954250625 0.6824866249999999 0.31325945 0.7060989354166666 0.24223159375
4 0.7376534916666666 0.2157422171875 0.6653707270833333 0.20222562968750002 0.6483498375 0.253425921875 0.7206326020833332 0.266942509375 0.7376534916666666 0.2157422171875
4 0.7755939104166667 0.3224060375 0.6758704645833333 0.30375815156249997 0.65100661875 0.378550734375 0.7507300625000001 0.39719861875 0.7755939104166667 0.3224060375
4 0.7699991083333334 0.2841713671875 0.7080902583333334 0.272594659375 0.6944068 0.3137556796875 0.75631565 0.3253323875 0.7699991083333334 0.2841713671875