5 1 0.35044642812500004 0.7662037041666667 0.35044642812500004 0.7662037041666667 0.515873015625 1 0.515873015625 1 0.35044642812500004
4 0.9527116395833333 0.5637400796875001 0.7268518520833334 0.5637400796875001 0.7268518520833334 0.715773809375 0.9527116395833333 0.715773809375 0.9527116395833333 0.5637400796875001
4 0.8416005291666667 0.7069692453124999 0.6716269833333333 0.7069692453124999 0.6716269833333333 0.849082340625 0.8416005291666667 0.849082340625 0.8416005291666667 0.7069692453124999
3 0.7718253958333333 0.26897321406249997 0.5909391541666668 0.26897321406249997 0.5909391541666668 0.40066964218749995 0.7718253958333333 0.40066964218749995 0.7718253958333333 0.26897321406249997
3 0.7020502645833333 0.38603670625 0.5357142854166667 0.38603670625 0.5357142854166667 0.5001240078125 0.7020502645833333 0.5001240078125 0.7020502645833333 0.38603670625
4 0.7041997354166667 0.47978670625 0.5302579374999999 0.47978670625 0.5302579374999999 0.6102430562500001 0.7041997354166667 0.6102430562500001 0.7041997354166667 0.47978670625
4 0.6544312166666667 0.620163690625 0.49074074166666665 0.620163690625 0.49074074166666665 0.7367311515625 0.6544312166666667 0.7367311515625 0.6544312166666667 0.620163690625
4 0.5924272479166667 0.4990079359375 0.48925264583333333 0.4990079359375 0.48925264583333333 0.609126984375 0.5924272479166667 0.609126984375 0.5924272479166667 0.4990079359375
4 0.5722552916666667 0.596230159375 0.46279761875 0.596230159375 0.46279761875 0.6929563484375 0.5722552916666667 0.6929563484375 0.5722552916666667 0.596230159375
4 0.4861111104166667 0.6510416671875 0.386574075 0.6510416671875 0.386574075 0.7209821421875 0.4861111104166667 0.7209821421875 0.4861111104166667 0.6510416671875
4 0.44642857083333337 0.591021825 0.325396825 0.591021825 0.325396825 0.671875 0.44642857083333337 0.671875 0.44642857083333337 0.591021825
3 0.48445767291666664 0.428571428125 0.3578042333333334 0.428571428125 0.3578042333333334 0.5136408734375 0.48445767291666664 0.5136408734375 0.48445767291666664 0.428571428125
4 0.5193452375000001 0.34821428593750003 0.3936838625 0.34821428593750003 0.3936838625 0.450148809375 0.5193452375000001 0.450148809375 0.5193452375000001 0.34821428593750003
4 0.45800264583333333 0.4704861109375 0.32837301666666663 0.4704861109375 0.32837301666666663 0.5625 0.45800264583333333 0.5625 0.45800264583333333 0.4704861109375
4 0.34160052916666667 0.4791666671875 0.22817460416666666 0.4791666671875 0.22817460416666666 0.5689484125 0.34160052916666667 0.5689484125 0.34160052916666667 0.4791666671875
4 0.2632275125 0.526909721875 0.15211640208333332 0.526909721875 0.15211640208333332 0.6037946421875 0.2632275125 0.6037946421875 0.2632275125 0.526909721875
5 0.2724867729166667 0.3225446421875 0.14583333333333334 0.3225446421875 0.14583333333333334 0.4222470234375 0.2724867729166667 0.4222470234375 0.2724867729166667 0.3225446421875
4 0.20171957708333332 0.40066964218749995 0.09391534375 0.40066964218749995 0.09391534375 0.482762896875 0.20171957708333332 0.482762896875 0.20171957708333332 0.40066964218749995
4 0.1878306875 0.49615575468750006 0.08234127083333333 0.49615575468750006 0.08234127083333333 0.5591517859375 0.1878306875 0.5591517859375 0.1878306875 0.49615575468750006