3 0.47898811691022963 0.36774369687499997 0.2589853027139875 0.4057580734375 0.3109987473903967 0.5743772828125 0.5310015615866388 0.53636290625 0.47898811691022963 0.36774369687499997
5 0.2224225782881002 0.43308460000000004 0.07688806889352819 0.4582315671875 0.11005100417536534 0.5657404609375 0.25558551356993736 0.54059349375 0.2224225782881002 0.43308460000000004
4 0.31989235281837164 0.5393158125 0.23635176409185804 0.5537508250000001 0.25886765135699374 0.6267437046875 0.3424082400835073 0.6123086921875001 0.31989235281837164 0.5393158125
4 0.33805866597077244 0.3619971859375 0.2182289561586639 0.38270261250000004 0.2475519707724426 0.47776310468750005 0.36738168267223387 0.4570576796875 0.33805866597077244 0.3619971859375
4 0.3464574509394572 0.2072261359375 0.1529154572025052 0.2406683375 0.1992562943632568 0.39089786718749997 0.3927982881002088 0.3574556671875 0.3464574509394572 0.2072261359375
4 0 0.4609381703125 0.12784562839248434 0.43884767187499996 0.0930245490605428 0.3259633359375 0 0.34203708593750004 0 0.4609381703125
4 0 0.35529798281249997 0.13603231315240083 0.3317929046875 0.09937854279749478 0.21296728593749997 0 0.2301389453125 0 0.35529798281249997
4 0.3111916283924843 0.14194928125 0.15847489979123172 0.1683372671875 0.18657612317327765 0.2594369078125 0.3392928517745303 0.2330489203125 0.3111916283924843 0.14194928125
4 0.41987327557411275 0.0334728234375 0.21763701043841335 0.0684173109375 0.2621451586638831 0.2127055609375 0.46438142379958247 0.1777610734375 0.41987327557411275 0.0334728234375
4 0.3053283152400835 0.1100336578125 0.2791034154488518 0.025016757812500002 0.12903276826722337 0.0509475265625 0.15525766597077242 0.13596442656250002 0.3053283152400835 0.1100336578125
5 0.5001379331941544 0.329819475 0.37236997494780794 0.351896553125 0.404922012526096 0.45742501874999997 0.5326899707724426 0.435347940625 0.5001379331941544 0.329819475
4 0.4958734551148225 0.525744834375 0.3771777787056368 0.546254309375 0.39681372651356994 0.6099108906249999 0.5155094029227557 0.589401415625 0.4958734551148225 0.525744834375
4 0.6271241043841336 0.5659434984375 0.5046483131524008 0.587106140625 0.5327495365344468 0.6782057796875 0.6552253277661796 0.6570431375 0.6271241043841336 0.5659434984375
5 0.5471108121085595 0.418850265625 0.4771786450939457 0.4309338734375 0.5019635762004175 0.5112826234375001 0.5718957432150313 0.499199015625 0.5471108121085595 0.418850265625
5 0.8349031607515658 0.4418339484375 0.7060011691022964 0.4641069765625 0.7347132881002088 0.5571870421875 0.863615279749478 0.5349140140624999 0.8349031607515658 0.4418339484375
4 0.662694764091858 0.5115216 0.573105987473904 0.52700168125 0.5936146450939457 0.5934874437500001 0.6832034196242172 0.5780073625 0.662694764091858 0.5115216
4 0.8135693194154489 0.4036515515625 0.7160422985386221 0.42050328593749997 0.7344564551148226 0.4801990140625 0.8319834759916492 0.4633472796875 0.8135693194154489 0.4036515515625
5 0.8859167473903967 0.289682390625 0.7173235260960333 0.3188136828125 0.7550245469728601 0.44103431875 0.9236177661795407 0.4119030265625 0.8859167473903967 0.289682390625
4 0.8229444926931107 0.2668896515625 0.686104254697286 0.29053433281249996 0.7166490626304801 0.38955568125 0.8534893006263048 0.365911 0.8229444926931107 0.2668896515625
4 0.6759169081419625 0 0.6932717620041754 0.056261646875 0.8006270876826723 0.037711676562500004 0.7889942839248435 0 0.6759169081419625 0