1 0.33174696242171187 0.0940739640625 0.2159496784968685 0.117296325 0.250444260960334 0.2136468203125 0.36624154279749477 0.19042445937500002 0.33174696242171187 0.0940739640625
1 0.37994192066805843 0.0844087921875 0.18489789352818373 0.12352355 0.2444400459290188 0.2898370953125 0.43948407306889353 0.2507223375 0.37994192066805843 0.0844087921875
1 0.5317058914405011 0.10015880937499999 0.36415563048016697 0.1337598796875 0.41546415240083506 0.2770751890625 0.5830144133611691 0.24347412031250001 0.5317058914405011 0.10015880937499999
1 0 0.5133499265625 0.04687171189979123 0.5039501234375 0.02338419624217119 0.43834463437500004 0 0.4430341765625 0 0.5133499265625
1 0 0.4604185140625 0.0570083006263048 0.44898588593750005 0.03482083089770355 0.38701169687500003 0 0.393994778125 0 0.4604185140625
1 0.11059067432150313 0.4495271484375 0.021316791231732777 0.46743042187499995 0.043850939457202504 0.53037295625 0.13312482254697286 0.512469684375 0.11059067432150313 0.4495271484375
1 0.10122100208768267 0.41754563593749994 0.04235199164926931 0.4293514171875 0.06549282881002089 0.49398855937499997 0.12436183924843425 0.482182778125 0.10122100208768267 0.41754563593749994
1 0.4041963653444677 0.4407237859375 0.34597426931106473 0.45239983281249996 0.368941764091858 0.5165528015625 0.4271638622129436 0.5048767546875 0.4041963653444677 0.4407237859375
1 0.5096793319415449 0.40854251406250003 0.4000277160751566 0.43053240312499996 0.42984212734864297 0.51381021875 0.5394937432150313 0.4918203296875 0.5096793319415449 0.40854251406250003
1 0.4674602567849687 0.47266508749999997 0.3950060918580376 0.4871952796875 0.413206751565762 0.5380334812500001 0.4856609164926931 0.523503290625 0.4674602567849687 0.47266508749999997
0 0.4280712317327766 0.55970194375 0.35917508350730687 0.5735185984375 0.3764223736951983 0.621693846875 0.44531851983298537 0.607877190625 0.4280712317327766 0.55970194375
1 0.7109593716075157 0.6269962109375 0.6349471899791231 0.6422399390625 0.6562679603340292 0.7017932609375 0.7322801419624216 0.6865495328125 0.7109593716075157 0.6269962109375
0 1 0.6420712328125 0.923608369519833 0.65739105625 0.9631297995824635 0.7677825796875 1 0.7603885109374999 1 0.6420712328125
2 0.9169602964509395 0.634464053125 0.78628403131524 0.6606702921875 0.8212119624217119 0.758231221875 0.9518882254697286 0.7320249828125001 0.9169602964509395 0.634464053125
1 0.8818512567849687 0.7203831171874999 0.7809329540709813 0.7406215984375 0.8096206576200418 0.8207522875000001 0.9105389603340293 0.80051380625 0.8818512567849687 0.7203831171874999
1 1 0.7308425749999999 0.9904551711899791 0.7041818937500001 0.8814504655532359 0.7260420484375001 0.9129982713987473 0.8141615984374999 1 0.7967139921874999 1 0.7308425749999999