5 0.6761217958333333 0.26911057656250004 0.5158653854166667 0.26911057656250004 0.5158653854166667 0.39795673125 0.6761217958333333 0.39795673125 0.6761217958333333 0.26911057656250004
3 0.536858975 0.26514423125 0.34423076875 0.26514423125 0.34423076875 0.41394230781249997 0.536858975 0.41394230781249997 0.536858975 0.26514423125
5 0.7463141020833334 0.409615384375 0.5607371791666667 0.409615384375 0.5607371791666667 0.54423076875 0.7463141020833334 0.54423076875 0.7463141020833334 0.409615384375
3 0.58125 0.4756009609375 0.3966346145833333 0.4756009609375 0.3966346145833333 0.6188701921875001 0.58125 0.6188701921875001 0.58125 0.4756009609375
3 0.42676282083333333 0.490384615625 0.33830128125 0.490384615625 0.33830128125 0.603125 0.42676282083333333 0.603125 0.42676282083333333 0.490384615625
4 0.7512820520833333 0.5371394234375 0.6166666666666667 0.5371394234375 0.6166666666666667 0.6407451921875 0.7512820520833333 0.6407451921875 0.7512820520833333 0.5371394234375
4 0.6761217958333333 0.6219951921875 0.5386217958333333 0.6219951921875 0.5386217958333333 0.7284855765625 0.6761217958333333 0.7284855765625 0.6761217958333333 0.6219951921875
4 0.5741987187500001 0.6009615390625 0.4421474354166667 0.6009615390625 0.4421474354166667 0.6983173078125 0.5741987187500001 0.6983173078125 0.5741987187500001 0.6009615390625
4 0.48397435833333335 0.645552884375 0.38076923125 0.645552884375 0.38076923125 0.7183894234375 0.48397435833333335 0.7183894234375 0.48397435833333335 0.645552884375
4 0.5113782041666667 0.72139423125 0.4065705125 0.72139423125 0.4065705125 0.80360576875 0.5113782041666667 0.80360576875 0.5113782041666667 0.72139423125
4 0.41394230833333334 0.7659855765625 0.3347756416666667 0.7659855765625 0.3347756416666667 0.8272836531250001 0.41394230833333334 0.8272836531250001 0.41394230833333334 0.7659855765625
4 0.41330128125 0.7175480765625 0.34182692291666666 0.7175480765625 0.34182692291666666 0.7725961531250001 0.41330128125 0.7725961531250001 0.41330128125 0.7175480765625