5 0.08007696659707725 0.41381893124999997 0.2621426931106472 0.399496921875 0.23996584133611693 0.24157762031250002 0.05790011482254698 0.2558996296875 0.08007696659707725 0.41381893124999997
3 0.3768688350730689 0.4035549328125 0.5599930835073069 0.3891496546875 0.5398559102296451 0.24575470312499997 0.3567316617954071 0.26015998125 0.3768688350730689 0.4035549328125
3 0.46807710438413364 0.356998165625 0.5834559665970773 0.347922009375 0.5678431670146138 0.2367447078125 0.45246430480167016 0.2458208640625 0.46807710438413364 0.356998165625
3 0.6120321169102296 0.541248928125 0.7926864801670146 0.5270379421875 0.7733651753653444 0.3894527296875 0.5927108141962422 0.40366371562500003 0.6120321169102296 0.541248928125
5 0.49533524217118996 0.45965000468749995 0.6301203340292275 0.44904727656250004 0.615583 0.3455282671875 0.48079790814196244 0.3561309953125 0.49533524217118996 0.45965000468749995
5 0.8224136409185804 0.45674891406249996 0.9947762505219206 0.4431901890625 0.9751211816283926 0.303228265625 0.8027585720250523 0.3167869890625 0.8224136409185804 0.45674891406249996
4 0.740452382045929 0.4637303015625 0.8512443152400836 0.45501497031250004 0.8375599373695198 0.3575697828125 0.7267680041753654 0.3662851140625 0.740452382045929 0.4637303015625
4 0.8199950709812109 0.522086278125 0.9431364237995824 0.5123994921875 0.9320109144050104 0.4331757625 0.8088695594989561 0.4428625484375 0.8199950709812109 0.522086278125
4 0 0.5186397578124999 0.1757967745302714 0.5048108890624999 0.1568834050104384 0.370130546875 0 0.382471615625 0 0.5186397578124999
5 0.6155726743215031 0.571541496875 0.7302458517745303 0.5625208515625 0.7204183173277662 0.492539890625 0.6057451398747391 0.5015605359374999 0.6155726743215031 0.571541496875
4 0.22412053235908141 0.5301121546875 0.3592584655532359 0.5194816703125 0.34475821503131526 0.4162267421875 0.20962028392484344 0.426857225 0.22412053235908141 0.5301121546875
4 0.6838498830897703 0.6423980015625 0.8345127974947808 0.6305462609375 0.8186033152400836 0.5172563265625 0.667940400835073 0.5291080671875 0.6838498830897703 0.6423980015625
4 0.7474591711899791 0.6571519734375 0.8857726659707724 0.6462716875 0.8716432672233821 0.5456575499999999 0.7333297724425888 0.5565378359375 0.7474591711899791 0.6571519734375
4 0.6438161753653444 0.712963790625 0.7507268643006263 0.7045537734375 0.7385258872651357 0.61767175 0.6316151983298538 0.6260817671875001 0.6438161753653444 0.712963790625
4 0.7347277139874739 0.7087492906249999 0.8525764592901879 0.6994788421875 0.8428601795407098 0.6302901171874999 0.7250114342379959 0.639560565625 0.7347277139874739 0.7087492906249999
4 0.18432031941544885 0.7268153546875 0.34380424843423796 0.71426971875 0.32763517327766184 0.5991312296875 0.16815124425887265 0.611676865625 0.18432031941544885 0.7268153546875
4 0.24916454906054278 0.74147218125 0.3620735281837161 0.732590315625 0.35083676200417535 0.6525743484375 0.2379277828810021 0.6614562140625 0.24916454906054278 0.74147218125
4 0.16170788308977035 0.6534346640625001 0.020354444676409185 0.664554084375 0.03578182045929019 0.7744109906250001 0.17713525678496866 0.7632915703125 0.16170788308977035 0.6534346640625001
4 0.8253116200417537 0.8939944765625001 0.8898814425887266 0.888915159375 0.8807214384133611 0.823687621875 0.816151617954071 0.8287669390625 0.8253116200417537 0.8939944765625001
3 0.748669987473904 0.9045623484374999 0.8449954572025051 0.8969850062500001 0.8344262212943633 0.8217224625 0.7381007515657619 0.8292998046875001 0.748669987473904 0.9045623484374999
5 0.7448977912317327 0.518248359375 0.8327550897703548 0.5113371578125 0.8245222108559499 0.45271159687500007 0.7366649144050105 0.4596228 0.7448977912317327 0.518248359375