3 0.3394467139874739 0.3242707125 0.5091205511482254 0.328705309375 0.5152326784968685 0.197707465625 0.3455588413361169 0.1932728671875 0.3394467139874739 0.3242707125
4 0.43625764926931104 0.285296984375 0.547030903966597 0.28819215468750004 0.5519393048016701 0.18299312031249998 0.4411660501043841 0.18009795 0.43625764926931104 0.285296984375
5 0.4978201127348643 0.36264134062500003 0.6393823089770354 0.36634121249999996 0.6440569749478079 0.26615165625000003 0.5024947787056367 0.262451784375 0.4978201127348643 0.36264134062500003
3 0.7033590918580376 0.607382184375 0.7565704154488517 0.6087729171875 0.7584169081419624 0.5691980421875 0.7052055845511482 0.5678073109375 0.7033590918580376 0.607382184375
3 0.57076372651357 0.583854325 0.6159431524008351 0.585035134375 0.6178480793319415 0.5442078890625 0.5726686534446764 0.5430270796875 0.57076372651357 0.583854325
4 0.590471630480167 0.549260303125 0.6373243674321503 0.550484846875 0.6387852004175366 0.5191756109375001 0.5919324634655532 0.5179510671875 0.590471630480167 0.549260303125
5 0.6348276784968684 0.557316025 0.6893776513569938 0.55874174375 0.6911423382045929 0.5209201875 0.6365923653444677 0.5194944687499999 0.6348276784968684 0.557316025
4 0.771037394572025 0.5967374484375 0.8202327682672235 0.5980232187500001 0.821728661795407 0.5659625625 0.7725332881002088 0.564676790625 0.771037394572025 0.5967374484375
4 0.9302230167014613 0.6177001421874999 0.9723904780793319 0.61880223125 0.973605891440501 0.592752946875 0.9314384300626304 0.59165085625 0.9302230167014613 0.6177001421874999
5 0.8576889248434237 0.6139235453125 0.8995217244258873 0.6150168875 0.9008072567849686 0.587464759375 0.8589744572025052 0.5863714171875001 0.8576889248434237 0.6139235453125
4 0.7312444384133611 0.6201484046875 0.7794358225469729 0.6214079359375 0.7809784634655532 0.5883453828125 0.732787077244259 0.5870858515624999 0.7312444384133611 0.6201484046875
5 0.6108897265135699 0.7112958421875 0.6500452275574113 0.7123192109375001 0.6513891941544885 0.6835147140625 0.6122336931106471 0.6824913453125 0.6108897265135699 0.7112958421875