1 0 0.9633400515625 0.06310088750000001 0.9683141796875001 0.07104814166666666 0.911604378125 0 0.9060037828124999 0 0.9633400515625
1 0.44458497083333337 0.6517138015625 0.27795616875 0.63857875625 0.2634597895833333 0.7420216359375 0.43008859166666663 0.75515668125 0.44458497083333337 0.6517138015625
1 0.49809157916666663 0.5805450515625 0.3164101770833333 0.5662234390625 0.2980873416666666 0.6969710375 0.47976874583333334 0.7112926515625 0.49809157916666663 0.5805450515625
2 0.879861425 0.5725478171875 0.6911788125 0.5576743109375 0.6715314354166666 0.6978735421875 0.8602140479166667 0.7127470484375 0.879861425 0.5725478171875
1 0.8348733145833334 0.49958743749999995 0.6486411270833333 0.48490709374999996 0.6288465770833334 0.6261565078125 0.8150787645833333 0.6408368515625 0.8348733145833334 0.49958743749999995
1 0.19297124375000002 0.52901934375 0.09110363541666668 0.52098930625 0.07712235625000001 0.6207565500000001 0.17898996250000002 0.6287865874999999 0.19297124375000002 0.52901934375
1 0 0.61414624375 0.07457048749999999 0.6200245 0.08759515416666666 0.5270834359375 0 0.5201784703125 0 0.61414624375
1 0.8894264562499999 0.45504575625 0.7290987458333333 0.44240741406249995 0.7124315895833334 0.561340471875 0.8727592979166666 0.5739788124999999 0.8894264562499999 0.45504575625
1 0.4580046916666667 0.3779026390625 0.27702341041666667 0.3636362140625 0.25947322500000003 0.48887036093749997 0.44045450625 0.5031367859375 0.4580046916666667 0.3779026390625
2 0.2831704583333333 0.332400015625 0.14594673958333332 0.3215829203125 0.128801275 0.44392906718749997 0.26602499375 0.45474616250000005 0.2831704583333333 0.332400015625
2 0.14368239583333334 0.3301641328125 0.07507053541666667 0.3247555859375 0.0683742375 0.3725388453125 0.13698609791666666 0.3779473921875 0.14368239583333334 0.3301641328125
1 0.3740158645833333 0.3180600921875 0.22418996875000002 0.3062495890625 0.20954641875 0.4107426515625 0.3593723145833333 0.42255315312499997 0.3740158645833333 0.3180600921875
2 0.35629722708333333 0 0.35260139583333333 0.026372610937500002 0.4478178541666667 0.03387835 0.45256553125000004 0 0.35629722708333333 0
2 0.4533631041666667 0.03219190625 0.3714489458333333 0.0257347625 0.3623243208333333 0.0908460171875 0.44423847916666664 0.0973031609375 0.4533631041666667 0.03219190625