5 0.46448873749999997 0.5271595234374999 0.6725458375 0.5631848484375 0.7215147729166667 0.40410402031250003 0.5134576750000001 0.368078696875 0.46448873749999997 0.5271595234374999
5 0.2633290208333333 0.606071375 0.513734025 0.6494292875000001 0.565508475 0.48123445625 0.31510346875 0.43787654375 0.2633290208333333 0.606071375
3 0.6330041479166667 0.7672424890625 0.71401753125 0.78127005 0.7305105416666666 0.72769074375 0.6494971583333334 0.713663184375 0.6330041479166667 0.7672424890625
4 0.5223343229166667 0.7380437468750001 0.6560064062500001 0.7611892203124999 0.6879722416666667 0.6573447906250001 0.5543001583333333 0.6341993171875 0.5223343229166667 0.7380437468750001
4 0.40652319375 0.708536584375 0.5563979541666666 0.7344875703125 0.58870385 0.6295384140625 0.4388290895833334 0.603587428125 0.40652319375 0.708536584375
4 0.53527349375 0.7879921921874999 0.5945605604166667 0.798257815625 0.6093532604166667 0.75020215 0.55006619375 0.7399365265625 0.53527349375 0.7879921921874999
4 0.3548531833333334 0.7214075531249999 0.41414025 0.7316731765625 0.4261274395833333 0.692731515625 0.36684037291666666 0.6824658921875 0.3548531833333334 0.7214075531249999
4 0.37585307916666666 0.7577702421875 0.50915691875 0.7808519546875 0.5265000833333333 0.724510828125 0.39319624375 0.701429115625 0.37585307916666666 0.7577702421875
4 0.2613384916666667 0.780122778125 0.34861200000000003 0.7952342859375 0.36757046041666663 0.7336457000000001 0.28029695208333333 0.7185341921874999 0.2613384916666667 0.780122778125
4 0.17912612708333334 0.8399223046875001 0.24135913541666668 0.8506980203125 0.25547171041666666 0.8048518109374999 0.19323870208333332 0.7940760953125 0.17912612708333334 0.8399223046875001
4 0.5778303833333334 0.82299670625 0.6371174520833333 0.8332623296874999 0.6536104625 0.7796830234375001 0.5943233937500001 0.7694174 0.5778303833333334 0.82299670625
4 0.31777374999999997 0.829893703125 0.38516215625 0.8415620828125 0.3994447625 0.795163509375 0.33205635625 0.7834951296875 0.31777374999999997 0.829893703125
4 0.22025066041666666 0.8896602843749999 0.3145207791666667 0.9059832640625001 0.33747496875 0.831414125 0.24320485 0.815091146875 0.22025066041666666 0.8896602843749999
4 0.5592702416666667 0.8706909390625001 0.6174525833333333 0.880765278125 0.6318202041666667 0.8340905203125001 0.5736378645833333 0.82401618125 0.5592702416666667 0.8706909390625001
4 0.5777779291666667 0.9025494640625 0.6179163770833332 0.9094994812499999 0.6292234416666667 0.8727672765625 0.5890849916666667 0.8658172593750001 0.5777779291666667 0.9025494640625