0 0.3823403235908142 0.03218884375 0.20063773903966595 0.0106496640625 0.1711482860125261 0.1500005453125 0.3528508705636743 0.171539725 0.3823403235908142 0.03218884375
1 0.46772578079331945 0.5725147453125 0.25397688517745304 0.54717676875 0.2230662567849687 0.693243353125 0.43681515240083507 0.7185813296875 0.46772578079331945 0.5725147453125
1 0.05348404175365345 0.6703135046875001 0.010541985386221293 0.6652231171875 0.0037913883089770355 0.6971227156250001 0.046733444676409185 0.7022131046875 0.05348404175365345 0.6703135046875001
1 0 0.6146778671875001 0.04779777244258873 0.6203438546875 0.05713694363256785 0.576212078125 0.0013763611691022964 0.569602171875 0 0.576106096875 0 0.6146778671875001
2 0 0.5714059234375 0.012026288100208768 0.5728315296875001 0.02009655114822547 0.5346959203125 0 0.5323136578125001 0 0.5714059234375
2 0.05788334446764092 0.5563856296874999 0.02038916075156576 0.5519410375 0.01551655114822547 0.5749663125 0.05301073277661795 0.5794109046875 0.05788334446764092 0.5563856296874999
1 0.40701631941544886 0.43095389375000004 0.19230603340292277 0.4055019515625 0.15723338204592902 0.5712359593749999 0.37194366597077244 0.5966879015625 0.40701631941544886 0.43095389375000004
0 0.5569423340292275 0.48855610625 0.5085524029227557 0.4828199234375 0.50129424217119 0.5171179890625 0.5496841711899791 0.5228541718749999 0.5569423340292275 0.48855610625
1 0.1862775114822547 0.4821113375 0.10712312317327767 0.472728309375 0.0924037745302714 0.5422838265625 0.1715581649269311 0.55166685625 0.1862775114822547 0.4821113375
2 0.11333684759916493 0.5023538296875001 0.06078089770354906 0.49612380156249997 0.05220307098121086 0.536657878125 0.1047590229645094 0.54288790625 0.11333684759916493 0.5023538296875001
0 0.0955884509394572 0.481441375 0.0363027745302714 0.4744136 0.027674192066805846 0.515187525 0.08695986847599164 0.5222152999999999 0.0955884509394572 0.481441375
2 0.13373098121085597 0.43470032343750004 0.08437966388308978 0.428850175 0.07646167014613779 0.46626624687499996 0.12581298747390396 0.47211639375000003 0.13373098121085597 0.43470032343750004
1 0.054895158663883094 0.5340266406249999 0.035346908141962424 0.5317093749999999 0.031540181628392484 0.5496978703125001 0.051088430062630474 0.5520151375 0.054895158663883094 0.5340266406249999
1 0.1082073382045929 0.37291339687499997 0.046678421711899794 0.36561970625 0.04089219415448852 0.39296221875000004 0.1024211127348643 0.40025590937500005 0.1082073382045929 0.37291339687499997
1 0.12402543632567849 0.32610755 0.03878224843423799 0.31600275 0.026245423799582463 0.3752448625 0.11148861377870564 0.3853496640625 0.12402543632567849 0.32610755
1 0.2070343256784969 0.32193328593750004 0.1576830083507307 0.31608313906249996 0.14839459290187892 0.35997506874999996 0.1977459102296451 0.3658252171875 0.2070343256784969 0.32193328593750004
1 0.23636561169102296 0.27181204062500003 0.1879756847599165 0.2660758578125 0.1800576910229645 0.30349192812500003 0.228447617954071 0.3092281125 0.23636561169102296 0.27181204062500003
1 0.32412232567849686 0.37404474374999996 0.24913395615866388 0.365155559375 0.2390841941544885 0.4126451875 0.31407256367432146 0.421534371875 0.32412232567849686 0.37404474374999996
1 0.32466170354906054 0.335016415625 0.24839148434237998 0.325975278125 0.23768188935281837 0.3765829140625 0.31395211064718165 0.38562405 0.32466170354906054 0.335016415625
0 0.9055587974947807 0.379535984375 0.832172745302714 0.3708367390625 0.8213616388308977 0.42192406718750003 0.8947476910229645 0.4306233125 0.9055587974947807 0.379535984375
1 0.8974188037578288 0.3419374296875 0.820828121085595 0.3328583046875 0.8106260897703549 0.3810674734375 0.8872167745302714 0.3901465984375 0.8974188037578288 0.3419374296875
1 0.9744538601252609 0.355125975 0.8975427118997912 0.3460088609375 0.8873406826722338 0.39421803125 0.9642518288100208 0.40333514375 0.9744538601252609 0.355125975