0 0.5863472770833333 0.522064165625 0.8565823916666666 0.5007620234375 0.82925906875 0.30578898125 0.5590239520833333 0.3270911234375 0.5863472770833333 0.522064165625
2 0.7739678208333333 0.9013938781249999 0.7850237166666666 0.980286240625 0.9047346854166667 0.9708496421874999 0.8936787916666666 0.8919572796875 0.7739678208333333 0.9013938781249999
1 0.38835819791666665 0.7420494343749999 0.6072380166666667 0.7247955375 0.5829671624999999 0.551604225 0.3640873458333333 0.568858121875 0.38835819791666665 0.7420494343749999
2 0.5821735645833334 0.6915892765625 0.8106160958333334 0.67358156875 0.7852657104166667 0.49268696093750003 0.5568231791666667 0.51069466875 0.5821735645833334 0.6915892765625
2 0.8855390708333334 0.5068049453125 0.9588531833333334 0.5010257265625 0.9519665145833333 0.4518840203125 0.8786524020833333 0.4576632375 0.8855390708333334 0.5068049453125
0 0.16854212291666668 0.55714750625 0.27585698541666664 0.548688071875 0.26636455 0.4809522046875 0.1590496875 0.4894116390625 0.16854212291666668 0.55714750625
2 0.3958077291666667 0.5958998390625 0.6285003499999999 0.5775571046875 0.6045272979166667 0.4064908390625 0.37183467708333334 0.4248335734375 0.3958077291666667 0.5958998390625
1 0.9612805145833333 0.30370749375 0.97509331875 0.30261865625 0.9638512979166667 0.22239814062500002 0.95003849375 0.2234869796875 0.9612805145833333 0.30370749375
1 0.91194019375 0.299137096875 0.9739207249999999 0.294251284375 0.9668479291666666 0.24378142343750003 0.9048673979166666 0.248667234375 0.91194019375 0.299137096875
1 0.9176449979166666 0 0.9261196770833333 0.0604733953125 0.9409950041666666 0.0593008 0.93268465 0 0.9176449979166666 0
1 0.27473941458333334 0.32224138281250003 0.3749707895833333 0.3143403265625 0.36514332708333336 0.24421378124999998 0.26491195208333335 0.2521148375 0.27473941458333334 0.32224138281250003
1 0.49872181666666665 0.2839057328125 0.5564522541666667 0.27935494843750003 0.5501984145833333 0.2347289671875 0.4924679770833333 0.23927975156249998 0.49872181666666665 0.2839057328125
1 0.22795067916666667 0.2834963453125 0.30338983750000004 0.2775496140625 0.29601924166666665 0.2249547046875 0.22058008125 0.23090143749999997 0.22795067916666667 0.2834963453125
2 0.42313520416666667 0.4152840578125 0.48582408541666666 0.41034240781250003 0.47964469583333336 0.3662476875 0.41695581666666665 0.3711893375 0.42313520416666667 0.4152840578125