5 0.49559588958333334 0.3957202921875 0.34237570625 0.377519521875 0.31524094375 0.5060111328125 0.4684611270833334 0.524211903125 0.49559588958333334 0.3957202921875
4 0.49400763541666665 0.25810079375 0.35177792916666667 0.24120556406250002 0.32879017708333336 0.3500597765625 0.4710198854166666 0.3669550046875 0.49400763541666665 0.25810079375
4 0.7223245395833333 0.2572638234375 0.5484163979166666 0.23660556562499999 0.52440469375 0.3503085203125 0.6983128333333333 0.3709667765625 0.7223245395833333 0.2572638234375
4 0.521276475 0.19958311875 0.41363444791666665 0.1867965015625 0.3976607770833333 0.262436846875 0.5053028041666666 0.2752234640625 0.521276475 0.19958311875
4 0.7059591979166666 0.146468628125 0.5679317312500001 0.1300725765625 0.54560955 0.235775109375 0.6836370166666667 0.2521711609375 0.7059591979166666 0.146468628125
3 0.7096483645833334 0.6318910734375 0.65340298125 0.625209778125 0.6445969833333333 0.6669089421875001 0.7008423666666667 0.6735902375 0.7096483645833334 0.6318910734375
3 0.8294900333333334 0.6308429656250001 0.7680726583333333 0.6235472984375 0.7588570770833333 0.6671859578125 0.8202744520833334 0.6744816250000001 0.8294900333333334 0.6308429656250001
4 0.8320724729166666 0.5833098828125001 0.7777665833333334 0.5768589765625001 0.7694725604166667 0.616133771875 0.82377845 0.6225846765624999 0.8320724729166666 0.5833098828125001
4 0.70892301875 0.5819769140625 0.6555868791666666 0.575641203125 0.6472928583333334 0.614915996875 0.7006289979166667 0.6212517078124999 0.70892301875 0.5819769140625
4 0.6790861979166666 0.571846903125 0.6396497791666668 0.567162315625 0.6334548625 0.59649719375 0.6728912791666667 0.6011817796875001 0.6790861979166666 0.571846903125
4 0.952236875 0.56974991875 0.9905419208333334 0.5743001109375 0.9972488145833334 0.5425408640625 0.95894376875 0.537990671875 0.952236875 0.56974991875
4 0.96152573125 0.517918846875 0.9227358104166666 0.51331105625 0.9171040666666667 0.5399791265625 0.9558939875 0.544586915625 0.96152573125 0.517918846875
4 0.989267925 0.49089501406249997 0.9407805270833334 0.485135278125 0.9334080625 0.52004620625 0.9818954625 0.52580594375 0.989267925 0.49089501406249997