1 0.6807402693110647 0.6781629687499999 0.5682577160751566 0.664829190625 0.5508482797494781 0.7470965781250001 0.6633308329853863 0.76043035625 0.6807402693110647 0.6781629687499999
1 0.7019246137787056 0.6145369484375001 0.5929671565762005 0.6016210375 0.5775879770354907 0.674294559375 0.6865454342379957 0.6872104703125 0.7019246137787056 0.6145369484375001
1 0.7831092588726514 0.6143261125 0.719016636743215 0.60672851875 0.7095251941544886 0.6515798328125 0.7736178162839248 0.659177428125 0.7831092588726514 0.6143261125
1 0.7463400647181628 0.5707522609375 0.67712003131524 0.562546859375 0.666714974947808 0.611715415625 0.7359350083507308 0.6199208171875 0.7463400647181628 0.5707522609375
1 0.4537836033402923 0.5211976390624999 0.38039754906054285 0.51249839375 0.36704862421711903 0.5755780500000001 0.44043467849686846 0.5842772968750001 0.4537836033402923 0.5211976390624999
1 0.40184418371607517 0.5004118281250001 0.27269754906054283 0.485102675 0.2521412192066806 0.582240553125 0.381287853862213 0.5975497062499999 0.40184418371607517 0.5004118281250001
1 0.2563071732776618 0.5035664015625 0.22073576617954072 0.4993497359375 0.21159962004175364 0.5425221265625 0.24717102713987474 0.546738790625 0.2563071732776618 0.5035664015625
1 0.4697678956158664 0.4650686890625 0.3620922901878914 0.4523047296875 0.3485403382045929 0.5163437734375 0.45621594363256784 0.5291077328125 0.4697678956158664 0.4650686890625
1 0.7686271586638831 0.550037178125 0.7359399227557412 0.54616240625 0.731422605427975 0.567508753125 0.7641098413361169 0.5713835265625 0.7686271586638831 0.550037178125
1 0.6575864217118998 0.220202365625 0.5393355344467641 0.20618480468749997 0.5198958434237996 0.29804605624999997 0.6381467306889352 0.31206361718750003 0.6575864217118998 0.220202365625
1 0.7938224801670146 0.14845577031249999 0.6111585073068894 0.12680262656250002 0.5836993089770355 0.25655964375 0.7663632839248434 0.2782127875 0.7938224801670146 0.14845577031249999
1 0.6797988037578289 0.11834353281250001 0.5551386534446764 0.1035662125 0.5324505553235908 0.210777646875 0.6571107056367432 0.22555496718749998 0.6797988037578289 0.11834353281250001
2 0.399808102296451 0.0963399765625 0.284441382045929 0.0826643078125 0.2680470751565762 0.1601347625 0.3834137954070981 0.1738104328125 0.399808102296451 0.0963399765625
1 0.5154778037578288 0.031744096875 0.3991496931106472 0.0179544625 0.37580176200417537 0.128283903125 0.492129872651357 0.1420735375 0.5154778037578288 0.031744096875
1 0.2564372693110647 0 0.235184630480167 0.100428246875 0.40118452192066806 0.1201060171875 0.42660137160751566 0 0.2564372693110647 0