4 0.56039563125 0.9603800234375001 0.5638910520833333 0.9978701765625001 0.7051582937499999 0.9904614 0.7016628708333333 0.952971246875 0.56039563125 0.9603800234375001
4 0.5232805166666666 1 0.5390787291666667 0.9991714609375 0.5352793583333334 0.9584212953125 0.3983588020833333 0.965602109375 0.40156591458333335 1 0.5232805166666666 1
4 0.8257039770833334 0.7100512234374999 0.6217720375 0.72074645625 0.6358043854166666 0.8712503999999999 0.8397363250000001 0.8605551671875 0.8257039770833334 0.7100512234374999
3 0.7160613 0.5042294234375 0.4726469791666667 0.5169953140625 0.49280897916666666 0.7332428578125 0.7362233020833333 0.7204769671875 0.7160613 0.5042294234375
5 0.7901304291666666 0.33436319531250003 0.5535983583333334 0.3467681453125 0.5741656270833333 0.5673623734375 0.8106976979166666 0.5549574234375 0.7901304291666666 0.33436319531250003
5 0.5589289875 0.37856562656250003 0.3405081 0.390020734375 0.35542696874999996 0.5500330515625 0.5738478541666667 0.5385779453125 0.5589289875 0.37856562656250003
4 0.49683989375 0.53442675 0.4099062083333333 0.5389859968749999 0.4215576166666667 0.6639531703125 0.5084913020833334 0.6593939234375 0.49683989375 0.53442675
5 0.44175689999999995 0.45896568593750003 0.29795409375 0.46650744062499994 0.30712324583333334 0.5648511734375 0.4509260520833333 0.55730941875 0.44175689999999995 0.45896568593750003
4 0.30429881875000003 0.2944601046875 0.16484269583333333 0.301773896875 0.17750726875 0.4376077828125 0.31696339166666665 0.43029399062499996 0.30429881875000003 0.2944601046875
4 0.41644659791666666 0.5154383124999999 0.2871327395833333 0.5222201921875 0.2945035229166667 0.6012755125 0.4238173791666667 0.5944936328125 0.41644659791666666 0.5154383124999999
5 0.71688956875 0.2183590046875 0.51947765625 0.22871229375 0.535004425 0.3952446375 0.7324163375 0.3848913484375 0.71688956875 0.2183590046875
4 0.4991212895833333 0.148973021875 0.36980742916666665 0.1557549015625 0.38247200416666666 0.2915887875 0.5117858625 0.2848069078125 0.4991212895833333 0.148973021875
4 0.704598475 0.1158110640625 0.5524645229166667 0.1237897453125 0.5625708520833334 0.2321851859375 0.71470480625 0.2242065046875 0.704598475 0.1158110640625
4 0.5707406854166667 0.046528825 0.42621343125 0.054108571875 0.43804214375 0.1809774203125 0.5825693979166666 0.173397671875 0.5707406854166667 0.046528825
4 0.528001075 0 0.5388203770833333 0.1160424328125 0.7116010791666666 0.10698093125000001 0.70162663125 0 0.528001075 0
4 0.4767194854166667 0 0.42415556458333337 0.0027567203124999997 0.4276256583333333 0.03997520625 0.5746884770833333 0.0322624796875 0.5716804604166666 0 0.4767194854166667 0