3 0.26961909791666666 0.1282439546875 0.07980843750000001 0.1432063828125 0.09899371041666667 0.28010815 0.28880437291666666 0.265145721875 0.26961909791666666 0.1282439546875
3 0.4171334541666667 0.09417352500000001 0.2693192291666667 0.10582545000000002 0.28492464166666664 0.217182140625 0.43273886666666667 0.2055302140625 0.4171334541666667 0.09417352500000001
3 0.33181232083333334 0.1688525359375 0.21210594583333334 0.178288771875 0.22694672916666667 0.2841892328125 0.34665310416666667 0.274752996875 0.33181232083333334 0.1688525359375
5 0.49705229791666666 0.1777676109375 0.39189586875 0.18605690156250002 0.40312203333333335 0.266164275 0.5082784645833333 0.25787498593749997 0.49705229791666666 0.1777676109375
5 0.4701499708333333 0.19932141406249998 0.3015028645833333 0.21261555781250002 0.3180466875 0.3306685296875 0.48669379375 0.3173743859375 0.4701499708333333 0.19932141406249998
5 0.3487429541666666 0.268194128125 0.2164707145833333 0.27862090625 0.22814870833333334 0.36195241875 0.3604209458333333 0.3515256390625 0.3487429541666666 0.268194128125
5 0.21190420833333334 0.3104500265625 0.04557186666666667 0.32356170156249997 0.06159435208333333 0.43789451718750005 0.22792669166666668 0.4247828421875 0.21190420833333334 0.3104500265625
4 0.7079460229166668 0.21304853437500001 0.5984907458333333 0.2216766953125 0.6120108020833332 0.318152759375 0.7214660791666667 0.3095245984375 0.7079460229166668 0.21304853437500001
4 0.77432039375 0.2751427921875 0.6853673125 0.2821548015625 0.6947861708333334 0.34936563125000003 0.78373925 0.34235362343750003 0.77432039375 0.2751427921875
5 0.39281825416666666 0.3107324125 0.29063795 0.3187871 0.2973806 0.3669011265625 0.3995609041666667 0.358846440625 0.39281825416666666 0.3107324125
4 0.5328580395833333 0.2746183140625 0.44886516875000004 0.28123931875 0.45720659166666666 0.340761825 0.5411994625 0.3341408203125 0.5328580395833333 0.2746183140625
4 0.5196297708333334 0.322175234375 0.45481637291666666 0.32728435624999996 0.4604468333333333 0.3674620484375 0.52526023125 0.3623529265625 0.5196297708333334 0.322175234375
3 0.09346482916666667 0.4195849640625 0.032950279166666666 0.424355215625 0.03844171666666667 0.463540865625 0.09895626666666667 0.4587706140625 0.09346482916666667 0.4195849640625
4 0.4107235979166666 0.36812188749999997 0.32706140625 0.37471682500000003 0.3354028291666667 0.43423933437500006 0.4190650208333333 0.4276443953125 0.4107235979166666 0.36812188749999997
4 0.4233489875 0.4152706890625 0.38532071875 0.4182683890625 0.38910911458333336 0.445301528125 0.42713738333333334 0.442303828125 0.4233489875 0.4152706890625
4 0.3451624020833333 0.4120308625 0.22975487291666666 0.4211282265625 0.239729825 0.4923072265625 0.35513735416666664 0.48320986093749996 0.3451624020833333 0.4120308625
4 0.13764389791666665 0.465249446875 0.002395533333333333 0.47591082812499996 0.013621699999999999 0.556018203125 0.14887006458333335 0.5453568203125 0.13764389791666665 0.465249446875
4 0.14056185208333333 0.5349787328125 0.05359285625 0.541834340625 0.0616909875 0.5996207765625 0.14865998333333333 0.59276516875 0.14056185208333333 0.5349787328125
4 0.28772020833333334 0.4971751140625 0.1941376 0.504552059375 0.20397352916666664 0.574739015625 0.2975561375 0.5673620703125 0.28772020833333334 0.4971751140625
5 0.14602516666666665 0.41769848125 0.09245491041666667 0.42192132656250003 0.09679940208333333 0.45292263125 0.15036965833333332 0.44869978593750004 0.14602516666666665 0.41769848125
4 0.6339190708333333 0.375477440625 0.5300853604166667 0.38366246249999997 0.54089445625 0.4607937125 0.6447281645833333 0.452608690625 0.6339190708333333 0.375477440625
4 0.6393896354166666 0.43121425 0.5702773895833333 0.43666224218750005 0.5760816291666667 0.47807998749999997 0.645193875 0.47263199531250005 0.6393896354166666 0.43121425
5 0.8032773375000001 0.6642812218749999 0.7173003812500001 0.6710586281250001 0.7265107041666667 0.736781396875 0.8124876583333334 0.730003990625 0.8032773375000001 0.6642812218749999
3 0.8840765625 0.699285746875 0.78487238125 0.7071058328125 0.79578574375 0.7849811124999999 0.8949899250000001 0.777161028125 0.8840765625 0.699285746875
4 0.8199100958333333 0.7316756453125 0.7749375333333333 0.73522075 0.7815064041666666 0.7820947234375 0.8264789666666666 0.77854961875 0.8199100958333333 0.7316756453125