3 0.44893173125 0.014225390625 0.4480324875 0.001356453125 0.30063208750000003 0.007150148437499999 0.30153133125 0.020019087499999998 0.44893173125 0.014225390625
3 0.6723962791666668 0.067505384375 0.46747377500000004 0.075560034375 0.4784017208333333 0.2319482640625 0.683324225 0.2238936140625 0.6723962791666668 0.067505384375
3 0.45321660416666665 0.1529316328125 0.25385021041666667 0.1607678953125 0.26440132916666664 0.3117634265625 0.463767725 0.3039271640625 0.45321660416666665 0.1529316328125
3 0.5846689604166666 0.2706627203125 0.4268099979166667 0.2768674984375 0.43561401666666666 0.402860521875 0.59347298125 0.39665574375 0.5846689604166666 0.2706627203125
4 0.5870754916666667 0.3918683875 0.4458848645833333 0.397418003125 0.4538153333333333 0.5109097734375 0.5950059604166668 0.5053601578125 0.5870754916666667 0.3918683875
4 0.4494411166666667 0.3545097421875 0.29321630625 0.3606502875 0.30148934375 0.4790445109375 0.45771415416666666 0.4729039640625 0.4494411166666667 0.3545097421875
3 0.19293889375 0.5694626265625 0.09064105416666667 0.5734835281249999 0.09598512708333334 0.6499617843750001 0.19828296666666667 0.6459408828125001 0.19293889375 0.5694626265625
3 0.12610235208333334 0.60023331875 0.01138496875 0.60474238125 0.0166434 0.679995025 0.13136078333333334 0.6754859625 0.12610235208333334 0.60023331875
3 0.07947233541666666 0.648152875 0.009857514583333334 0.65088914375 0.016143652083333335 0.74084914375 0.085758475 0.738112875 0.07947233541666666 0.648152875
5 0.18590043958333335 0.7243448781249999 0.06366596041666667 0.72914940625 0.06960953125 0.814206953125 0.19184401041666668 0.809402425 0.18590043958333335 0.7243448781249999
4 0.4949047145833333 0.6135121671875 0.35175310625 0.6191388609375 0.3595636770833333 0.7309147734375 0.5027152833333334 0.7252880796875 0.4949047145833333 0.6135121671875
4 0.6088911166666667 0.66654806875 0.4971152020833333 0.6709415140625 0.5032129291666666 0.7582051640625 0.6149888416666667 0.75381171875 0.6088911166666667 0.66654806875
4 0.5250163416666667 0.7559962875 0.41814288125 0.7601970375 0.4243776354166667 0.84942166875 0.53125109375 0.8452209187499999 0.5250163416666667 0.7559962875