3 0.5168427703549061 0.4976769109375 0.37474204384133614 0.47312326718750003 0.3430124885177453 0.5759853781250001 0.4851132150313152 0.6005390203125 0.5168427703549061 0.4976769109375
3 0.8607836242171191 0.506894634375 0.7039704488517745 0.47979882187499995 0.6698383945720251 0.590449446875 0.8266515699373694 0.617545259375 0.8607836242171191 0.506894634375
4 0.6739852567849687 0.320304303125 0.5498265407098122 0.2988508671875 0.5187597432150313 0.39956442187499996 0.6429184592901879 0.4210178578125 0.6739852567849687 0.320304303125
4 0.6476692338204593 0.177709625 0.5432467306889354 0.15966641875 0.5198844989561586 0.2354030109375 0.6243070020876826 0.25344621875 0.6476692338204593 0.177709625
4 0.6292215010438413 0.135201121875 0.5470470918580376 0.121002171875 0.5296496847599165 0.1774017625 0.6118240939457202 0.1916007125 0.6292215010438413 0.135201121875
4 0.6913194384133612 0.10788311718750002 0.6156041503131524 0.094800240625 0.5963013152400836 0.1573769296875 0.6720166012526096 0.1704598046875 0.6913194384133612 0.10788311718750002
4 0.760306872651357 0.171571303125 0.6494252421711899 0.152412021875 0.6213408580375783 0.24345707499999997 0.7322224864300627 0.2626163578125 0.760306872651357 0.171571303125
4 0.7685007787056367 0.09660838125 0.6805849227557411 0.0814173640625 0.6568913131524008 0.158228234375 0.7448071670146138 0.1734192515625 0.7685007787056367 0.09660838125
4 0.845293388308977 0.2134130484375 0.7433827661795408 0.1958038703125 0.7206004488517745 0.26966047656250003 0.8225110709812108 0.2872696546875 0.845293388308977 0.2134130484375
4 0.8808280354906054 0.1441644390625 0.7886060960334029 0.128229371875 0.7644982630480166 0.20638308906249997 0.8567202004175365 0.22231815625 0.8808280354906054 0.1441644390625
4 0.9352640918580375 0.2415474734375 0.8128995782881002 0.2204040578125 0.7821641586638831 0.320043334375 0.9045286743215031 0.34118675 0.9352640918580375 0.2415474734375
4 0.9815991356993737 0.22366981406250003 0.8721528684759917 0.2047585484375 0.8469680521920668 0.2864036703125 0.9564143173277662 0.305314934375 0.9815991356993737 0.22366981406250003
4 0.9900111127348643 0.1706681015625 0.8949184551148225 0.1542370015625 0.8747871711899792 0.21949938593749999 0.9698798288100209 0.2359304859375 0.9900111127348643 0.1706681015625