3 0.7641025645833334 0.2519230765625 0.588141025 0.2519230765625 0.588141025 0.41802884687499997 0.7641025645833334 0.41802884687499997 0.7641025645833334 0.2519230765625
5 0.70576923125 0.3777644234375 0.5625 0.3777644234375 0.5625 0.5061298078124999 0.70576923125 0.5061298078124999 0.70576923125 0.3777644234375
3 0.6075320520833334 0.37920673125 0.4152243583333333 0.37920673125 0.4152243583333333 0.5542067312500001 0.6075320520833334 0.5542067312500001 0.6075320520833334 0.37920673125
3 0.6708333333333333 0.48269230781249994 0.5083333333333333 0.48269230781249994 0.5083333333333333 0.613221153125 0.6708333333333333 0.613221153125 0.6708333333333333 0.48269230781249994
5 0.5224358979166667 0.51141826875 0.3407051291666667 0.51141826875 0.3407051291666667 0.6681490390625 0.5224358979166667 0.6681490390625 0.5224358979166667 0.51141826875
4 0.5777243583333332 0.5900240390625 0.4338141020833334 0.5900240390625 0.4338141020833334 0.7248798078124999 0.5777243583333332 0.7248798078124999 0.5777243583333332 0.5900240390625
4 0.38958333333333334 0.5855769234375 0.23701923125000002 0.5855769234375 0.23701923125000002 0.7420673078125 0.38958333333333334 0.7420673078125 0.38958333333333334 0.5855769234375
4 0.49951923125 0.6891826921875001 0.35753205208333333 0.6891826921875001 0.35753205208333333 0.8144230765625 0.49951923125 0.8144230765625 0.49951923125 0.6891826921875001
3 0.9208333333333333 0.8924278843750001 0.8740384625 0.8924278843750001 0.8740384625 0.9465144234375 0.9208333333333333 0.9465144234375 0.9208333333333333 0.8924278843750001
3 0.93108974375 0.9137019234375 0.8875 0.9137019234375 0.8875 0.9548076921875 0.93108974375 0.9548076921875 0.93108974375 0.9137019234375
3 0.8963141020833334 0.9324519234374999 0.8552884625 0.9324519234374999 0.8552884625 0.9795673078125 0.8963141020833334 0.9795673078125 0.8963141020833334 0.9324519234374999
3 0.9790064104166666 0.9528846156249999 0.9296474354166667 0.9528846156249999 0.9296474354166667 0.981490384375 0.9790064104166666 0.981490384375 0.9790064104166666 0.9528846156249999
4 0 0.9314903843750001 0.04358974375 0.9314903843750001 0.04358974375 0.8490384609375001 0 0.8490384609375001 0 0.9314903843750001
4 0 0.826802884375 0.0625 0.826802884375 0.0625 0.7472355765625001 0 0.7472355765625001 0 0.826802884375
3 0 0.4152644234375 0.030128204166666665 0.4152644234375 0.030128204166666665 0.3840144234375 0 0.3840144234375 0 0.4152644234375
3 0.01298076875 0.40132211562500003 0.00048076875 0.40132211562500003 0.00048076875 0.4243990390625 0.01298076875 0.4243990390625 0.01298076875 0.40132211562500003
3 0.13669871875 0.4447115390625 0.08637820416666667 0.4447115390625 0.08637820416666667 0.48125 0.13669871875 0.48125 0.13669871875 0.4447115390625
5 0.12900641041666666 0.46983173125000005 0.08830128124999999 0.46983173125000005 0.08830128124999999 0.498197115625 0.12900641041666666 0.498197115625 0.12900641041666666 0.46983173125000005
5 0.11266025625000001 0.475240384375 0.06394230833333334 0.475240384375 0.06394230833333334 0.5091346156250001 0.11266025625000001 0.5091346156250001 0.11266025625000001 0.475240384375
5 0.10144230833333333 0.4967548078125 0.05817307708333333 0.4967548078125 0.05817307708333333 0.5229567312500001 0.10144230833333333 0.5229567312500001 0.10144230833333333 0.4967548078125
4 0.075 0.5183894234374999 0.03525641041666667 0.5183894234374999 0.03525641041666667 0.5469951921875 0.075 0.5469951921875 0.075 0.5183894234374999
4 0.09919871875000001 0.5176682687499999 0.062339743749999996 0.5176682687499999 0.062339743749999996 0.5381009609375 0.09919871875000001 0.5381009609375 0.09919871875000001 0.5176682687499999
4 0.08493589791666666 0.5390625 0.0490384625 0.5390625 0.0490384625 0.56141826875 0.08493589791666666 0.56141826875 0.08493589791666666 0.5390625
3 0.22900641041666667 0.49795673125000006 0.17003205208333333 0.49795673125000006 0.17003205208333333 0.5453125 0.22900641041666667 0.5453125 0.22900641041666667 0.49795673125000006
3 0.18076923125000002 0.500240384375 0.11570512916666667 0.500240384375 0.11570512916666667 0.5514423078124999 0.18076923125000002 0.5514423078124999 0.18076923125000002 0.500240384375
3 0.20737179583333332 0.5353365390625 0.1753205125 0.5353365390625 0.1753205125 0.5771634609375 0.20737179583333332 0.5771634609375 0.20737179583333332 0.5353365390625
3 0.18301282083333334 0.537259615625 0.12467948749999999 0.537259615625 0.12467948749999999 0.5776442312500001 0.18301282083333334 0.5776442312500001 0.18301282083333334 0.537259615625
5 0.14391025624999998 0.551802884375 0.09294871875 0.551802884375 0.09294871875 0.5998798078124999 0.14391025624999998 0.5998798078124999 0.14391025624999998 0.551802884375
5 0.17660256458333334 0.5693509609375 0.14166666666666666 0.5693509609375 0.14166666666666666 0.5984375 0.17660256458333334 0.5984375 0.17660256458333334 0.5693509609375
4 0.15576923125 0.5842548078124999 0.10608974374999999 0.5842548078124999 0.10608974374999999 0.621033653125 0.15576923125 0.621033653125 0.15576923125 0.5842548078124999
4 0.9990384625 0.6258413468749999 0.9496794875 0.6258413468749999 0.9496794875 0.664783653125 0.9990384625 0.664783653125 0.9990384625 0.6258413468749999
3 0.99951923125 0.5703125 0.9604166666666667 0.5703125 0.9604166666666667 0.6306490390625 0.99951923125 0.6306490390625 0.99951923125 0.5703125
5 0.34391025625 0.07463942343749999 0.29935897499999997 0.07463942343749999 0.29935897499999997 0.117427884375 0.34391025625 0.117427884375 0.34391025625 0.07463942343749999
4 0.20272435833333333 0.0793269234375 0.16201923125 0.0793269234375 0.16201923125 0.121634615625 0.20272435833333333 0.121634615625 0.20272435833333333 0.0793269234375
4 0.16698717916666667 0.1512019234375 0.13653846249999999 0.1512019234375 0.13653846249999999 0.17548076875000002 0.16698717916666667 0.17548076875000002 0.16698717916666667 0.1512019234375
4 0.3762820520833333 0.12608173125 0.33493589791666667 0.12608173125 0.33493589791666667 0.1662259609375 0.3762820520833333 0.1662259609375 0.3762820520833333 0.12608173125
4 0.136858975 0.193990384375 0.10512820416666666 0.193990384375 0.10512820416666666 0.22644230781250002 0.136858975 0.22644230781250002 0.136858975 0.193990384375
4 0.23365384583333335 0.15576923125 0.20160256458333334 0.15576923125 0.20160256458333334 0.1990384609375 0.23365384583333335 0.1990384609375 0.23365384583333335 0.15576923125
4 0.29230769166666665 0.1443509609375 0.25160256458333335 0.1443509609375 0.25160256458333335 0.1777644234375 0.29230769166666665 0.1777644234375 0.29230769166666665 0.1443509609375
4 0.1934294875 0.20168269218749998 0.16041666666666668 0.20168269218749998 0.16041666666666668 0.227403846875 0.1934294875 0.227403846875 0.1934294875 0.20168269218749998
4 0.16282051250000001 0.2074519234375 0.13493589791666669 0.2074519234375 0.13493589791666669 0.2365384609375 0.16282051250000001 0.2365384609375 0.16282051250000001 0.2074519234375
4 0.27644230833333333 0.16838942343750002 0.24631410208333332 0.16838942343750002 0.24631410208333332 0.21069711562500001 0.27644230833333333 0.21069711562500001 0.27644230833333333 0.16838942343750002
4 0.33990384583333333 0.16875 0.30272435833333333 0.16875 0.30272435833333333 0.2084134609375 0.33990384583333333 0.2084134609375 0.33990384583333333 0.16875
4 0.38125 0.16754807656249998 0.34022435833333337 0.16754807656249998 0.34022435833333337 0.20504807656250001 0.38125 0.20504807656250001 0.38125 0.16754807656249998
4 0.21634615416666667 0.18605769218749998 0.18044871875000001 0.18605769218749998 0.18044871875000001 0.2146634609375 0.21634615416666667 0.2146634609375 0.21634615416666667 0.18605769218749998
4 0.33782051249999995 0.20048076875 0.30769230833333333 0.20048076875 0.30769230833333333 0.23100961562500003 0.33782051249999995 0.23100961562500003 0.33782051249999995 0.20048076875
4 0.5802884625 0.1300480765625 0.5475961541666667 0.1300480765625 0.5475961541666667 0.166346153125 0.5802884625 0.166346153125 0.5802884625 0.1300480765625
4 0.5511217958333333 0.160697115625 0.5190705125 0.160697115625 0.5190705125 0.1933894234375 0.5511217958333333 0.1933894234375 0.5511217958333333 0.160697115625
5 0.6272435895833334 0.14266826875 0.5891025645833333 0.14266826875 0.5891025645833333 0.17824519218749998 0.6272435895833334 0.17824519218749998 0.6272435895833334 0.14266826875
4 0.5927884625 0.160096153125 0.56169871875 0.160096153125 0.56169871875 0.1920673078125 0.5927884625 0.1920673078125 0.5927884625 0.160096153125
4 0.6474358979166667 0.11454326875000001 0.6163461541666667 0.11454326875000001 0.6163461541666667 0.1467548078125 0.6474358979166667 0.1467548078125 0.6474358979166667 0.11454326875000001
4 0.5649038458333333 0.18641826875 0.5347756416666667 0.18641826875 0.5347756416666667 0.2162259609375 0.5649038458333333 0.2162259609375 0.5649038458333333 0.18641826875
4 0.5381410249999999 0.19615384687499998 0.5153846145833333 0.19615384687499998 0.5153846145833333 0.21947115312499998 0.5381410249999999 0.21947115312499998 0.5381410249999999 0.19615384687499998
4 0.21586538541666667 0.15673076875 0.18701923125 0.15673076875 0.18701923125 0.1985576921875 0.21586538541666667 0.1985576921875 0.21586538541666667 0.15673076875
4 0.7169871791666667 0.151322115625 0.6913461541666667 0.151322115625 0.6913461541666667 0.176322115625 0.7169871791666667 0.176322115625 0.7169871791666667 0.151322115625
3 0.07820512916666668 0.8006009609375001 0.04134615416666666 0.8006009609375001 0.04134615416666666 0.8284855765625 0.07820512916666668 0.8284855765625 0.07820512916666668 0.8006009609375001
3 0.08862179583333334 0.8206730765625 0.05368589791666667 0.8206730765625 0.05368589791666667 0.849278846875 0.08862179583333334 0.849278846875 0.08862179583333334 0.8206730765625
5 0.0684294875 0.8263221156249999 0.0427884625 0.8263221156249999 0.0427884625 0.8530048078125001 0.0684294875 0.8530048078125001 0.0684294875 0.8263221156249999