1 0.5544347374999999 1 0.5566818208333333 0.9758989031249999 0.49265805208333335 0.97254116875 0.49009790625 1 0.5544347374999999 1
1 0.6014085 0.8285604187500001 0.48710428541666667 0.822565721875 0.4785488041666667 0.914327534375 0.5928530187500001 0.9203222312499999 0.6014085 0.8285604187500001
2 0.6647031083333333 0.79638518125 0.6006793416666666 0.793027446875 0.5958976479166667 0.844313503125 0.6599214145833333 0.8476712359375 0.6647031083333333 0.79638518125
1 0.7018928624999999 0.753367190625 0.618762525 0.7490074109375 0.6134651583333334 0.805824315625 0.6965954958333334 0.8101840953125 0.7018928624999999 0.753367190625
1 0.5903769791666666 0.7590134625 0.5551806666666667 0.7571675875 0.5514068791666666 0.7976433468749999 0.5866031916666666 0.7994892218749999 0.5903769791666666 0.7590134625
0 0.6856535833333334 0.5933576578124999 0.6031936520833334 0.5890330374999999 0.5963492666666668 0.6624424890625 0.6788091979166667 0.666767109375 0.6856535833333334 0.5933576578124999
1 0.47026085208333335 0.533556109375 0.36165508749999997 0.52786026875 0.3549279 0.6000127078124999 0.46353366458333334 0.6057085484375 0.47026085208333335 0.533556109375
0 0.7001826583333333 0.43571967031250003 0.5040889187500001 0.4254355125 0.4906579833333333 0.5694889890625 0.686751725 0.579773146875 0.7001826583333333 0.43571967031250003
0 0.6656832458333334 0.3270472078125 0.4166274375 0.3139854484375 0.39754754166666667 0.518626865625 0.64660335 0.5316886249999999 0.6656832458333334 0.3270472078125
1 0.6307882041666667 0.33822765781249997 0.3462008791666667 0.3233024453125 0.3262068375 0.537748546875 0.6107941625 0.5526737609375 0.6307882041666667 0.33822765781249997
2 0.9075436770833334 0.28541582656250003 0.6283196 0.27077189062499996 0.6083724354166667 0.4847151875 0.8875965145833333 0.49935912499999996 0.9075436770833334 0.28541582656250003
1 0.6590410999999999 0.5500251296875 0.56417865625 0.5450500578125 0.5597719979166667 0.592313678125 0.6546344395833333 0.5972887484375 0.6590410999999999 0.5500251296875