4 0.30473352499999995 0.16130177031249998 0.4840865125 0.18020658437499998 0.5120988416666666 0.0307180328125 0.33274585416666663 0.01181321875 0.30473352499999995 0.16130177031249998
4 0.35666427708333337 0.29160430000000004 0.4471726458333333 0.301144390625 0.47275318541666667 0.16463314375 0.38224481666666665 0.1550930515625 0.35666427708333337 0.29160430000000004
4 0.44517073333333335 0.322692515625 0.6531403395833333 0.34461368281250004 0.6839118104166667 0.18040088125 0.47594220625 0.15847971562500002 0.44517073333333335 0.322692515625
4 0.2794110083333334 0.5164495609374999 0.46209151041666663 0.5357051140625 0.4887476479166667 0.39345390468749997 0.30606714791666667 0.3741983515625 0.2794110083333334 0.5164495609374999
4 1 0.5203822234375 0.9448382270833334 0.5145678609375001 0.93038779375 0.5916829921875 0.9866227770833333 0.597610475 1 0.5262225515625001 1 0.5203822234375
4 0.8521687375 0.5917092796875 0.93568933125 0.6005128203125001 0.9462114895833333 0.5443610265625 0.8626908979166666 0.5355574875 0.8521687375 0.5917092796875
4 0.8848458041666666 0.6409623359375 0.9610458666666666 0.6489942515625 0.9675929895833334 0.6140553578125 0.891392925 0.6060234421875 0.8848458041666666 0.6409623359375
4 0.8802781 0.6861623390625 0.9682908354166667 0.6954393765625 0.9808706625 0.6283067875 0.8928579270833333 0.6190297499999999 0.8802781 0.6861623390625
4 0.45964438750000003 0.669183159375 0.6519746770833332 0.689455853125 0.6802675958333333 0.538469921875 0.48793730625 0.5181972265625 0.45964438750000003 0.669183159375
4 0.2848689541666667 0.7182014453125001 0.45889791875 0.736545078125 0.4839640416666667 0.602779028125 0.3099350770833333 0.584435396875 0.2848689541666667 0.7182014453125001
4 0.8626368541666667 0.7531431640624999 0.9315163875 0.7604034546875 0.9406823583333334 0.711489003125 0.871802825 0.7042287125 0.8626368541666667 0.7531431640624999
4 0.29238009375 0.844712625 0.4484404833333333 0.8611622671875001 0.47322601666666664 0.7288935984375 0.317165625 0.71244395625 0.29238009375 0.844712625
3 0.4411469125 0.9163819078125 0.6098518562499999 0.9341643578125 0.6358532833333334 0.7954070375 0.4671483375 0.7776245875 0.4411469125 0.9163819078125