4 0.8718584645833333 0.5899057546875001 0.7319775125 0.5899057546875001 0.7319775125 0.6940724203124999 0.8718584645833333 0.6940724203124999 0.8718584645833333 0.5899057546875001
4 0.7670304229166667 0.3353174609375 0.5418320104166666 0.3353174609375 0.5418320104166666 0.4950396828125 0.7670304229166667 0.4950396828125 0.7670304229166667 0.3353174609375
4 0.66931216875 0.17646329375 0.4712301583333333 0.17646329375 0.4712301583333333 0.3307291671875 0.66931216875 0.3307291671875 0.66931216875 0.17646329375
4 0.5224867729166667 0.5141369046875 0.4378306875 0.5141369046875 0.4378306875 0.587549603125 0.5224867729166667 0.587549603125 0.5224867729166667 0.5141369046875
4 0.54431216875 0.40302579375 0.43551587291666666 0.40302579375 0.43551587291666666 0.5228174609375 0.54431216875 0.5228174609375 0.54431216875 0.40302579375
4 0.45651454999999996 0.493799603125 0.36954365 0.493799603125 0.36954365 0.5729166671875 0.45651454999999996 0.5729166671875 0.45651454999999996 0.493799603125
4 0.4214616395833334 0.5171130953125 0.24851190416666666 0.5171130953125 0.24851190416666666 0.643601190625 0.4214616395833334 0.643601190625 0.4214616395833334 0.5171130953125
4 0.4758597875 0.8740079359375 0.42923280416666665 0.8740079359375 0.42923280416666665 0.9154265875 0.4758597875 0.9154265875 0.4758597875 0.8740079359375
4 0.3850859791666667 0.89794146875 0.32457010625000005 0.89794146875 0.32457010625000005 0.948040675 0.3850859791666667 0.948040675 0.3850859791666667 0.89794146875
4 0.41451719583333335 0.663814484375 0.2911706354166667 0.663814484375 0.2911706354166667 0.7615327375 0.41451719583333335 0.7615327375 0.41451719583333335 0.663814484375
4 0.31679894166666667 0.7197420640625001 0.22354497291666667 0.7197420640625001 0.22354497291666667 0.8005952375 0.31679894166666667 0.8005952375 0.31679894166666667 0.7197420640625001
4 0.26306216875 0.649181546875 0.09242724791666666 0.649181546875 0.09242724791666666 0.7377232140625 0.26306216875 0.7377232140625 0.26306216875 0.649181546875
4 0.2653769833333333 0.7178819437499999 0.05902777708333333 0.7178819437499999 0.05902777708333333 0.879836309375 0.2653769833333333 0.879836309375 0.2653769833333333 0.7178819437499999
4 0.11871693125 0.8048115078125001 0.04794973541666667 0.8048115078125001 0.04794973541666667 0.875248015625 0.11871693125 0.875248015625 0.11871693125 0.8048115078125001
4 0.09226190416666666 0.824652778125 0.021825395833333334 0.824652778125 0.021825395833333334 0.8834325390625001 0.09226190416666666 0.8834325390625001 0.09226190416666666 0.824652778125
4 0.23445767291666667 0.4599454359375 0.033399470833333327 0.4599454359375 0.033399470833333327 0.6097470234375 0.23445767291666667 0.6097470234375 0.23445767291666667 0.4599454359375
4 0.33845899375 0.3010912703125 0.0947420625 0.3010912703125 0.0947420625 0.47743055625 0.33845899375 0.47743055625 0.33845899375 0.3010912703125
4 0.12880291041666667 0.41803075468750006 0.0014880958333333334 0.41803075468750006 0.0014880958333333334 0.5212053578125 0.12880291041666667 0.5212053578125 0.12880291041666667 0.41803075468750006