4 0.33075512317327765 0.0960217796875 0.10860403340292275 0.1374766 0.17818070354906054 0.346333165625 0.4003317954070981 0.30487834375 0.33075512317327765 0.0960217796875
4 0 0.3970747984375 0.014977643006263048 0.44203496875 0.31263821920668056 0.3864895921875 0.23205660960334032 0.1445981984375 0 0.187901453125 0 0.3970747984375
4 0.25639981628392483 0.4706407265625 0.042638670146137786 0.51052993125 0.09056926513569936 0.6544088968749999 0.3043304133611691 0.6145196921875 0.25639981628392483 0.4706407265625
4 0.39572167849686846 0.527143659375 0.25236309394572026 0.5538952921875 0.286560254697286 0.6565489765625 0.42991883924843427 0.62979734375 0.39572167849686846 0.527143659375
4 0.30358234237995824 0.5826157281250001 0.12374574530271398 0.6161743937499999 0.1683111941544885 0.7499518015625 0.3481477912317328 0.7163931375 0.30358234237995824 0.5826157281250001
4 0.3753920563674321 0.6306928093749999 0.3049894947807933 0.6438303796875 0.3294550167014614 0.717271446875 0.3998575803757829 0.7041338765625 0.3753920563674321 0.6306928093749999
4 0.3431514321503132 0.6944165203125 0.2067236680584551 0.7198748187499999 0.2330081878914405 0.7987761859375 0.36943595198329854 0.7733178890625 0.3431514321503132 0.6944165203125
4 0.5849008601252609 0.443703775 0.4061586033402923 0.47705822812500004 0.4522702025052192 0.6154768921875 0.6310124572025053 0.5821224375 0.5849008601252609 0.443703775
4 0.6451468329853862 0.6344374 0.46531023590814197 0.6679960656249999 0.5143322317327766 0.8151512140625 0.6941688288100208 0.7815925484374999 0.6451468329853862 0.6344374
4 0.7130674050104384 0.8069196546875 0.7659547703549061 0.9656779453125001 0.951627847599165 0.9310301546875 0.8987404822546973 0.7722718656249999 0.7130674050104384 0.8069196546875
4 0.7415385240083507 0.9418154515625 0.7504516137787056 0.968570934375 0.875935974947808 0.9451547453125 0.8670228851774531 0.9183992640625 0.7415385240083507 0.9418154515625
4 0.6653515678496869 0.8404726281249999 0.6124584530271399 0.8503428234375001 0.6255552379958247 0.8896569984375 0.6784483528183717 0.8797868031249999 0.6653515678496869 0.8404726281249999
4 0.595536630480167 0.9135278421875 0.5678133402922756 0.9187011875 0.5761807306889353 0.943818578125 0.6039040208768267 0.9386452328124999 0.595536630480167 0.9135278421875