5 0.8211834958333333 0.6311849484375001 0.6301529041666666 0.618650190625 0.6126238270833333 0.7689188859375 0.8036544208333333 0.78145364375 0.8211834958333333 0.6311849484375001
5 0.75566226875 0.53538580625 0.61276243125 0.5260092203125 0.59980331875 0.6371017171875 0.74270315625 0.6464783046875 0.75566226875 0.53538580625
4 0.6034048270833333 0.3951242046875 0.5377380604166666 0.39081538125000004 0.5266395770833333 0.48595757031250003 0.59230634375 0.49026639375 0.6034048270833333 0.3951242046875
4 0.7235822020833333 0.3849636234375 0.57471265625 0.375195325 0.5607742666666666 0.4946827234375 0.7096438104166667 0.504451021875 0.7235822020833333 0.3849636234375
4 0.6015170520833333 0.3113956765625 0.4955547708333333 0.304442803125 0.48664333958333333 0.3808363859375 0.5926056229166666 0.387789259375 0.6015170520833333 0.3113956765625
4 0.6376117354166666 0.24369407656250003 0.50366645625 0.23490505625 0.4906420583333333 0.3465572140625 0.6245873375 0.355346234375 0.6376117354166666 0.24369407656250003
4 0.5921778854166667 0.1658493359375 0.47726104374999995 0.1583088953125 0.46639105833333333 0.25149227500000004 0.5813078979166666 0.25903271562499997 0.5921778854166667 0.1658493359375
4 0.5959755041666667 0.0946186546875 0.49784846250000003 0.0881799015625 0.4887411770833333 0.1662524625 0.5868682187500001 0.172691215625 0.5959755041666667 0.0946186546875
4 0.6268994645833333 0.1244220046875 0.5716796854166667 0.12079867656250001 0.5640739583333333 0.18599906093750002 0.6192937395833333 0.1896223890625 0.6268994645833333 0.1244220046875
5 0.30450202083333333 0.36944885312500003 0.22913448125 0.3645035 0.22338938333333333 0.413753575 0.29875692291666667 0.4186989296875 0.30450202083333333 0.36944885312500003
3 0.2769280708333334 0.43178814687499995 0.2112613041666667 0.427479325 0.20580998958333332 0.4742109296875 0.27147675625 0.47851975312499995 0.2769280708333334 0.43178814687499995
5 0.37931074374999996 0.4307519125 0.31028601875 0.4262227515625 0.30447563541666667 0.47603248750000005 0.37350036249999996 0.480561646875 0.37931074374999996 0.4307519125
4 0.4128500041666667 0.3865682703125 0.3505411958333333 0.38247978437499996 0.34525309583333336 0.4278122390625 0.40756190208333337 0.43190072500000004 0.4128500041666667 0.3865682703125
4 0.4444840666666667 0.340990740625 0.38590632708333333 0.33714707499999996 0.380846725 0.380520721875 0.43942446458333334 0.3843643875 0.4444840666666667 0.340990740625
4 0.33447799166666664 0.3171361890625 0.26433394583333336 0.3125335828125 0.25966605416666666 0.3525492671875 0.32981010000000005 0.357151875 0.33447799166666664 0.3171361890625
4 0.34552362291666666 0.27401433750000004 0.28769209375 0.2702196359375 0.28315477291666663 0.309116003125 0.3409863 0.31291070625 0.34552362291666666 0.27401433750000004
5 0.3561296770833334 0.463490434375 0.2904629125 0.45918161093750004 0.28556652083333334 0.5011561062500001 0.35123328750000005 0.5054649296875 0.3561296770833334 0.463490434375