5 0.7208705887265136 0.3648854 0.591984025052192 0.376729634375 0.6085322881002088 0.477600134375 0.7374188517745303 0.4657559015625 0.7208705887265136 0.3648854
4 0.5272912275574113 0.475249275 0.4226117870563674 0.48486895625 0.43582629853862215 0.565418459375 0.5405057390396659 0.555798778125 0.5272912275574113 0.475249275
5 0.34683266597077245 0.4388975265625 0.26308910855949896 0.44659327187500003 0.2731706972860125 0.5080459312500001 0.35691425260960336 0.5003501859374999 0.34683266597077245 0.4388975265625
5 0.8448111210855951 0.5141654234375 0.6845207244258873 0.5288955609375 0.7012296492693111 0.6307453890625 0.8615200459290188 0.6160152515624999 0.8448111210855951 0.5141654234375
4 0.8676490521920669 0.6240260390625 0.7613339916492694 0.6337960296875 0.7741066805845511 0.7116523875 0.880421739039666 0.701882396875 0.8676490521920669 0.6240260390625
4 0.6007150354906055 0.5999702296875 0.46234189770354905 0.612686246875 0.48121977035490604 0.727756965625 0.6195929081419624 0.7150409484375 0.6007150354906055 0.5999702296875
4 0.43204303966597074 0.6081391968750001 0.31133455741127347 0.6192318921875 0.3270795073068894 0.71520576875 0.44778798747390397 0.7041130734375 0.43204303966597074 0.6081391968750001
5 0.38063006054279747 0.51941945 0.26777253653444677 0.52979066875 0.28243301252609604 0.6191541 0.39529053653444673 0.6087828796875 0.38063006054279747 0.51941945
4 0.3214986012526096 0.5121787859375 0.22172600835073067 0.5213475453124999 0.2338560438413361 0.5952866015625 0.3336286388308977 0.5861178421875 0.3214986012526096 0.5121787859375
4 0.5720608455114823 0.7744566953125 0.45854907515657617 0.7848880375 0.47345054488517746 0.8757204546875 0.5869623152400835 0.8652891125 0.5720608455114823 0.7744566953125
4 0.367692248434238 0.7856575343750001 0.2587602025052192 0.795668015625 0.27189438204592903 0.8757278546875 0.3808264279749478 0.8657173734375 0.367692248434238 0.7856575343750001
4 0.5210691878914405 0.7024734921875 0.4438680981210856 0.7095680078125 0.4537890229645094 0.770041340625 0.5309901106471816 0.762946825 0.5210691878914405 0.7024734921875