4 0 0.902641646875 0.06657490814196242 0.912327065625 0.08765620250521922 0.8311561296875001 0 0.8184037734375 0 0.902641646875
4 0.17495355949895616 0.8077743937499999 0.09614375574112735 0.7963090234375 0.08602473486430064 0.835271071875 0.16483453862212943 0.8467364421875001 0.17495355949895616 0.8077743937499999
4 0.5152087682672234 1 0.5302672713987474 0.9420190859375 0.4510959561586639 0.9305011234375 0.43314171816283925 0.9996317031249999 0.43567329018789147 1 0.5152087682672234 1
4 0.8384195866388309 1 0.8413943862212944 0.9885458968749999 0.7018504196242171 0.9682448296875 0.6936031315240084 1 0.8384195866388309 1
3 0.8795009394572025 1 0.9112317035490606 0.8778245859375 0.7165570250521921 0.8495030203124999 0.6774707306889354 1 0.8795009394572025 1
3 0.917282528183716 0.5807835875 0.7173659123173277 0.551699415625 0.6804736471816283 0.6937485531250001 0.8803902630480167 0.7228327250000001 0.917282528183716 0.5807835875
4 0.8832057620041754 0.707658321875 0.9527969895615865 0.7177825578125 0.9830837828810021 0.60116698125 0.9134925553235907 0.59104274375 0.8832057620041754 0.707658321875
3 0.7537850626304802 0.638989259375 0.5600141670146137 0.6107991765625 0.5245273194154488 0.7474369171874999 0.7182982171189979 0.7756270015625 0.7537850626304802 0.638989259375
4 0.7766910313152401 0.7653089515625 0.638954630480167 0.7452708515625 0.6102840688935283 0.8556633234375 0.748020471816284 0.8757014234374999 0.7766910313152401 0.7653089515625
4 0.8582207432150313 0.6984076046875 0.7193998016701462 0.6782117234375 0.6948049582463466 0.77291115 0.8336258997912317 0.7931070296875 0.8582207432150313 0.6984076046875
4 0.6574984467640919 0.7627102609375 0.6072481565762005 0.7553997734375 0.5937561294363256 0.8073491718750001 0.6440064175365345 0.8146596609375001 0.6574984467640919 0.7627102609375
4 0.6211405908141963 0.74885668125 0.5730593799582464 0.7418617546874999 0.5662430939457203 0.7681070234375 0.6143243048016702 0.77510195 0.6211405908141963 0.74885668125
5 0.7400685908141963 0.4050588171875 0.5289450772442589 0.37434425 0.4908582045929019 0.520993075 0.7019817181628392 0.5517076421875 0.7400685908141963 0.4050588171875
4 0.8376568204592902 0.3564988859375 0.6818447745302715 0.3338311125 0.6519093361169102 0.4490938421875 0.807721382045929 0.4717616140625 0.8376568204592902 0.3564988859375
4 0.8906200542797496 0.444370434375 0.7662596283924844 0.426278290625 0.7416647849686847 0.5209777156250001 0.8660252087682673 0.5390698578124999 0.8906200542797496 0.444370434375
4 0.8316560918580376 0.5305598765624999 0.7832133674321503 0.52351235625 0.7744294947807934 0.557333578125 0.8228722192066806 0.5643810984375001 0.8316560918580376 0.5305598765624999
4 0.6642222693110647 0.5288051796875 0.5850509540709813 0.5172872171875 0.5752832860125261 0.5548964171875 0.6544546033402923 0.5664143796875 0.6642222693110647 0.5288051796875
4 0.5400880354906055 0.3921109375 0.3925907870563674 0.3706528140625 0.36384995407098125 0.48131585781249997 0.511347204592902 0.5027739796875 0.5400880354906055 0.3921109375
4 0.7912774906054281 0.2252198921875 0.6813775782881002 0.20923148593750002 0.6550962317327765 0.3104245875 0.7649961419624217 0.32641299375 0.7912774906054281 0.2252198921875
4 0.7051201941544885 0.191485734375 0.5370167098121085 0.1670297859375 0.501178509394572 0.305020375 0.6692819916492693 0.3294763234375 0.7051201941544885 0.191485734375
4 0.5126280187891441 0.2652691125 0.38356792484342384 0.2464932546875 0.35749739039665973 0.3468746453125 0.48655748434237994 0.365650503125 0.5126280187891441 0.2652691125
4 0.6236889373695198 0.052159007812500005 0.48812161169102297 0.03243646875 0.45881861169102295 0.14526406875 0.5943859373695198 0.16498660781250002 0.6236889373695198 0.052159007812500005
4 0.4002165803757829 0.23656043906250002 0.30694626304801675 0.22299133124999998 0.288956891440501 0.2922571953125 0.3822272108559499 0.30582630312500003 0.4002165803757829 0.23656043906250002
4 0.2760092171189979 0.3695571515625 0.15201030480167013 0.3515176015625 0.12790735699373695 0.44432303749999996 0.2519062713987474 0.46236258750000003 0.2760092171189979 0.3695571515625
4 0.15240584342379956 0.21637335625 0.08154931941544885 0.20606504218750002 0.06735458246346555 0.26072014062500004 0.13821110438413362 0.27102845468750003 0.15240584342379956 0.21637335625