4 0.9325383674321504 1 0.9431559227557411 0.924393375 0.8739644801670146 0.918950503125 0.8628092192066806 0.998386075 0.8833259185803758 1 0.9325383674321504 1
5 0.8726547745302714 1 0.8815506012526096 0.9366536546875001 0.7620048016701461 0.927249709375 0.7517883674321503 1 0.8726547745302714 1
4 0.920796114822547 0.80477428125 0.8161935427974948 0.7965458296875 0.8053201837160752 0.8739740046875 0.90992275782881 0.8822024562499999 0.920796114822547 0.80477428125
4 0.9598909561586639 0.7236223703125 0.8755958392484343 0.7169913828125 0.867501229645094 0.774632359375 0.9517963444676409 0.7812633453125 0.9598909561586639 0.7236223703125
4 0.9727957745302714 0.6689692375 0.90306072651357 0.663483603125 0.8967783402922755 0.70821988125 0.9665133903966597 0.713705515625 0.9727957745302714 0.6689692375
4 0.7376682713987474 0.8012414328125 0.6372804551148226 0.79334453125 0.6265681837160753 0.8696256218749999 0.726956 0.8775225234375 0.7376682713987474 0.8012414328125
4 0.6926005490605428 0.9125120515624999 0.5906800918580376 0.904494584375 0.5797261899791232 0.982496303125 0.6816466471816284 0.99051376875 0.6926005490605428 0.9125120515624999
4 0.5966886200417537 0.85205338125 0.5139261440501044 0.8455429578125001 0.5039387620041753 0.9166621718749999 0.5867012379958246 0.9231725953125001 0.5966886200417537 0.85205338125
4 0.6484903924843424 0.7342089859375001 0.559980521920668 0.72724645 0.5508388475991649 0.7923434703125001 0.6393487181628392 0.7993060078124999 0.6484903924843424 0.7342089859375001
4 0.5332203924843424 0.7757357375 0.463868503131524 0.77028024375 0.45609606680584547 0.8256270515624999 0.5254479540709812 0.8310825453125 0.5332203924843424 0.7757357375
5 0.37007227348643007 0.9416492265624999 0.3630045887265136 0.9919775390625001 0.4377207118997912 0.9978550046875 0.4447883966597077 0.9475266921875001 0.37007227348643007 0.9416492265624999
4 0.5607784363256785 0.6857029765625 0.5010055386221294 0.6810010046875 0.4937969060542797 0.7323330171875 0.5535698037578288 0.7370349890625 0.5607784363256785 0.6857029765625
4 0.4982285824634655 0.7573264421875 0.26794965762004175 0.7392117921875 0.24173278288100208 0.9258997250000001 0.47201170772442586 0.9440143750000001 0.4982285824634655 0.7573264421875
3 0.751140146137787 0.5660009390625 0.6890682881002088 0.561118121875 0.6827053611691023 0.6064279421875 0.7447772171189979 0.611310759375 0.751140146137787 0.5660009390625
5 0.2668848267223382 0.806103925 0.20366349269311063 0.8011306843750001 0.19472317536534448 0.8647938500000001 0.25794451148225467 0.869767090625 0.2668848267223382 0.806103925
4 0.22744004592901879 0.7573356578125 0.15847131732776618 0.7519103046875 0.1510210521920668 0.8049629421875 0.21998978079331943 0.8103882953125 0.22744004592901879 0.7573356578125
5 0.13777959498956158 0.7930486078125 0.061913993736951986 0.78708071875 0.05426237160751565 0.8415672125 0.13012797286012526 0.8475351 0.13777959498956158 0.7930486078125
4 0.11179082463465552 0.72156385 0.04588737160751566 0.7163796234375 0.03879955323590814 0.766851321875 0.10470300626304802 0.7720355484375 0.11179082463465552 0.72156385
4 0.35687301252609605 0.602542103125 0.14805102713987475 0.5861153406249999 0.12469344258872651 0.7524425328125 0.3335154279749478 0.7688692953125 0.35687301252609605 0.602542103125
4 0.4609478935281837 0.498667640625 0.2716670459290188 0.4837780609375 0.251410382045929 0.628023884375 0.440691229645094 0.6429134640624999 0.4609478935281837 0.498667640625
4 0.3408422860125261 0.464284909375 0.18336368684759916 0.45189702187499997 0.16520115031315238 0.5812307515625 0.32267974947807937 0.5936186390625 0.3408422860125261 0.464284909375
4 0.30009897494780796 0.3778674015625 0.18553425260960335 0.3688552875 0.17244595198329854 0.46205586875 0.2870106743215031 0.47106798281250006 0.30009897494780796 0.3778674015625
4 0.30921015866388313 0.31160822499999996 0.22453188517745304 0.304947096875 0.21615537160751563 0.3645954703125 0.30083364509394567 0.371256596875 0.30921015866388313 0.31160822499999996
4 0.23181712526096032 0.3303099640625 0.12568191231732775 0.3219609484375 0.11416420668058455 0.40397745937499996 0.22029941962421712 0.41232647499999997 0.23181712526096032 0.3303099640625
4 0.2362360751565762 0.294705146875 0.17646317745302714 0.29000317343750004 0.17050296450939456 0.332445284375 0.2302758643006263 0.3371472578125 0.2362360751565762 0.294705146875
4 0.1787546680584551 0.30265080625 0.14963453862212944 0.30036010156250004 0.14580872651356994 0.3276033484375 0.1749288580375783 0.329894053125 0.1787546680584551 0.30265080625
4 0.1543436033402923 0.39786008281249996 0.12713926931106473 0.3957200828125 0.12399807724425888 0.41808822343749996 0.15120240918580377 0.4202282234375 0.1543436033402923 0.39786008281249996
4 0.11554316701461378 0.34450348124999997 0.08335776200417536 0.34197164999999996 0.0797333089770355 0.367781040625 0.11191871607515658 0.370312871875 0.11554316701461378 0.34450348124999997
4 0.11441261377870564 0.2904859015625 0.08567564300626304 0.2882253375 0.0825344509394572 0.31059347812500004 0.11127141962421712 0.312854040625 0.11441261377870564 0.2904859015625
4 0.36260329853862217 0.23346567812500002 0.28635453653444676 0.22746765 0.27970970563674324 0.2747848671875 0.3559584697286013 0.280782896875 0.36260329853862217 0.23346567812500002
4 0.6058228538622129 0.3194292171875 0.41922412526096037 0.30475062343750003 0.4004575135699374 0.43838592031249995 0.58705624217119 0.4530645125 0.6058228538622129 0.3194292171875
4 0.6448833194154489 0.36265841249999997 0.5257206784968684 0.353284609375 0.5104577056367432 0.46197082500000003 0.6296203465553236 0.4713446296875 0.6448833194154489 0.36265841249999997
4 0.7300522045929019 0.25686182031250004 0.5798536388308977 0.24504660781249998 0.564993382045929 0.3508651140625 0.7151919478079333 0.362680328125 0.7300522045929019 0.25686182031250004
4 0.7678681858037578 0.2317124984375 0.7119268830897703 0.227311934375 0.7064096597077244 0.2665995625 0.7623509624217119 0.2710001265625 0.7678681858037578 0.2317124984375
4 0.908619981210856 0.1521786671875 0.8499965594989561 0.14756711875 0.8433920020876826 0.194597565625 0.9020154217118997 0.19920911562500002 0.908619981210856 0.1521786671875
4 1 0.30796069375 0.9613558016701461 0.3049207875 0.9541471670146138 0.3562528015625 1 0.359859765625 1 0.30796069375
4 0.5301999519832985 1 0.534944254697286 0.9662162656250001 0.46329340709812106 0.9605799265625 0.45783659081419625 0.9994374 0.46498853444676413 1 0.5301999519832985 1
4 0.5966691732776618 0.9515009125 0.5437931482254698 0.947341475 0.5376718496868477 0.9909306687500001 0.5905478768267224 0.9950901062499999 0.5966691732776618 0.9515009125