1 0.22790708333333332 1 0.22065668958333334 0.9482628343749999 0.14123815208333335 0.9545232515625001 0.14761121875 1 0.22790708333333332 1
1 0.2801409666666667 0.9148203078125 0.20755762916666667 0.92054191875 0.21641800208333334 0.9837675375 0.28900133958333335 0.978045925 0.2801409666666667 0.9148203078125
2 0.09153078125 0.8874834109374999 0.05572734375 0.89030573125 0.06003779583333334 0.9210641421875 0.09584123333333333 0.9182418218749999 0.09153078125 0.8874834109374999
1 0.06850347083333334 0.8241404921875001 0.044092033333333336 0.8260647999999999 0.048607745833333334 0.8582878953125 0.07301918125000001 0.8563635859375 0.06850347083333334 0.8241404921875001
0 0.10039719374999999 0.799289965625 0.06589569791666666 0.8020096562499999 0.06894038333333333 0.823735834375 0.10344187916666667 0.8210161453125 0.10039719374999999 0.799289965625
0 0.20785641875 0.7618188515625001 0.15252382916666668 0.76618061875 0.15981054583333335 0.8181769765625001 0.21514313333333332 0.813815209375 0.20785641875 0.7618188515625001
2 0.18032450625 0.7766999125 0.13345455 0.780394584375 0.13968075833333332 0.8248233984375 0.18655071458333333 0.821128725 0.18032450625 0.7766999125
1 0.3314926125 0.77872843125 0.2615131625 0.784244784375 0.26927881875 0.8396587421874999 0.33925826875 0.8341423890625 0.3314926125 0.77872843125
1 0.2819054229166667 0.7512922921875 0.22201603333333333 0.7560132640624999 0.22878959999999998 0.8043479078125 0.2886789895833333 0.7996269359375 0.2819054229166667 0.7512922921875
2 0.1250051875 0.71775359375 0.0813900875 0.72119169375 0.08529002083333334 0.7490207296875 0.12890512083333333 0.74558263125 0.1250051875 0.71775359375
2 0.12017082291666667 0.6938237890625001 0.07525377916666667 0.6973645171875 0.0794958125 0.727634696875 0.12441285416666667 0.72409396875 0.12017082291666667 0.6938237890625001
1 0.08851268333333334 0.6980470203125 0.05759152916666667 0.700484478125 0.06159409166666666 0.7290458578125001 0.09251524583333333 0.7266084 0.08851268333333334 0.6980470203125
1 0.17135373541666665 0.668069759375 0.14140903958333334 0.6704302453125 0.14418004375000001 0.6902035078125001 0.17412473958333333 0.687843021875 0.17135373541666665 0.668069759375
2 0.33075773125 0.6478530890624999 0.2728212583333333 0.652420115625 0.2788079958333334 0.6951401296874999 0.33674447083333336 0.690573103125 0.33075773125 0.6478530890624999
1 0.31858627083333335 0.6079653125 0.25251265 0.6131737765625 0.2596967375 0.6644377921875 0.32577035833333334 0.659229328125 0.31858627083333335 0.6079653125
2 0.36542933958333335 0.6099494140624999 0.308469325 0.61443946875 0.31421659583333333 0.6554506796874999 0.37117661041666666 0.650960625 0.36542933958333335 0.6099494140624999
1 0.5104372479166667 0.5386670203125 0.380242925 0.5489300015625 0.3928663916666667 0.6390081999999999 0.5230607145833334 0.6287452203125 0.5104372479166667 0.5386670203125
1 0.46690531041666666 0.47225103281249997 0.34452264791666665 0.48189823593750003 0.3558803479166667 0.5629442015625 0.4782630104166667 0.5532969999999999 0.46690531041666666 0.47225103281249997
1 0.36514946249999997 0.474101984375 0.25806462916666667 0.4825432875 0.26860128958333335 0.5577305078125 0.3756861229166667 0.54928920625 0.36514946249999997 0.474101984375
1 0.78112430625 0.3814597625 0.6261930604166667 0.3936727109375 0.6414506937500001 0.5025477140625 0.7963819395833334 0.490334765625 0.78112430625 0.3814597625
1 0.6478892291666667 0.3512386140625 0.49133055416666666 0.36357985 0.50764869375 0.4800223984375 0.6642073687500001 0.4676811625 0.6478892291666667 0.3512386140625
2 0.391550575 0.378356034375 0.34142576041666667 0.38230728125 0.34621514999999997 0.4164832921875 0.3963399666666667 0.41253204375 0.391550575 0.378356034375
2 0.5737752916666667 0.3037696921875 0.4823137791666667 0.3109794359375 0.4918925604166667 0.37933145625 0.5833540729166666 0.3721217109375 0.5737752916666667 0.3037696921875