4 0.9583333333333334 0.00048076875000000005 0.8711538458333333 0.00048076875000000005 0.8711538458333333 0.025 0.9583333333333334 0.025 0.9583333333333334 0.00048076875000000005
4 0.9096153854166666 0.0108173078125 0.8269230770833332 0.0108173078125 0.8269230770833332 0.0826923078125 0.9096153854166666 0.0826923078125 0.9096153854166666 0.0108173078125
4 0.8730769229166667 0.07860576875 0.8051282041666667 0.07860576875 0.8051282041666667 0.139903846875 0.8730769229166667 0.139903846875 0.8730769229166667 0.07860576875
4 0.7802884625 0.06923076875 0.7056089750000001 0.06923076875 0.7056089750000001 0.131490384375 0.7802884625 0.131490384375 0.7802884625 0.06923076875
4 0.8583333333333333 0.13954326875 0.7849358979166666 0.13954326875 0.7849358979166666 0.1912259609375 0.8583333333333333 0.1912259609375 0.8583333333333333 0.13954326875
4 0.7411858979166667 0.134375 0.681891025 0.134375 0.681891025 0.193509615625 0.7411858979166667 0.193509615625 0.7411858979166667 0.134375
4 0.8185897437499999 0.1921875 0.7647435895833333 0.1921875 0.7647435895833333 0.24411057656250001 0.8185897437499999 0.24411057656250001 0.8185897437499999 0.1921875
4 0.7639423083333334 0.18834134687499998 0.7049679479166666 0.18834134687499998 0.7049679479166666 0.24266826875 0.7639423083333334 0.24266826875 0.7639423083333334 0.18834134687499998
4 0.78701923125 0.23365384687500002 0.7408653854166667 0.23365384687500002 0.7408653854166667 0.2831730765625 0.78701923125 0.2831730765625 0.78701923125 0.23365384687500002
4 0.7527243583333333 0.24266826875 0.7091346145833334 0.24266826875 0.7091346145833334 0.2909855765625 0.7527243583333333 0.2909855765625 0.7527243583333333 0.24266826875
3 0.7350961541666667 0.62235576875 0.6995192312499999 0.62235576875 0.6995192312499999 0.6552884609375 0.7350961541666667 0.6552884609375 0.7350961541666667 0.62235576875
5 0.6302884624999999 0.283533653125 0.46522435833333337 0.283533653125 0.46522435833333337 0.4623798078125 0.6302884624999999 0.4623798078125 0.6302884624999999 0.283533653125
4 0.7657051291666667 0.5090144234375 0.7381410249999999 0.5090144234375 0.7381410249999999 0.539302884375 0.7657051291666667 0.539302884375 0.7657051291666667 0.5090144234375
4 0.7296474354166667 0.526322115625 0.7040064104166667 0.526322115625 0.7040064104166667 0.552283653125 0.7296474354166667 0.552283653125 0.7296474354166667 0.526322115625
4 0.6951923083333333 0.5737980765625 0.6673076916666666 0.5737980765625 0.6673076916666666 0.5932692312500001 0.6951923083333333 0.5932692312500001 0.6951923083333333 0.5737980765625
4 0.63830128125 0.768509615625 0.5440705124999999 0.768509615625 0.5440705124999999 0.8326923078125 0.63830128125 0.8326923078125 0.63830128125 0.768509615625
4 0.5514423083333334 0.7501201921875 0.48125 0.7501201921875 0.48125 0.82391826875 0.5514423083333334 0.82391826875 0.5514423083333334 0.7501201921875
4 0.50641025625 0.703846153125 0.4134615375 0.703846153125 0.4134615375 0.7973557687499999 0.50641025625 0.7973557687499999 0.50641025625 0.703846153125
4 0.5110576916666667 0.6237980765625 0.3947115375 0.6237980765625 0.3947115375 0.7495192312500001 0.5110576916666667 0.7495192312500001 0.5110576916666667 0.6237980765625
4 0.6371794875 0.4640625 0.4875 0.4640625 0.4875 0.6020432687499999 0.6371794875 0.6020432687499999 0.6371794875 0.4640625
4 0.6758012812499999 0.5709134609375 0.53830128125 0.5709134609375 0.53830128125 0.6362980765625 0.6758012812499999 0.6362980765625 0.6758012812499999 0.5709134609375
4 0.46057692291666663 0.53233173125 0.3346153854166667 0.53233173125 0.3346153854166667 0.6563701921875 0.46057692291666663 0.6563701921875 0.46057692291666663 0.53233173125
4 0.44535256458333333 0.4209134609375 0.30817307708333336 0.4209134609375 0.30817307708333336 0.5629807687499999 0.44535256458333333 0.5629807687499999 0.44535256458333333 0.4209134609375