4 0.48737897708333333 0.0972510375 0.27679806458333334 0.0972510375 0.27679806458333334 0.295643153125 0.48737897708333333 0.295643153125 0.48737897708333333 0.0972510375
4 0.3848547708333333 0.1242219921875 0.10269709583333334 0.1242219921875 0.10269709583333334 0.3539937765625 0.3848547708333333 0.3539937765625 0.3848547708333333 0.1242219921875
4 0.30964730208333335 0.41986514531249997 0.10701936458333333 0.41986514531249997 0.10701936458333333 0.5565352703124999 0.30964730208333335 0.5565352703124999 0.30964730208333335 0.41986514531249997
4 0.4171853395833333 0.49364626562499997 0.28129322291666664 0.49364626562499997 0.28129322291666664 0.5911566390624999 0.4171853395833333 0.5911566390624999 0.4171853395833333 0.49364626562499997
4 0.31846473124999997 0.52787863125 0.14799446666666669 0.52787863125 0.14799446666666669 0.65495331875 0.31846473124999997 0.65495331875 0.31846473124999997 0.52787863125
4 0.3682572604166667 0.582857884375 0.3015214375 0.582857884375 0.3015214375 0.6526192953125001 0.3682572604166667 0.6526192953125001 0.3682572604166667 0.582857884375
4 0.32053941875 0.6344657671875 0.19121715 0.6344657671875 0.19121715 0.7094139 0.32053941875 0.7094139 0.32053941875 0.6344657671875
4 0.6108229604166666 0.4505964734375 0.4413900416666667 0.4505964734375 0.4413900416666667 0.582079875 0.6108229604166666 0.582079875 0.6108229604166666 0.4505964734375
4 0.6078838166666666 0.631224065625 0.43741355416666666 0.631224065625 0.43741355416666666 0.7710062234375 0.6078838166666666 0.7710062234375 0.6078838166666666 0.631224065625
4 0.7932226833333333 0.796810165625 0.6172199166666666 0.796810165625 0.6172199166666666 0.9482624484375 0.7932226833333333 0.9482624484375 0.7932226833333333 0.796810165625
4 0.7214730291666667 1 0.7214730291666667 0.9221991703124999 0.6025242041666666 0.9221991703124999 0.6025242041666666 1 0.7214730291666667 1
4 0.5646611333333333 0.818853734375 0.5145228208333333 0.818853734375 0.5145228208333333 0.8561981328125 0.5646611333333333 0.8561981328125 0.5646611333333333 0.818853734375
4 0.4806362375 0.8725363078124999 0.4543568458333333 0.8725363078124999 0.4543568458333333 0.896395228125 0.4806362375 0.896395228125 0.4806362375 0.8725363078124999
4 0.5331950208333333 0.9516338171875001 0.5041493770833333 0.9516338171875001 0.5041493770833333 0.97912344375 0.5331950208333333 0.97912344375 0.5331950208333333 0.9516338171875001
4 0 0.9815871375 0.012275241666666666 0.9815871375 0.012275241666666666 0.94216805 0 0.94216805 0 0.9815871375