3 0.8283921333333333 0.6123708359375 0.5827915645833334 0.6317310796875 0.6081931041666666 0.812990715625 0.853793675 0.7936304703125 0.8283921333333333 0.6123708359375
5 0.41326403125 0.6590149703125 0.16766346458333334 0.6783752140625 0.19317740208333334 0.8604368828125001 0.43877796875 0.8410766390625 0.41326403125 0.6590149703125
4 0.6469217500000001 0.5132858359375 0.45728531666666666 0.5282345296875001 0.4771045125 0.6696598218750001 0.6667409458333334 0.6547111265625001 0.6469217500000001 0.5132858359375
4 0.37717941875 0.472245459375 0.17185877083333334 0.4884305125 0.19171543125 0.6301231484375001 0.39703608124999995 0.6139380953125 0.37717941875 0.472245459375
3 0 0.5196529156249999 0.005043175 0.555639865625 0.07633506666666667 0.55002005625 0.062435402083333334 0.4508352109375 0 0.45575688124999997 0 0.5196529156249999
4 0.55440043125 0.3031244421875 0.38294343125 0.316640084375 0.4009642875 0.44523283437499994 0.5724212875 0.43171719218750004 0.55440043125 0.3031244421875
4 0.36291430208333336 0.2817287234375 0.20892381666666668 0.2938675125 0.2258207125 0.4144399265625 0.3798111979166666 0.40230113593750005 0.36291430208333336 0.2817287234375
4 0.3794132270833333 0.19758183125 0.2564347125 0.207276003125 0.27025944583333333 0.305926159375 0.39323796041666664 0.2962319875 0.3794132270833333 0.19758183125
4 0.49580692708333335 0.1421857828125 0.3418164395833333 0.15432457187499998 0.35882573125 0.27569901875 0.5128162187499999 0.26356022968750004 0.49580692708333335 0.1421857828125
4 0.3966084354166667 0.14797818437500002 0.3292375979166666 0.1532889046875 0.33699293541666664 0.20862923437499997 0.40436377291666664 0.2033185140625 0.3966084354166667 0.14797818437500002
4 0.4989107395833334 0.10261276718750001 0.40444898125 0.110059015625 0.41452717291666663 0.1819747109375 0.50898893125 0.1745284625 0.4989107395833334 0.10261276718750001
4 0.39706081666666665 0.0483377390625 0.3507210854166667 0.051990615625 0.35611610208333333 0.0904882359375 0.40245583333333335 0.086835359375 0.39706081666666665 0.0483377390625
3 0 0.1174790265625 0.025706552083333334 0.1154526265625 0.018700520833333335 0.0654591875 0 0.066933315625 0 0.1174790265625
5 0 0.0734607265625 0.0019238875 0.087189153125 0.05967032083333333 0.0826371078125 0.05303894583333334 0.0353171140625 0 0.0394980765625 0 0.0734607265625
3 0.6227603875 0.2778688546875 0.5436263854166667 0.28410684375 0.5512318604166667 0.338377796875 0.6303658624999999 0.3321398078125 0.6227603875 0.2778688546875
4 0.8075643208333333 0.225864834375 0.72878678125 0.232074725 0.73834045625 0.3002475953125 0.8171179979166666 0.29403770625000003 0.8075643208333333 0.225864834375
4 0.7958914916666667 0.3328769171875 0.7224608395833333 0.338665321875 0.7298789895833333 0.39159955156250004 0.8033096395833332 0.385811146875 0.7958914916666667 0.3328769171875
5 0.548878 0.2907206140625 0.4936267833333333 0.2950759671875 0.49860968125 0.33063279687499997 0.5538608979166667 0.3262774453125 0.548878 0.2907206140625
4 0.5322272166666667 0.24905579375000003 0.47768891875 0.2533549484375 0.4830839375 0.291852571875 0.5376222354166666 0.2875534171875 0.5322272166666667 0.24905579375000003
4 0.7560115187500001 0.2180355390625 0.70468135625 0.2220818015625 0.7098141166666667 0.2587080125 0.7611442791666666 0.2546617484375 0.7560115187500001 0.2180355390625
4 0.6774431624999999 0.3003178046875 0.636450325 0.3035491953125 0.6417329479166667 0.3412447828125 0.6827257854166666 0.33801339218750004 0.6774431624999999 0.3003178046875
4 0.604981875 0.24615880625000003 0.5429579270833333 0.251048040625 0.54898985625 0.2940905203125 0.6110138041666667 0.289201284375 0.604981875 0.24615880625000003