3 0.8963115114822547 0.2029863953125 0.720121490605428 0.174957153125 0.6713909206680585 0.3465434140625 0.8475809415448852 0.37457265624999997 0.8963115114822547 0.2029863953125
4 0.7927623528183716 0.36903453124999996 0.6324931169102297 0.3435380515625 0.5894026597077244 0.495264790625 0.7496718956158663 0.5207612703125 0.7927623528183716 0.36903453124999996
4 0.7155571503131524 0.5158876296875 0.5591796617954071 0.4910102703125 0.5192476680584551 0.6316156765625001 0.6756251565762005 0.6564930359375001 0.7155571503131524 0.5158876296875
5 0.5873300167014613 0.26038345 0.4362594572025052 0.2363503453125 0.393545006263048 0.3867531171875 0.5446155657620042 0.410786221875 0.5873300167014613 0.26038345
4 0.5253473736951983 0.4024625515625 0.37852235699373693 0.37910485 0.3398687870563674 0.515208765625 0.4866938058455115 0.53856646875 0.5253473736951983 0.4024625515625
4 0.43765556784968684 0.5309035843750001 0.2897691628392484 0.50737703125 0.2578085281837161 0.619914315625 0.40569493110647187 0.6434408687500001 0.43765556784968684 0.5309035843750001
4 0.6206212442588727 0.6756951875 0.48016454279749476 0.653350590625 0.4420373841336117 0.7876009515625 0.5824940855949895 0.8099455484375 0.6206212442588727 0.6756951875
4 0.4850320688935282 0.798315371875 0.37606313987473905 0.7809800171875 0.34605774321503135 0.8866326687500001 0.45502667223382043 0.9039680234375 0.4850320688935282 0.798315371875
4 0.42126874321503127 0.6432892421874999 0.29001071607515655 0.6224080187500001 0.25556843215031316 0.74368349375 0.3868264572025052 0.764564715625 0.42126874321503127 0.6432892421874999
4 0.31940785803757826 0.7330826265625 0.20230164091858036 0.7144527484375 0.1696641899791232 0.8293731765624999 0.28677040918580377 0.8480030546874999 0.31940785803757826 0.7330826265625
4 0.381769369519833 0.825338653125 0.26961628392484344 0.807496746875 0.23727964091858036 0.921358 0.34943272442588724 0.93919990625 0.381769369519833 0.825338653125