4 0.09448485803757828 0 0.0903503152400835 0.022018128125 0.2010567202505219 0.0336628953125 0.20737790396659708 0 0.09448485803757828 0
4 0.08905717536534447 0.1006743859375 0.17103354488517744 0.10929715468750001 0.18180086012526095 0.0519567921875 0.09982449060542797 0.0433340234375 0.08905717536534447 0.1006743859375
4 0.08769365970772443 0.11105609218750001 0.06850079749478079 0.10903727031249999 0.06225575574112735 0.14229468125 0.0814486158663883 0.1443135015625 0.08769365970772443 0.11105609218750001
4 0.09128515031315239 0.1678602484375 0.14836215448851775 0.1738639515625 0.15552241962421712 0.1357326109375 0.09844541544885178 0.12972890625 0.09128515031315239 0.1678602484375
5 0.4148660563674322 0.3366765515625 0.5765203903966598 0.3536803296875 0.6004776659707725 0.2260980234375 0.4388233319415449 0.20909424531249998 0.4148660563674322 0.3366765515625
5 0.5392748580375782 0.392886409375 0.6821589039665971 0.4079158140625 0.7044472463465553 0.2892212640625 0.5615632004175365 0.2741918578125 0.5392748580375782 0.392886409375
4 0.2962394530271399 0.3921734765625 0.4395065636743215 0.40724317499999996 0.45915691440501044 0.30259701250000004 0.3158898037578288 0.2875273140625 0.2962394530271399 0.3921734765625
4 0.4302394217118998 0.47219663437500003 0.5991720292275574 0.4899659859375 0.6244213841336117 0.355502834375 0.45548877661795406 0.337733484375 0.4302394217118998 0.47219663437500003
4 0.5459836722338205 0.49445789375000004 0.6176172275574113 0.50199274375 0.6330683235908142 0.419709321875 0.5614347703549061 0.4121744734375 0.5459836722338205 0.49445789375000004
4 0.34624313778705634 0.49201313750000003 0.4512035365344468 0.5030535046875 0.4676236910229645 0.41560945 0.3626632943632568 0.40456908281250004 0.34624313778705634 0.49201313750000003
4 0.3829088371607516 0.5952738453124999 0.5541398496868476 0.6132849546875 0.5778279436325678 0.48713615624999995 0.4065969311064718 0.4691250453125 0.3829088371607516 0.5952738453124999
3 0.5645146659707725 0.8503145296874999 0.7016527056367433 0.8647395359375001 0.7218952567849687 0.756939653125 0.5847572192066806 0.742514646875 0.5645146659707725 0.8503145296874999
5 0.4226690146137787 0.9160869984375 0.5536779770354906 0.9298673109375001 0.5768815427974948 0.806298828125 0.44587257828810023 0.7925185156250001 0.4226690146137787 0.9160869984375
4 0.5684954154488517 0.963293646875 0.7083149227557411 0.9780007062499999 0.7290958413361169 0.8673338062499999 0.5892763340292276 0.852626746875 0.5684954154488517 0.963293646875
4 0.6410966283924844 1 0.6550903507306889 0.9254776953125001 0.5428516764091859 0.9136717546875 0.5266410459290188 1 0.6410966283924844 1