4 0.9646879979166666 0.78988079375 0.9249322458333334 0.7935418390625 0.9296895354166667 0.8226005984375 0.9694452874999999 0.8189395546875 0.9646879979166666 0.78988079375
4 0.9023723020833334 0.747654903125 0.8589105041666667 0.7516572328125 0.8648674583333332 0.788043853125 0.9083292541666667 0.784041525 0.9023723020833334 0.747654903125
4 1 0.8089439765625001 0.96609705625 0.8120660453124999 0.9709784479166667 0.841882859375 1 0.8392103109375 1 0.8089439765625001
4 0.5776008583333333 0.64290305625 0.53683436875 0.646657178125 0.54829323125 0.7166508859375 0.5890597208333334 0.7128967640625 0.5776008583333333 0.64290305625
4 0.62098315625 0.528743725 0.5317011687500001 0.5369655625 0.5425808833333333 0.6034216812500001 0.63186286875 0.59519984375 0.62098315625 0.528743725
4 0.5282388354166667 0.59101996875 0.4342400645833333 0.5996761671875 0.44412695416666664 0.66006785 0.538125725 0.6514116515625 0.5282388354166667 0.59101996875
4 0.458686125 0.525478303125 0.3899558416666667 0.531807565625 0.39922221458333335 0.5884089765625 0.4679524958333333 0.5820797125 0.458686125 0.525478303125
4 0.50332945625 0.5422714578125001 0.45043409166666665 0.547142509375 0.4556050583333333 0.5787281171875 0.5085004229166666 0.5738570671875001 0.50332945625 0.5422714578125001
4 0.5011201291666667 0.49848613124999996 0.4283468875 0.505187703125 0.43666180208333333 0.5559773609375 0.50943504375 0.5492757875 0.5011201291666667 0.49848613124999996
4 0.50461145625 0.46340963437499993 0.4665402708333334 0.46691554999999996 0.4714216625 0.4967323640625 0.5094928479166667 0.49322644843749996 0.50461145625 0.46340963437499993
4 0.42245475624999995 0.47546396562500004 0.37764530625 0.47959039687500005 0.3834781583333333 0.5152189640625 0.42828760624999995 0.5110925328125 0.42245475624999995 0.47546396562500004
4 0.3492243479166667 0.45117182187499993 0.30913168125 0.4548638921875 0.31413717708333333 0.48543876093750005 0.35422984375 0.481746690625 0.3492243479166667 0.45117182187499993
4 0.3866503020833333 0.380010815625 0.3404932 0.38426135 0.34591237291666665 0.41736306718750005 0.39206947499999995 0.4131125328125 0.3866503020833333 0.380010815625
4 0.4049140083333333 0.2962507453125 0.3648213416666667 0.299942815625 0.36937179375 0.3277381515625 0.4094644583333333 0.32404608125 0.4049140083333333 0.2962507453125
4 0.5291588125 0.361629296875 0.48300170833333333 0.3658798328125 0.48837951458333334 0.398728865625 0.53453661875 0.39447832968749996 0.5291588125 0.361629296875
4 0.33116132708333335 0.44424265625 0.3058928416666667 0.44656959062499996 0.30895405416666666 0.46526827187500003 0.3342225395833333 0.46294133593750003 0.33116132708333335 0.44424265625