3 0.41140792901878914 0.5743321390625 0.2898079164926931 0.5987181984375 0.32222258872651355 0.6892590843749999 0.4438226033402923 0.6648730265625 0.41140792901878914 0.5743321390625
3 0.24393137369519832 0.4414898625 0.10164682463465553 0.470024065625 0.13456535281837162 0.5619723234375 0.27684990187891445 0.5334381203125 0.24393137369519832 0.4414898625
3 0.6941165824634656 0.3014305421875 0.5953949206680584 0.3212285015625 0.6224351419624217 0.39675742812500003 0.7211568016701461 0.3769594671875 0.6941165824634656 0.3014305421875
3 0.9027324091858037 0.4717779015625 0.8018169331941545 0.492015815625 0.8292770334029228 0.5687175515625 0.930192509394572 0.5484796359375 0.9027324091858037 0.4717779015625
5 0.3789825949895616 0.4640582828125 0.273679490605428 0.48517610624999996 0.3020633235908142 0.5644580218749999 0.4073664279749478 0.543340196875 0.3789825949895616 0.4640582828125
5 0.7874945240083507 0.266237353125 0.6937872964509395 0.285029703125 0.717888363256785 0.3523489625 0.8115955908141962 0.3335566125 0.7874945240083507 0.266237353125
4 0.3712278538622129 0.38516459062499997 0.27564021503131525 0.40433404375000004 0.30226055741127345 0.478690159375 0.3978481941544885 0.45952070625 0.3712278538622129 0.38516459062499997
4 0.3846655469728601 0.3387256875 0.2984799686847599 0.3560096203125 0.3199777849686848 0.4160574625 0.4061633611691023 0.398773528125 0.3846655469728601 0.3387256875
4 0.2954041941544885 0.3277151390625 0.1747443841336117 0.351912646875 0.2047237599164927 0.43565123906250003 0.32538356784968686 0.41145373281250003 0.2954041941544885 0.3277151390625
4 0.31089907724425886 0.26075146875 0.21374442588726514 0.2802351765625 0.2423801878914405 0.36022077656249996 0.3395348371607516 0.3407370703125 0.31089907724425886 0.26075146875
4 0.3724219227557411 0.2562069609375 0.3069208830897704 0.2693427515625 0.3317777306889353 0.33877306875 0.39727877035490605 0.3256372796875 0.3724219227557411 0.2562069609375
3 0.8133112818371607 0.36086683750000004 0.7145896221294363 0.380664796875 0.7396983966597077 0.45079879843750004 0.8384200584551148 0.43100083749999996 0.8133112818371607 0.36086683750000004
5 0.8987423152400835 0.4010540296875 0.8075423068893528 0.4193435734375 0.8318113256784969 0.48713195625 0.9230113340292275 0.4688424125 0.8987423152400835 0.4010540296875
4 0.944449981210856 0.3546800734375 0.8598314154488518 0.371649753125 0.8785580271398747 0.4239570515625 0.9631765929018788 0.40698737031250004 0.944449981210856 0.3546800734375
4 0.8822148997912318 0.273262 0.8057447870563674 0.2885975640625 0.8243034488517744 0.3404357390625 0.9007735594989561 0.3251001765625 0.8822148997912318 0.273262
4 0.730386599164927 0.21509069687500001 0.6507824655532359 0.231054765625 0.6727001607515658 0.2922754171875 0.752304292275574 0.276311346875 0.730386599164927 0.21509069687500001
4 0.6314969874739039 0.23441953437500002 0.5606681127348643 0.24862378437500002 0.5788068935281837 0.2992891515625 0.6496357682672234 0.28508490000000003 0.6314969874739039 0.23441953437500002