3 0.7998055416666666 0.152820034375 0.8873194208333334 0.13523307812500002 0.8538995916666666 0.0416897 0.7663857104166667 0.059276656250000004 0.7998055416666666 0.152820034375
5 0.6030354416666667 0 0.6248740020833333 0.06112696250000001 0.7382285937499999 0.038347009375000005 0.7245285270833333 0 0.6030354416666667 0
4 0.5821711291666667 0 0.5899898979166667 0.0218850328125 0.6854282625 0.0027055578125 0.6844616604166667 0 0.5821711291666667 0
3 0.7305758229166667 0.5053160703125 0.4921521833333333 0.5532301375 0.55372960625 0.7255876875 0.7921532458333334 0.677673621875 0.7305758229166667 0.5053160703125
3 0.8802437666666666 0.618288315625 0.5856596479166666 0.6774884984375 0.6682860229166666 0.9087628734375001 0.9628701437499999 0.8495626906249999 0.8802437666666666 0.618288315625
3 0.3900302625 0.422948075 0.16022019375 0.46913114218749996 0.21985889791666666 0.63606214375 0.44966896458333333 0.5898790765624999 0.3900302625 0.422948075
4 0.6032221333333333 0.0563384859375 0.47780854166666664 0.0815418390625 0.51529045 0.18645513281249998 0.6407040416666666 0.16125177968749999 0.6032221333333333 0.0563384859375
4 0.46347995 0.036784234375 0.32428464583333333 0.06475718593749999 0.36462847291666667 0.17768109999999998 0.5038237770833333 0.1497081484375 0.46347995 0.036784234375
4 0.5030784166666666 0.222559915625 0.3380424 0.255725865625 0.38383310625 0.3838957984375 0.5488691229166667 0.3507298484375 0.5030784166666666 0.222559915625
4 0.3975640916666666 0.1261947875 0.234939875 0.1588760578125 0.2807305833333333 0.28704599218750004 0.44335479791666665 0.254364721875 0.3975640916666666 0.1261947875
4 0.3207305645833333 0.08375077656249999 0.2066868875 0.10666920937499999 0.23225952083333334 0.1782479828125 0.3463031979166667 0.15532954999999998 0.3207305645833333 0.08375077656249999
4 0.2636226208333333 0.1492344796875 0.14957894583333334 0.1721529140625 0.17035093958333333 0.2302945171875 0.28439461666666666 0.20737608437500002 0.2636226208333333 0.1492344796875
4 0.2794283354166666 0.1981265984375 0.14264482916666665 0.225614871875 0.18141921875 0.3341458640625 0.3182027229166666 0.3066575921875 0.2794283354166666 0.1981265984375
3 0 0.18088666874999998 0.08527619791666667 0.163749403125 0.06007284375 0.0932042578125 0 0.1052766109375 0 0.18088666874999998
5 0 0.11316996875 0.08113700625 0.096864521875 0.07102796875 0.06856894218750001 0 0.0828428578125 0 0.11316996875
3 0.26590185625 0.065688465625 0.19320331875000002 0.0802981 0.21203659375 0.133013153125 0.28473513125 0.11840351874999999 0.26590185625 0.065688465625
3 0.14611865833333332 0.0699576890625 0.06411746458333333 0.08643680468750001 0.08590497916666666 0.1474208859375 0.16790617291666668 0.1309417703125 0.14611865833333332 0.0699576890625
3 0.17153688958333332 0.10957862031250001 0.09746018125 0.12446521562499999 0.11860145416666666 0.1836404484375 0.1926781625 0.1687538515625 0.17153688958333332 0.10957862031250001
5 0.23732533541666667 0.0627070203125 0.22813949791666666 0.0369955109375 0.1506173625 0.05257450625 0.15980319999999998 0.07828601562500001 0.23732533541666667 0.0627070203125