5 0.7064102562500001 0.3441105765625 0.5503205125 0.3441105765625 0.5503205125 0.48425480781249997 0.7064102562500001 0.48425480781249997 0.7064102562500001 0.3441105765625
4 0.5514423083333334 0.4052884609375 0.44887820416666663 0.4052884609375 0.44887820416666663 0.4673076921875 0.5514423083333334 0.4673076921875 0.5514423083333334 0.4052884609375
4 0.4052884625 0.2943509609375 0.28125 0.2943509609375 0.28125 0.4099759609375 0.4052884625 0.4099759609375 0.4052884625 0.2943509609375
4 0.5496794875000001 0.42139423125000003 0.41858974375 0.42139423125000003 0.41858974375 0.5447115390625 0.5496794875000001 0.5447115390625 0.5496794875000001 0.42139423125000003
4 0.75641025625 0.4822115390625 0.6259615375 0.4822115390625 0.6259615375 0.6048076921875001 0.75641025625 0.6048076921875001 0.75641025625 0.4822115390625
4 0.38605769166666665 0.44362980781249994 0.2719551291666667 0.44362980781249994 0.2719551291666667 0.5441105765625001 0.38605769166666665 0.5441105765625001 0.38605769166666665 0.44362980781249994
4 0.34294871875 0.51670673125 0.24679487083333335 0.51670673125 0.24679487083333335 0.6092548078125 0.34294871875 0.6092548078125 0.34294871875 0.51670673125
4 0.4815705125 0.507091346875 0.41233974375 0.507091346875 0.41233974375 0.582572115625 0.4815705125 0.582572115625 0.4815705125 0.507091346875
4 0.5741987187500001 0.5344951921875001 0.46458333333333335 0.5344951921875001 0.46458333333333335 0.644591346875 0.5741987187500001 0.644591346875 0.5741987187500001 0.5344951921875001
4 0.7621794875 0.5769230765625 0.6458333333333334 0.5769230765625 0.6458333333333334 0.674759615625 0.7621794875 0.674759615625 0.7621794875 0.5769230765625
4 0.75705128125 0.6712740390625 0.6714743583333332 0.6712740390625 0.6714743583333332 0.7193509609375 0.75705128125 0.7193509609375 0.75705128125 0.6712740390625
4 0.6586538458333333 0.6493990390625 0.5730769229166667 0.6493990390625 0.5730769229166667 0.7311298078124999 0.6586538458333333 0.7311298078124999 0.6586538458333333 0.6493990390625
4 0.44855769166666665 0.5638221156250001 0.37099358958333334 0.5638221156250001 0.37099358958333334 0.628966346875 0.44855769166666665 0.628966346875 0.44855769166666665 0.5638221156250001
4 0.4344551291666667 0.614903846875 0.36682692291666663 0.614903846875 0.36682692291666663 0.68389423125 0.4344551291666667 0.68389423125 0.4344551291666667 0.614903846875
4 0.31169871875 0.585697115625 0.22483974375000002 0.585697115625 0.22483974375000002 0.664302884375 0.31169871875 0.664302884375 0.31169871875 0.585697115625
4 0.36858974375000003 0.6550480765625 0.29871794791666667 0.6550480765625 0.29871794791666667 0.7271634609375 0.36858974375000003 0.7271634609375 0.36858974375000003 0.6550480765625
4 0.5459935895833333 0.8641826921875 0.5104166666666666 0.8641826921875 0.5104166666666666 0.8992788468749999 0.5459935895833333 0.8992788468749999 0.5459935895833333 0.8641826921875
3 0.5195512812499999 0.825841346875 0.47692307708333337 0.825841346875 0.47692307708333337 0.86454326875 0.5195512812499999 0.86454326875 0.5195512812499999 0.825841346875
3 0.5528846145833334 0.83329326875 0.5137820520833334 0.83329326875 0.5137820520833334 0.8671875 0.5528846145833334 0.8671875 0.5528846145833334 0.83329326875
5 0.5732371791666666 0.8064903843750001 0.5363782041666667 0.8064903843750001 0.5363782041666667 0.84014423125 0.5732371791666666 0.84014423125 0.5732371791666666 0.8064903843750001