4 1 0.20027281718749998 0.8882275125 0.20027281718749998 0.8882275125 0.307415675 1 0.307415675 1 0.20027281718749998
4 0.9884259249999999 0.0908978171875 0.8105158729166667 0.0908978171875 0.8105158729166667 0.1915922625 0.9884259249999999 0.1915922625 0.9884259249999999 0.0908978171875
4 0.8159722229166667 0.13033234062500001 0.6489748687500001 0.13033234062500001 0.6489748687500001 0.2399553578125 0.8159722229166667 0.2399553578125 0.8159722229166667 0.13033234062500001
4 0.7455357145833333 0.186383928125 0.59937169375 0.186383928125 0.59937169375 0.2754216265625 0.7455357145833333 0.2754216265625 0.7455357145833333 0.186383928125
4 1 0.38194444375000003 0.9470899479166667 0.38194444375000003 0.9470899479166667 0.4228670640625 1 0.4228670640625 1 0.38194444375000003
4 0.8797949729166666 0.3697916671875 0.7693452375 0.3697916671875 0.7693452375 0.47222222187499996 0.8797949729166666 0.47222222187499996 0.8797949729166666 0.3697916671875
4 0.8019179895833334 0.2818700390625 0.7235449729166666 0.2818700390625 0.7235449729166666 0.3850446421875 0.8019179895833334 0.3850446421875 0.8019179895833334 0.2818700390625
4 0.7764550270833334 0.3656994046875 0.6924603166666666 0.3656994046875 0.6924603166666666 0.41059027812500004 0.7764550270833334 0.41059027812500004 0.7764550270833334 0.3656994046875
4 0.7607473541666666 0.264880953125 0.5907738104166668 0.264880953125 0.5907738104166668 0.37152777812500004 0.7607473541666666 0.37152777812500004 0.7607473541666666 0.264880953125
4 0.9472552916666667 0.48214285781250005 0.8821097874999999 0.48214285781250005 0.8821097874999999 0.521825396875 0.9472552916666667 0.521825396875 0.9472552916666667 0.48214285781250005
4 0.8897156083333333 0.4507688484375 0.8275462958333333 0.4507688484375 0.8275462958333333 0.526413690625 0.8897156083333333 0.526413690625 0.8897156083333333 0.4507688484375
4 0.6714616395833333 0.338913690625 0.5768849208333333 0.338913690625 0.5768849208333333 0.42745535781250005 0.6714616395833333 0.42745535781250005 0.6714616395833333 0.338913690625
4 0.7802579375 0.428571428125 0.6575727520833333 0.428571428125 0.6575727520833333 0.5270337296875 0.7802579375 0.5270337296875 0.7802579375 0.428571428125
4 0.5201719583333333 0.134424603125 0.34457671875 0.134424603125 0.34457671875 0.2834821421875 0.5201719583333333 0.2834821421875 0.5201719583333333 0.134424603125
4 0.5319113750000001 0.3126240078125 0.40459656041666664 0.3126240078125 0.40459656041666664 0.442584325 0.5319113750000001 0.442584325 0.5319113750000001 0.3126240078125
4 0.40674603125 0.33246527812500004 0.25694444375 0.33246527812500004 0.25694444375 0.461185515625 0.40674603125 0.461185515625 0.40674603125 0.33246527812500004
4 0.49371693125 0.440228175 0.39814814791666664 0.440228175 0.39814814791666664 0.5612599203124999 0.49371693125 0.5612599203124999 0.49371693125 0.440228175
3 0.7329695770833333 0.487351190625 0.5861441791666666 0.487351190625 0.5861441791666666 0.62177579375 0.7329695770833333 0.62177579375 0.7329695770833333 0.487351190625
3 0.6514550270833334 0.5711805562500001 0.5535714291666667 0.5711805562500001 0.5535714291666667 0.6731150796875001 0.6514550270833334 0.6731150796875001 0.6514550270833334 0.5711805562500001
3 0.59937169375 0.4454365078125 0.43468915416666665 0.4454365078125 0.43468915416666665 0.6039186515625 0.59937169375 0.6039186515625 0.59937169375 0.4454365078125
3 0.61871693125 0.598090278125 0.4649470895833333 0.598090278125 0.4649470895833333 0.7320188484375 0.61871693125 0.7320188484375 0.61871693125 0.598090278125
5 0.5729166666666666 0.6760912703125 0.44097222291666666 0.6760912703125 0.44097222291666666 0.775049603125 0.5729166666666666 0.775049603125 0.5729166666666666 0.6760912703125
4 0.6335978833333333 0.7011408734375 0.5472883604166667 0.7011408734375 0.5472883604166667 0.7854662703125 0.6335978833333333 0.7854662703125 0.6335978833333333 0.7011408734375
4 0.468088625 0.5596478171875 0.3540013229166667 0.5596478171875 0.3540013229166667 0.6474454359374999 0.468088625 0.6474454359374999 0.468088625 0.5596478171875
4 0.4262566145833333 0.65166170625 0.34160052916666667 0.65166170625 0.34160052916666667 0.72606646875 0.4262566145833333 0.72606646875 0.4262566145833333 0.65166170625
4 0.3540013229166667 0.6102430562500001 0.24057539583333334 0.6102430562500001 0.24057539583333334 0.713417659375 0.3540013229166667 0.713417659375 0.3540013229166667 0.6102430562500001
4 0.3525132270833333 0.71279761875 0.25297618958333334 0.71279761875 0.25297618958333334 0.8053075390625001 0.3525132270833333 0.8053075390625001 0.3525132270833333 0.71279761875
4 0.5233134916666666 0.746527778125 0.4161706354166667 0.746527778125 0.4161706354166667 0.8355654765624999 0.5233134916666666 0.8355654765624999 0.5233134916666666 0.746527778125