1 0.25416666666666665 0.1751201921875 0.14423076875 0.1751201921875 0.14423076875 0.2840144234375 0.25416666666666665 0.2840144234375 0.25416666666666665 0.1751201921875
1 0.31233974375 0.2087740390625 0.16105769166666667 0.2087740390625 0.16105769166666667 0.3265625 0.31233974375 0.3265625 0.31233974375 0.2087740390625
1 0.37067307708333336 0.2308894234375 0.2591346145833333 0.2308894234375 0.2591346145833333 0.34290865312499996 0.37067307708333336 0.34290865312499996 0.37067307708333336 0.2308894234375
1 0.81923076875 0.25024038437499996 0.6426282041666667 0.25024038437499996 0.6426282041666667 0.38389423125 0.81923076875 0.38389423125 0.81923076875 0.25024038437499996
1 0.6754807687500001 0.292427884375 0.5097756416666667 0.292427884375 0.5097756416666667 0.4109375 0.6754807687500001 0.4109375 0.6754807687500001 0.292427884375
1 0.5790064104166667 0.6201923078125 0.4177884625 0.6201923078125 0.4177884625 0.7420673078125 0.5790064104166667 0.7420673078125 0.5790064104166667 0.6201923078125
1 0.6969551291666666 0.6243990390625 0.5767628208333334 0.6243990390625 0.5767628208333334 0.7195913468749999 0.6969551291666666 0.7195913468749999 0.6969551291666666 0.6243990390625
1 0.625641025 0.7046875 0.5150641020833333 0.7046875 0.5150641020833333 0.792908653125 0.625641025 0.792908653125 0.625641025 0.7046875
2 0.5341346145833333 0.8474759609375001 0.43862179583333333 0.8474759609375001 0.43862179583333333 0.9280048078125 0.5341346145833333 0.9280048078125 0.5341346145833333 0.8474759609375001
1 0.5782051291666667 0.8837740390625 0.49615384583333333 0.8837740390625 0.49615384583333333 0.9539663468749999 0.5782051291666667 0.9539663468749999 0.5782051291666667 0.8837740390625
1 0.26570512916666666 0.601322115625 0.22211538541666667 0.601322115625 0.22211538541666667 0.6626201921875 0.26570512916666666 0.6626201921875 0.26570512916666666 0.601322115625
1 0.2899038458333333 0.65204326875 0.21201923125000002 0.65204326875 0.21201923125000002 0.7171875 0.2899038458333333 0.7171875 0.2899038458333333 0.65204326875
1 0.3149038458333333 0.6662259609375 0.27772435833333337 0.6662259609375 0.27772435833333337 0.7056490390625 0.3149038458333333 0.7056490390625 0.3149038458333333 0.6662259609375
1 0.2983974354166667 0.694591346875 0.22243589791666668 0.694591346875 0.22243589791666668 0.73329326875 0.2983974354166667 0.73329326875 0.2983974354166667 0.694591346875
1 0.11442307708333334 0.5844951921875 0.06794871875000001 0.5844951921875 0.06794871875000001 0.6080528843749999 0.11442307708333334 0.6080528843749999 0.11442307708333334 0.5844951921875
1 0.14086538541666668 0.59639423125 0.11041666666666666 0.59639423125 0.11041666666666666 0.6185096156250001 0.14086538541666668 0.6185096156250001 0.14086538541666668 0.59639423125
2 0.11298076875 0.6030048078125 0.07323717916666667 0.6030048078125 0.07323717916666667 0.6222355765625001 0.11298076875 0.6222355765625001 0.11298076875 0.6030048078125
2 0.12163461458333333 0.5638221156250001 0.09887820416666666 0.5638221156250001 0.09887820416666666 0.5936298078125 0.12163461458333333 0.5936298078125 0.12163461458333333 0.5638221156250001
1 0.1 0.4659855765625 0.05224358958333333 0.4659855765625 0.05224358958333333 0.507091346875 0.1 0.507091346875 0.1 0.4659855765625
1 0.05272435833333333 0.3308894234375 0.0052884625 0.3308894234375 0.0052884625 0.3631009609375 0.05272435833333333 0.3631009609375 0.05272435833333333 0.3308894234375
1 0.09695512916666667 0.321634615625 0.04054487083333334 0.321634615625 0.04054487083333334 0.34831730781250003 0.09695512916666667 0.34831730781250003 0.09695512916666667 0.321634615625