3 0.5249802129436325 0.5228576 0.39977619832985384 0.5046427296875 0.37512456784968684 0.5995608 0.5003285824634656 0.61777566875 0.5249802129436325 0.5228576
5 0.5096738141962421 0.49776370312499996 0.40194012526096035 0.4820904421875 0.39074627348643004 0.5251909953125 0.49847996242171194 0.5408642546875 0.5096738141962421 0.49776370312499996
4 0.4914720083507307 0.4521456328125 0.4128555344467641 0.4407083890625 0.39914620876826723 0.493494459375 0.4777626826722338 0.504931703125 0.4914720083507307 0.4521456328125
3 0.48124051356993736 0.3958766171875 0.36833043215031314 0.3794502875 0.3466344822546973 0.46298787499999994 0.4595445636743215 0.47941420468749996 0.48124051356993736 0.3958766171875
4 0.5393381440501044 0.4346088078125 0.47657437369519834 0.425477840625 0.4648145407098121 0.47075763281249994 0.5275783110647182 0.4798886015625 0.5393381440501044 0.4346088078125
4 0.455712018789144 0.3739444 0.36512513569937366 0.3607656828125 0.351856018789144 0.4118567875 0.4424429018789144 0.42503550468749995 0.455712018789144 0.3739444
5 0.7186546388308976 0.33367056562499997 0.6070386534446764 0.317432503125 0.5827014592901878 0.4111398828125 0.6943174446764092 0.42737794375 0.7186546388308976 0.33367056562499997
3 0.8042997432150313 0.2488823515625 0.6648606450939457 0.22859654062499998 0.6350522964509394 0.34336992187500004 0.7744913945720251 0.36365573281249997 0.8042997432150313 0.2488823515625
4 0.7401100626304802 0.221325646875 0.6365821941544885 0.20626425468749998 0.6131883006263048 0.2963395671875 0.7167161691022965 0.3114009578125 0.7401100626304802 0.221325646875
4 0.5960677118997912 0.2303989203125 0.4980397620041754 0.21613766562499998 0.48282115448851776 0.27473504531250004 0.5808491043841336 0.2889963 0.5960677118997912 0.2303989203125
4 0.6066444634655532 0.1689902984375 0.49794020250521925 0.1531758375 0.476244254697286 0.23671342499999998 0.5849485156576201 0.25252788437499996 0.6066444634655532 0.1689902984375
5 0.623667114822547 0.0827625390625 0.5029924425887266 0.0652066046875 0.4802274196242171 0.1528605359375 0.600902089770355 0.1704164703125 0.623667114822547 0.0827625390625
4 0.8286835741127349 0.12138368125000001 0.8494362212943632 0.0414781625 0.7190558141962421 0.022510223437499997 0.6983031649269311 0.1024157421875 0.8286835741127349 0.12138368125000001
3 0.39016075365344466 0 0.3667248956158664 0.0902368890625 0.5071345657620042 0.1106639 0.5358756200417536 0 0.39016075365344466 0