3 0.7033143979166667 0.1128268734375 0.49031139791666667 0.12399783906249999 0.5046267833333333 0.2775375015625 0.7176297833333333 0.2663665359375 0.7033143979166667 0.1128268734375
3 0.5739919312499999 0.3030334796875 0.42686208125 0.3107497203125 0.4422807729166667 0.47612288124999996 0.5894106208333334 0.46840664062500004 0.5739919312499999 0.3030334796875
3 0.44812795 0.29863491875000003 0.22210809791666666 0.3104885546875 0.24094703541666668 0.5125455671875 0.4669668875 0.50069193125 0.44812795 0.29863491875000003
3 0.41062417916666666 0.4575677984375 0.22917717916666666 0.46708380624999996 0.23739680208333333 0.5552433812500001 0.4188438020833333 0.5457273734375 0.41062417916666666 0.4575677984375
3 0.6313395020833333 0.47809904062499997 0.4794762520833334 0.48606352499999994 0.49326756875 0.6339822734375 0.6451308166666667 0.6260177890625 0.6313395020833333 0.47809904062499997
4 0.53221401875 0.465014715625 0.40086216874999997 0.47190347812500005 0.40811640208333333 0.5497087406250001 0.5394682520833334 0.542819978125 0.53221401875 0.465014715625
5 0.49290675 0.5110742328125 0.28739830000000005 0.5218521453125 0.30320314583333335 0.691367034375 0.5087115979166666 0.680589121875 0.49290675 0.5110742328125
5 0.3183997604166667 0.5440089968749999 0.19967031041666666 0.550235775 0.2110619375 0.6724166625 0.32979138750000003 0.666189884375 0.3183997604166667 0.5440089968749999
4 0.38181606041666666 0.6566239109375 0.25046421041666667 0.6635126734375 0.25992505208333333 0.7649849359374999 0.3912769020833334 0.7580961734375 0.38181606041666666 0.6566239109375
4 0.37985588333333337 0.73550699375 0.28084893333333333 0.7406994234375001 0.29348177708333334 0.8761929984375 0.3924887270833333 0.8710005671875001 0.37985588333333337 0.73550699375
4 0.474987475 0.68874939375 0.31760192291666667 0.6970034953125 0.33249654375 0.8567557453125 0.4898820958333333 0.84850164375 0.474987475 0.68874939375
4 0.58461176875 0.6146247984375 0.45010431875 0.62167905625 0.46149594583333337 0.74385994375 0.59600339375 0.7368056859375 0.58461176875 0.6146247984375
4 0.78703855 0.4113684234375 0.61584725 0.42034657031249995 0.6296385645833333 0.5682653203125 0.8008298645833333 0.5592871734375 0.78703855 0.4113684234375
4 0.8637377895833332 0.5452857328125 0.6720350895833334 0.5553396015625001 0.68370254375 0.680478865625 0.8754052437500001 0.670424996875 0.8637377895833332 0.5452857328125
4 0.63872695 0.6869995921875 0.56930375 0.6906405 0.5760339104166667 0.7628248484375 0.6454571125 0.7591839421875 0.63872695 0.6869995921875
4 0.7262635791666666 0.577913371875 0.6122675291666667 0.58389190625 0.62216969375 0.6900975703125 0.73616574375 0.684119034375 0.7262635791666666 0.577913371875
4 0.86895883125 0.682059875 0.7301124333333333 0.6893416890624999 0.7402076750000001 0.7976182140625 0.8790540750000001 0.7903363984375 0.86895883125 0.682059875
4 0.8226230291666667 0.763270240625 0.7031046791666667 0.76953839375 0.7127586 0.8730815171874999 0.83227695 0.8668133640625 0.8226230291666667 0.763270240625
4 0.9527998229166666 0.7522811265625 0.8380148729166667 0.7583010359375 0.8471447249999999 0.8562232484375001 0.9619296729166666 0.8502033390625 0.9527998229166666 0.7522811265625