3 0.99917328125 0.1846478171875 0.9432870375 0.1846478171875 0.9432870375 0.24466765937499999 0.99917328125 0.24466765937499999 0.99917328125 0.1846478171875
3 0.99917328125 0.20833333281250002 0.92476851875 0.20833333281250002 0.92476851875 0.263144840625 0.99917328125 0.263144840625 0.99917328125 0.20833333281250002
3 0.9426256604166666 0.23933531718749998 0.8649140208333334 0.23933531718749998 0.8649140208333334 0.297123015625 0.9426256604166666 0.297123015625 0.9426256604166666 0.23933531718749998
3 0.99454365 0.2848462296875 0.9075727520833333 0.2848462296875 0.9075727520833333 0.345858134375 0.99454365 0.345858134375 0.99454365 0.2848462296875
3 0.5770502645833333 0.1351686515625 0.3726851854166667 0.1351686515625 0.3726851854166667 0.299851190625 0.5770502645833333 0.299851190625 0.5770502645833333 0.1351686515625
3 0.5760582020833334 0.33705357187499996 0.37962962916666665 0.33705357187499996 0.37962962916666665 0.486855159375 0.5760582020833334 0.486855159375 0.5760582020833334 0.33705357187499996
3 0.41550925833333335 0.2673611109375 0.22437169375000002 0.2673611109375 0.22437169375000002 0.41344246093750003 0.41550925833333335 0.41344246093750003 0.41550925833333335 0.2673611109375
3 0.3735119041666667 0.4088541671875 0.18799603125 0.4088541671875 0.18799603125 0.541542659375 0.3735119041666667 0.541542659375 0.3735119041666667 0.4088541671875
3 0.34556878333333335 0.5019841265625 0.19874338541666667 0.5019841265625 0.19874338541666667 0.5729166671875 0.34556878333333335 0.5729166671875 0.34556878333333335 0.5019841265625
3 0.5209986770833334 0.46292162656249997 0.3556547625 0.46292162656249997 0.3556547625 0.591641865625 0.5209986770833334 0.591641865625 0.5209986770833334 0.46292162656249997
5 0.6646825395833333 0.421626984375 0.49834656041666664 0.421626984375 0.49834656041666664 0.5416666671875 0.6646825395833333 0.5416666671875 0.6646825395833333 0.421626984375
4 0.7663690479166667 0.5240575390625 0.5970568791666667 0.5240575390625 0.5970568791666667 0.6341765875 0.7663690479166667 0.6341765875 0.7663690479166667 0.5240575390625
4 0.8462301583333333 0.5607638890625 0.6722883604166667 0.5607638890625 0.6722883604166667 0.689980159375 0.8462301583333333 0.689980159375 0.8462301583333333 0.5607638890625
4 0.7989417979166666 0.6439732140625 0.6458333333333334 0.6439732140625 0.6458333333333334 0.757068453125 0.7989417979166666 0.757068453125 0.7989417979166666 0.6439732140625
4 0.6111111104166667 0.5538194437499999 0.45568783124999995 0.5538194437499999 0.45568783124999995 0.6614583328125 0.6111111104166667 0.6614583328125 0.6111111104166667 0.5538194437499999
4 0.6638558208333334 0.6359126984375 0.5458002645833333 0.6359126984375 0.5458002645833333 0.737103175 0.6638558208333334 0.737103175 0.6638558208333334 0.6359126984375
4 0.6459986770833334 0.71044146875 0.5193452375000001 0.71044146875 0.5193452375000001 0.7890625 0.6459986770833334 0.7890625 0.6459986770833334 0.71044146875
4 0.6025132270833333 0.7558283734375 0.4960317458333333 0.7558283734375 0.4960317458333333 0.83271329375 0.6025132270833333 0.83271329375 0.6025132270833333 0.7558283734375
4 0.52562830625 0.6994047625 0.3959986770833333 0.6994047625 0.3959986770833333 0.7978670640625001 0.52562830625 0.7978670640625001 0.52562830625 0.6994047625
4 0.48908730208333334 0.5951140875 0.3525132270833333 0.5951140875 0.3525132270833333 0.7062251984375 0.48908730208333334 0.7062251984375 0.48908730208333334 0.5951140875