5 0.47980769166666665 0.142427884375 0.288141025 0.142427884375 0.288141025 0.29483173125 0.47980769166666665 0.29483173125 0.47980769166666665 0.142427884375
4 0.7471153854166667 0.39170673125 0.5589743583333333 0.39170673125 0.5589743583333333 0.49603365312500003 0.7471153854166667 0.49603365312500003 0.7471153854166667 0.39170673125
5 0.5084935895833333 0.391346153125 0.31682692291666664 0.391346153125 0.31682692291666664 0.5271634609375 0.5084935895833333 0.5271634609375 0.5084935895833333 0.391346153125
4 0.5403846145833333 0.546875 0.38493589791666666 0.546875 0.38493589791666666 0.6608173078124999 0.5403846145833333 0.6608173078124999 0.5403846145833333 0.546875
4 0.7080128208333334 0.6040865390625 0.5532051291666666 0.6040865390625 0.5532051291666666 0.7201923078125 0.7080128208333334 0.7201923078125 0.7080128208333334 0.6040865390625
4 0.51858974375 0.6847355765625001 0.38493589791666666 0.6847355765625001 0.38493589791666666 0.7902644234375 0.51858974375 0.7902644234375 0.51858974375 0.6847355765625001
3 0.280608975 0.6016826921875 0.194391025 0.6016826921875 0.194391025 0.66923076875 0.280608975 0.66923076875 0.280608975 0.6016826921875
3 0.33060897499999997 0.6592548078125 0.23990384583333332 0.6592548078125 0.23990384583333332 0.727283653125 0.33060897499999997 0.727283653125 0.33060897499999997 0.6592548078125
5 0.3641025645833333 0.609134615625 0.29935897499999997 0.609134615625 0.29935897499999997 0.669471153125 0.3641025645833333 0.669471153125 0.3641025645833333 0.609134615625
5 0.4046474354166667 0.6878605765625 0.3274038458333333 0.6878605765625 0.3274038458333333 0.7486778843749999 0.4046474354166667 0.7486778843749999 0.4046474354166667 0.6878605765625
5 0.34647435833333334 0.73076923125 0.2798076916666667 0.73076923125 0.2798076916666667 0.7822115390625 0.34647435833333334 0.7822115390625 0.34647435833333334 0.73076923125
5 0.058653845833333336 0.74891826875 0.0003205125 0.74891826875 0.0003205125 0.7931490390625 0.058653845833333336 0.7931490390625 0.058653845833333336 0.74891826875
4 0.3641025645833333 0.76875 0.30480769166666666 0.76875 0.30480769166666666 0.81923076875 0.3641025645833333 0.81923076875 0.3641025645833333 0.76875
4 0.37419871875 0.816346153125 0.3158653854166667 0.816346153125 0.3158653854166667 0.863221153125 0.37419871875 0.863221153125 0.37419871875 0.816346153125
4 0.52419871875 0.7735576921875 0.41266025624999997 0.7735576921875 0.41266025624999997 0.8603365390625 0.52419871875 0.8603365390625 0.52419871875 0.7735576921875
4 0.6467948708333334 0.7894230765625 0.58044871875 0.7894230765625 0.58044871875 0.8447115390625 0.6467948708333334 0.8447115390625 0.6467948708333334 0.7894230765625
4 0.6099358979166667 0.8209134609375001 0.5365384624999999 0.8209134609375001 0.5365384624999999 0.8798076921875 0.6099358979166667 0.8798076921875 0.6099358979166667 0.8209134609375001
4 0.5314102562499999 0.8471153843750001 0.4641025645833333 0.8471153843750001 0.4641025645833333 0.8987980765625 0.5314102562499999 0.8987980765625 0.5314102562499999 0.8471153843750001
4 0.081891025 0.7873798078124999 0.025160256250000002 0.7873798078124999 0.025160256250000002 0.8296875 0.081891025 0.8296875 0.081891025 0.7873798078124999
3 0.035897435416666665 0.739302884375 0.0003205125 0.739302884375 0.0003205125 0.7618990390625 0.035897435416666665 0.7618990390625 0.035897435416666665 0.739302884375