5 0.11868707708333333 0.39582550156249996 0.2274251 0.41020558749999997 0.24771864583333333 0.3238877765625 0.13898062291666669 0.3095076921875 0.11868707708333333 0.39582550156249996
5 0.1510684625 0.0663520265625 0.0959521125 0.059063151562500006 0.07710810416666666 0.1392154046875 0.13222445625 0.1465042796875 0.1510684625 0.0663520265625
3 0.07804912291666667 0.17618301875 0.16399326250000001 0.187548721875 0.17993819166666666 0.119727584375 0.09399405208333333 0.10836188124999999 0.07804912291666667 0.17618301875
5 0.1338229875 0.17330055312499998 0.07104639583333333 0.1649986484375 0.05635334375 0.227494984375 0.11912993333333333 0.23579688906250001 0.1338229875 0.17330055312499998
5 0.2582785354166667 0.37484194375 0.34870671875 0.386800640625 0.36847315833333333 0.3027248515625 0.27804497708333337 0.2907661546875 0.2582785354166667 0.37484194375
4 0.09873106666666667 0.46513895625 0.19177494166666667 0.4774435640625 0.20864230416666668 0.405698890625 0.11559842708333333 0.39339428125000003 0.09873106666666667 0.46513895625
4 0.23693385416666668 0.423021715625 0.32213065625 0.43428858750000005 0.338405025 0.3650661859375 0.25320822291666667 0.353799315625 0.23693385416666668 0.423021715625
4 0.21043268541666665 0.45953885625 0.28591406041666667 0.469520909375 0.30185898958333335 0.401699771875 0.22637761458333333 0.39171771875 0.21043268541666665 0.45953885625
4 0.18743943333333332 0.5073561296875 0.25843676666666665 0.5167451890625 0.27312982083333337 0.4542488515625 0.2021324875 0.4448597921875 0.18743943333333332 0.5073561296875
4 0.13657024791666666 0.5270693125 0.19374178541666665 0.5346299765625 0.20474510416666666 0.48782778593750004 0.14757356666666668 0.48026712343750005 0.13657024791666666 0.5270693125
4 0.07077500208333333 0.538162378125 0.13317792291666666 0.5464148671875 0.14404946458333334 0.5001731828125 0.08164654375 0.49192069375 0.07077500208333333 0.538162378125
4 0.07647261875 0.563911421875 0.13700718750000002 0.57191683125 0.14550675833333332 0.535764240625 0.0849721875 0.5277588328125 0.07647261875 0.563911421875
3 0.35730341250000003 0.40021856875 0.44436856458333335 0.41173252031249996 0.46400322708333336 0.3282172359375 0.3769380770833333 0.316703284375 0.35730341250000003 0.40021856875
5 0.44348375416666663 0.49989462968750004 0.5828627291666667 0.518326834375 0.6093497604166667 0.40566527499999994 0.4699707854166667 0.3872330703125 0.44348375416666663 0.49989462968750004
5 0.5064330375 0.4320768234375 0.6379649416666666 0.44947129218750004 0.6656379583333333 0.3317651875 0.5341060541666667 0.31437071875 0.5064330375 0.4320768234375
3 0.4010169083333333 0.6108763828125 0.5501113104166666 0.6305934078125001 0.5818035041666667 0.4957918890625 0.4327091020833333 0.47607486562499995 0.4010169083333333 0.6108763828125
5 0.5373807604166667 0.608537746875 0.6696600041666667 0.626031046875 0.6951587104166667 0.517573278125 0.56287946875 0.5000799781249999 0.5373807604166667 0.608537746875
4 0.6172461979166666 0.49498866250000007 0.75513049375 0.513223203125 0.7739745 0.43307095156250003 0.6360902041666667 0.41483641093749996 0.6172461979166666 0.49498866250000007
3 0.6752032729166667 0.649158984375 0.8523229375 0.6725822171875 0.8812478291666667 0.5495513109375 0.7041281645833333 0.526128078125 0.6752032729166667 0.649158984375
3 0.4728498208333333 0.7404413265625001 0.6499694854166667 0.763864559375 0.68199111875 0.627661778125 0.50487145625 0.604238546875 0.4728498208333333 0.7404413265625001
5 0.6134954895833334 0.714973728125 0.7652055812499999 0.7350366640625 0.7928785979166667 0.6173305578125 0.64116850625 0.597267621875 0.6134954895833334 0.714973728125
4 0.34046103541666667 0.7840498546875 0.4361206020833333 0.7967003765625 0.4498912208333333 0.738127575 0.35423165624999997 0.725477053125 0.34046103541666667 0.7840498546875
4 0.3755773645833333 0.7420258093750001 0.48356804583333335 0.7563070609375 0.4967456729166667 0.700256534375 0.38875499166666666 0.68597528125 0.3755773645833333 0.7420258093750001
4 0.41771590208333337 0.52018216875 0.4670403645833333 0.52670509375 0.48298529375 0.4588839546875 0.43366083125 0.45236102968749997 0.41771590208333337 0.52018216875