4 0.15806878333333335 0.0003720234375 0.020171958333333333 0.0003720234375 0.020171958333333333 0.070064484375 0.15806878333333335 0.070064484375 0.15806878333333335 0.0003720234375
4 0.3573082020833333 0.12289186562500001 0.26504629583333333 0.12289186562500001 0.26504629583333333 0.1940724203125 0.3573082020833333 0.1940724203125 0.3573082020833333 0.12289186562500001
4 0.537367725 0.048983134375 0.5016534395833333 0.048983134375 0.5016534395833333 0.0752728171875 0.537367725 0.0752728171875 0.537367725 0.048983134375
3 0.37615740833333333 0.5455109125 0.3083664020833333 0.5455109125 0.3083664020833333 0.5931299609375 0.37615740833333333 0.5931299609375 0.37615740833333333 0.5455109125
5 0.47056878333333335 0.6302083328125 0.4047619041666667 0.6302083328125 0.4047619041666667 0.6808035718750001 0.47056878333333335 0.6808035718750001 0.47056878333333335 0.6302083328125
5 0.47205687916666667 0.6014384921875 0.40889550208333336 0.6014384921875 0.40889550208333336 0.6366567453124999 0.47205687916666667 0.6366567453124999 0.47205687916666667 0.6014384921875
5 0.5471230166666667 0.5758928578125 0.49818121666666665 0.5758928578125 0.49818121666666665 0.6175595234375 0.5471230166666667 0.6175595234375 0.5471230166666667 0.5758928578125
5 0.5947420625 0.6474454359374999 0.5067790999999999 0.6474454359374999 0.5067790999999999 0.7198660718750001 0.5947420625 0.7198660718750001 0.5947420625 0.6474454359374999
4 0.5023148145833333 0.578869046875 0.46924603125 0.578869046875 0.46924603125 0.609126984375 0.5023148145833333 0.609126984375 0.5023148145833333 0.578869046875
4 0.5507605812499999 0.6340525796875001 0.4839616395833334 0.6340525796875001 0.4839616395833334 0.691840278125 0.5507605812499999 0.691840278125 0.5507605812499999 0.6340525796875001
4 0.51851851875 0.6195436515625 0.46792328125 0.6195436515625 0.46792328125 0.6604662703125 0.51851851875 0.6604662703125 0.51851851875 0.6195436515625
4 0.6228505291666667 0.6834077375 0.556382275 0.6834077375 0.556382275 0.729042659375 0.6228505291666667 0.729042659375 0.6228505291666667 0.6834077375
3 0.7028769833333333 0.3086557546875 0.6473214291666667 0.3086557546875 0.6473214291666667 0.3495783734375 0.7028769833333333 0.3495783734375 0.7028769833333333 0.3086557546875
4 0.6941137562499999 0.28025793593750004 0.6471560854166667 0.28025793593750004 0.6471560854166667 0.31597222187499996 0.6941137562499999 0.31597222187499996 0.6941137562499999 0.28025793593750004
5 0.7488425916666667 0.3737599203125 0.6641865083333334 0.3737599203125 0.6641865083333334 0.43353174531249994 0.7488425916666667 0.43353174531249994 0.7488425916666667 0.3737599203125
5 0.6314484125 0.39508928593750003 0.5573743395833334 0.39508928593750003 0.5573743395833334 0.4513888890625 0.6314484125 0.4513888890625 0.6314484125 0.39508928593750003
4 0.6825396833333334 0.426959325 0.6207010583333333 0.426959325 0.6207010583333333 0.47854662656249997 0.6825396833333334 0.47854662656249997 0.6825396833333334 0.426959325
4 0.7268518520833334 0.4748263890625 0.6640211645833334 0.4748263890625 0.6640211645833334 0.5246775796875001 0.7268518520833334 0.5246775796875001 0.7268518520833334 0.4748263890625
5 0.9672619041666667 0.0455109125 0.8816137562499999 0.0455109125 0.8816137562499999 0.11148313437499999 0.9672619041666667 0.11148313437499999 0.9672619041666667 0.0455109125
4 0.9988425916666667 0.1641865078125 0.9310515875 0.1641865078125 0.9310515875 0.218998015625 0.9988425916666667 0.218998015625 0.9988425916666667 0.1641865078125
4 0.9444444437499999 0.154637896875 0.88723545 0.154637896875 0.88723545 0.2032490078125 0.9444444437499999 0.2032490078125 0.9444444437499999 0.154637896875
5 0.99950396875 0.10987103125 0.9720568791666667 0.10987103125 0.9720568791666667 0.1669146828125 0.99950396875 0.1669146828125 0.99950396875 0.10987103125
3 0.9229497354166667 0.30815972187499996 0.8733465604166667 0.30815972187499996 0.8733465604166667 0.345362103125 0.9229497354166667 0.345362103125 0.9229497354166667 0.30815972187499996
4 0.8779761895833332 0.35069444375000003 0.83101851875 0.35069444375000003 0.83101851875 0.3821924609375 0.8779761895833332 0.3821924609375 0.8779761895833332 0.35069444375000003
5 0.8411044979166667 0.328125 0.7977843916666667 0.328125 0.7977843916666667 0.361855159375 0.8411044979166667 0.361855159375 0.8411044979166667 0.328125
4 0.8305224875 0.2595486109375 0.7835648145833333 0.2595486109375 0.7835648145833333 0.289806546875 0.8305224875 0.289806546875 0.8305224875 0.2595486109375
4 0.6850198416666667 0.08916170625 0.6493055562500001 0.08916170625 0.6493055562500001 0.1214037703125 0.6850198416666667 0.1214037703125 0.6850198416666667 0.08916170625
4 0.8039021166666667 0.0922619046875 0.7549603166666666 0.0922619046875 0.7549603166666666 0.1262400796875 0.8039021166666667 0.1262400796875 0.8039021166666667 0.0922619046875
4 0.6884920625 0.182663690625 0.65641534375 0.182663690625 0.65641534375 0.21143353125000003 0.6884920625 0.21143353125000003 0.6884920625 0.182663690625
4 0.9039351854166667 0.33692956406249996 0.8632605812499999 0.33692956406249996 0.8632605812499999 0.36371527812500004 0.9039351854166667 0.36371527812500004 0.9039351854166667 0.33692956406249996
4 0.12020502708333333 0.13715277812499999 0.07986111041666667 0.13715277812499999 0.07986111041666667 0.1676587296875 0.12020502708333333 0.1676587296875 0.12020502708333333 0.13715277812499999
4 0.17972883541666668 0.1600942453125 0.13773148124999998 0.1600942453125 0.13773148124999998 0.1873759921875 0.17972883541666668 0.1873759921875 0.17972883541666668 0.1600942453125
3 0.03406084583333333 0.81200396875 0.00033068750000000004 0.81200396875 0.00033068750000000004 0.85342261875 0.03406084583333333 0.85342261875 0.03406084583333333 0.81200396875
5 0.07027116458333334 0.93154761875 0.011408729166666666 0.93154761875 0.011408729166666666 0.97842261875 0.07027116458333334 0.97842261875 0.07027116458333334 0.93154761875
4 0.06597222291666667 0.7823660718750001 0.0193452375 0.7823660718750001 0.0193452375 0.8180803578125 0.06597222291666667 0.8180803578125 0.06597222291666667 0.7823660718750001