4 0.16874625833333334 0 0.16683397916666667 0.006747425 0.30298985833333336 0.02845304375 0.31105370000000004 0 0.16874625833333334 0
4 0.13053407708333334 0 0.10716114166666667 0.08247075937500001 0.233546575 0.10261880000000001 0.2626296395833333 0 0.13053407708333334 0
4 0.5212802208333334 0.0672053140625 0.3917430333333333 0.0465548296875 0.36166333333333334 0.1526902265625 0.4912005208333333 0.1733407109375 0.5212802208333334 0.0672053140625
4 0.19391288125 0.1012417296875 0.10582128958333333 0.0871983953125 0.08257483958333332 0.1692228546875 0.17066643125 0.1832661890625 0.19391288125 0.1012417296875
4 0.38591278125 0.14790885781250002 0.2535390125 0.1268061734375 0.22332532916666667 0.2334143328125 0.35569909583333337 0.25451701875 0.38591278125 0.14790885781250002
4 0.23740451666666665 0.198846634375 0.14474287708333333 0.1840747546875 0.12431011875 0.2561711828125 0.21697175833333335 0.2709430609375 0.23740451666666665 0.198846634375
5 0.5692060270833333 0.2468003453125 0.45637314791666667 0.2288128171875 0.43044699166666667 0.32029254687500003 0.5432798729166667 0.3382800734375 0.5692060270833333 0.2468003453125
3 0.7427604 0.26149720468750004 0.62236330625 0.24230380937499998 0.5967051208333333 0.3328380125 0.7171022145833333 0.35203140781250003 0.7427604 0.26149720468750004
4 0.6540884270833334 0.34655654999999996 0.5560688020833333 0.33093051406249996 0.5351670937499999 0.40468161406250003 0.63318671875 0.42030765 0.6540884270833334 0.34655654999999996
4 0.4885452895833333 0.36229007968750004 0.39745953125 0.3477694234375 0.37809865625 0.41608374374999996 0.4691844145833333 0.4306044 0.4885452895833333 0.36229007968750004
4 0.59538840625 0.39908765625 0.5071392270833334 0.3850192 0.4881803083333333 0.45191522968750003 0.5764294875 0.4659836859375 0.59538840625 0.39908765625
4 0.45609771041666664 0.41517682968749997 0.3725761645833333 0.401862040625 0.35689988333333333 0.45717536562500005 0.44042142916666666 0.4704901546875 0.45609771041666664 0.41517682968749997
4 0.5345073104166667 0.45757113125000004 0.4623320895833333 0.44606514375 0.4478616770833333 0.497123596875 0.5200369 0.508629584375 0.5345073104166667 0.45757113125000004
4 0.4521598145833333 0.471496740625 0.39322196875 0.462101021875 0.38022539375 0.5079590781250001 0.4391632395833333 0.5173547984375 0.4521598145833333 0.471496740625
3 0.44111980624999997 0.8382290390625 0.3620107208333333 0.825617671875 0.3430518020833333 0.8925137015625 0.42216088749999997 0.9051250671875 0.44111980624999997 0.8382290390625
5 0.39599364375 0.7341870234375001 0.3339040416666667 0.724288859375 0.31963460625 0.7746381671875 0.3817242083333333 0.78453633125 0.39599364375 0.7341870234375001
4 0.35320605208333333 0.76195455 0.30498418125 0.75426714375 0.2946673125 0.7906699296874999 0.34288918541666663 0.7983573359375 0.35320605208333333 0.76195455
4 0.32360398333333334 0.7734179953125 0.26435096458333335 0.76397203125 0.25135438958333334 0.8098300875 0.31060740833333333 0.81927605 0.32360398333333334 0.7734179953125
4 0.29922985416666664 0.813509284375 0.24501964375000002 0.8048672328125 0.23128615 0.8533254890625 0.28549636041666665 0.861967540625 0.29922985416666664 0.813509284375
4 0.36843094375 0.874447571875 0.30129853333333334 0.8637454968749999 0.28548826666666666 0.919531584375 0.3526206791666667 0.9302336609375 0.36843094375 0.874447571875
4 0.3091720958333333 0.9184895015625001 0.2524404791666667 0.9094454937500001 0.239711875 0.9543580203124999 0.29644349166666667 0.9634020281250001 0.3091720958333333 0.9184895015625001
4 0.28594053124999996 0.9307214515625001 0.27337940833333335 0.9750430265625001 0.343033225 0.9861470593749999 0.35559434791666666 0.941825484375 0.28594053124999996 0.9307214515625001
4 0.4237726145833333 0.763445159375 0.39225505 0.758420709375 0.38441691041666665 0.7860773734375 0.415934475 0.791101821875 0.4237726145833333 0.763445159375
4 0.4705965729166667 0.7342210765625 0.42584163125 0.727086359375 0.4160607041666667 0.7615980921875 0.46081564583333334 0.768732809375 0.4705965729166667 0.7342210765625
3 0.5234807625 0.7742756125 0.4658036208333333 0.765080871875 0.4526730604166667 0.8114116921875001 0.5103502020833334 0.8206064328125 0.5234807625 0.7742756125
5 0.4721721125 0.8210673109375 0.42678681875 0.813832103125 0.4154650625 0.853780615625 0.46085035416666664 0.8610158218749999 0.4721721125 0.8210673109375
5 0.5852679708333334 0.9072857421875 0.51687485625 0.8963826890625001 0.5015335395833334 0.9505141046875 0.5699266541666667 0.9614171578124999 0.5852679708333334 0.9072857421875
5 0.6342765708333334 0.8226975546874999 0.5718717937500001 0.812749146875 0.5576023583333334 0.8630984546875 0.6200071354166667 0.8730468640625 0.6342765708333334 0.8226975546874999
4 0.6005736166666666 0.719611884375 0.5451027041666666 0.710768853125 0.5327760541666666 0.75426309375 0.5882469687499999 0.7631061234375001 0.6005736166666666 0.719611884375
4 0.5215514375 0.7311028703125 0.466710875 0.7223603296875 0.4553221229166667 0.7625452234375001 0.5101626854166667 0.7712877640625 0.5215514375 0.7311028703125