4 0.37323156041666666 1 0.36215022083333337 0.9475263890625 0.22268496875 0.964093234375 0.23026773333333334 1 0.37323156041666666 1
4 0.2533696166666667 1 0.247420075 0.9718270562500001 0.18275000625 0.9795091062499999 0.18707725833333333 1 0.2533696166666667 1
3 0.7252764395833334 0.711415178125 0.5711134437500001 0.72972794375 0.6030831854166667 0.8811146984375 0.75724618125 0.8628019328125 0.7252764395833334 0.711415178125
3 0.5303736791666667 0.6557196203125 0.3471418145833333 0.677485428125 0.37750789583333333 0.8212783484375 0.5607397604166666 0.7995125421875 0.5303736791666667 0.6557196203125
3 0.6690655895833333 0.5316451109375 0.46199071875000003 0.5562431890624999 0.49639181666666665 0.7191431749999999 0.7034666875000001 0.694545096875 0.6690655895833333 0.5316451109375
3 0.5023457125 0.431043478125 0.2835126479166667 0.4570382921875 0.31713778125 0.6162638421875 0.5359708458333333 0.590269028125 0.5023457125 0.431043478125
3 0.6630750520833334 0.37089464375 0.47200439166666663 0.393591609375 0.5019566249999999 0.5354248296875 0.6930272875 0.512727865625 0.6630750520833334 0.37089464375
3 0 0.5295131421875 0.0009051354166666666 0.5337992421875 0.09578723333333333 0.5225283562499999 0.08171640833333332 0.4558985875 0 0.46560554375 0 0.5295131421875
5 0.0914525375 0.4377922984375 0.0019596125 0.4484230125 0.013236964583333333 0.5018248140625 0.10272988958333333 0.49119409843749995 0.0914525375 0.4377922984375
4 0.4408947729166667 0.28353540625 0.2694211020833333 0.30390447656249997 0.29782140625 0.4383888265625 0.46929507708333335 0.41801975625 0.4408947729166667 0.28353540625
4 0.5212369437500001 0.170912096875 0.3994089854166667 0.1853838375 0.42056695208333333 0.2855734515625 0.5423949125 0.2711017109375 0.5212369437500001 0.170912096875
4 0.41576267083333335 0.1383674265625 0.262579525 0.156563796875 0.2888071291666667 0.280759728125 0.44199027291666665 0.2625633578125 0.41576267083333335 0.1383674265625