5 0.08252898121085595 0.4191962765625 0.2919144237995825 0.3915637375 0.25525643215031313 0.235965225 0.04587098956158664 0.2635977640625 0.08252898121085595 0.4191962765625
5 0.37709206680584556 0.44303364062500006 0.5734606534446764 0.41711893125 0.5377207494780794 0.2654173421875 0.3413521649269311 0.29133205 0.37709206680584556 0.44303364062500006
5 0.3106709373695198 0.28806239375 0.4739395135699374 0.2665158859375 0.44082272442588727 0.1259483578125 0.277554146137787 0.1474948671875 0.3106709373695198 0.28806239375
5 0.5537136826722339 0.317837865625 0.7422721544885177 0.29295385625 0.7085651628392484 0.14988116406250002 0.5200066910229645 0.1747651734375 0.5537136826722339 0.317837865625
4 0.6696038622129437 0.43944565 0.8417982860125262 0.4167212 0.8109767181628392 0.2858959765625 0.6387822964509394 0.3086204265625 0.6696038622129437 0.43944565
4 0.7716333048016701 0.5128001156249999 0.9148187306889353 0.493903975 0.8926534321503131 0.399821153125 0.7494680062630481 0.41871729531249996 0.7716333048016701 0.5128001156249999
4 0.4459891649269311 0.5181775203125001 0.6312004467640918 0.4937352375 0.6012969686847599 0.3668069359375 0.41608568684759917 0.3912492171875 0.4459891649269311 0.5181775203125001
4 0.5919214780793319 0.6094161140625001 0.7209743194154489 0.592385046875 0.694808776617954 0.48132278125 0.5657559352818372 0.49835385 0.5919214780793319 0.6094161140625001
4 0.7561000939457202 0.576269275 0.8721360751565762 0.5609560390625 0.8525938893528183 0.4780072796875 0.7365579081419624 0.49332051562499996 0.7561000939457202 0.576269275
4 0.752163490605428 0.6287368421874999 0.8272893528183716 0.618822503125 0.8118785699373695 0.553409890625 0.7367527077244258 0.5633242296875001 0.752163490605428 0.6287368421874999
4 0.6745815240083507 0.670545953125 0.795824248434238 0.654545584375 0.7727408622129437 0.5565658421874999 0.6514981377870563 0.5725662109375 0.6745815240083507 0.670545953125
4 0.4464111022964509 0.66076373125 0.6279032797494781 0.636812259375 0.5963603569937369 0.5029251671875 0.4148681774530271 0.5268766406250001 0.4464111022964509 0.66076373125
4 0.4752339081419624 0.77578040625 0.64891596868476 0.75285963125 0.6199305803757829 0.6298282515625 0.4462485177453027 0.652749025 0.4752339081419624 0.77578040625
5 0.16238063256784968 0.58315781875 0.3475919123173277 0.5587155375 0.31480301043841336 0.419539765625 0.12959173068893529 0.4439820484375 0.16238063256784968 0.58315781875
4 0.250020503131524 0.687398859375 0.4062227891440501 0.6667848875 0.37959820041753656 0.5537741609375 0.22339591440501044 0.574388134375 0.250020503131524 0.687398859375
4 0.25692261795407095 0.8045908859375 0.40271141753653444 0.785351178125 0.37884109812108563 0.6840312171875 0.23305229853862214 0.703270925 0.25692261795407095 0.8045908859375
4 0.37760021503131525 0.8276978890625 0.4910328267223382 0.81272821875 0.47011350730688933 0.723934078125 0.35668089561586636 0.7389037484375 0.37760021503131525 0.8276978890625
4 0.46292206263048014 0.86838604375 0.5640816367432151 0.8550360421875001 0.5472937202505219 0.783778046875 0.446134146137787 0.7971280484375 0.46292206263048014 0.86838604375
4 0.484049127348643 0.8400543921875 0.6253750041753653 0.82140365625 0.6051770396659707 0.73567138125 0.4638511649269311 0.75432211875 0.484049127348643 0.8400543921875