4 0 0.172715703125 0.0154327375 0.170882475 0.008861060416666667 0.1397635265625 0 0.1408161171875 0 0.172715703125
4 0.08030826666666666 0.175103690625 0.03376514375 0.18063247031250002 0.041994025000000004 0.2195988046875 0.08853714791666666 0.214070025 0.08030826666666666 0.175103690625
4 0.4243617708333333 0.242970128125 0.38070504374999997 0.2481560390625 0.39653421041666664 0.3231121125 0.44019093958333333 0.317926203125 0.4243617708333333 0.242970128125
4 0.4361756041666667 0.36458823125 0.34056376666666666 0.3759458015625 0.35559290416666667 0.44711348125 0.45120474166666663 0.4357559109375 0.4361756041666667 0.36458823125
4 0.5392270145833333 0.30089150781249996 0.43856398333333335 0.3128491015625 0.4522216416666666 0.3775223921875 0.5528846729166667 0.3655647984375 0.5392270145833333 0.30089150781249996
4 0.59111090625 0.3766963734375 0.5175078291666667 0.385439559375 0.5303083125 0.44605385625 0.6039113875000001 0.4373106703125 0.59111090625 0.3766963734375
4 0.5309554458333333 0.3886964234375 0.4743099416666666 0.3954252484375 0.48145306875 0.42925019375 0.5380985729166666 0.42252136875 0.5309554458333333 0.3886964234375
4 0.55246836875 0.4126314671875 0.47453569791666667 0.4218889578125 0.4860218458333333 0.47627946562499995 0.5639545145833333 0.4670219734375 0.55246836875 0.4126314671875
4 0.51805063125 0.47732910625 0.47728030208333333 0.48217214531249997 0.4840234125 0.514102890625 0.5247937416666667 0.5092598515625 0.51805063125 0.47732910625
4 0.6117088979166667 0.45496939531249997 0.5637225770833333 0.460669609375 0.571780025 0.49882414375 0.61976634375 0.49312392968749996 0.6117088979166667 0.45496939531249997
4 0.6877770291666666 0.485045053125 0.6448419020833334 0.4901452453125 0.65175645 0.5228877921875 0.6946915770833333 0.5177876 0.6877770291666666 0.485045053125
4 0.6570115375000001 0.5591561140625 0.6075820229166666 0.5650277625 0.61506801875 0.600476303125 0.6644975333333334 0.5946046546875 0.6570115375000001 0.5591561140625
4 0.63626885625 0.6562093078125 0.5933337270833333 0.6613095015625 0.5996196770833334 0.6910754515625 0.64255480625 0.6859752593749999 0.63626885625 0.6562093078125
4 0.5047200145833333 0.5832104046875 0.45529049791666665 0.5890820546875 0.46271935000000003 0.6242599953125 0.5121488645833333 0.6183883453125001 0.5047200145833333 0.5832104046875
4 0.6943616 0.5065925953125 0.6673016458333334 0.5098070015625 0.6715303770833334 0.5298313671875 0.6985903312499999 0.5266169609375 0.6943616 0.5065925953125