4 0.9409722229166667 0.018601190625 0.8738425916666667 0.018601190625 0.8738425916666667 0.0739087296875 0.9409722229166667 0.0739087296875 0.9409722229166667 0.018601190625
4 0.9279100520833333 0.10069444375 0.8640873020833334 0.10069444375 0.8640873020833334 0.1470734125 0.9279100520833333 0.1470734125 0.9279100520833333 0.10069444375
4 0.9417989416666667 0.16505456406250002 0.8892195770833333 0.16505456406250002 0.8892195770833333 0.20424107187499999 0.9417989416666667 0.20424107187499999 0.9417989416666667 0.16505456406250002
4 1 0.10801091249999999 0.9785052916666667 0.10801091249999999 0.9785052916666667 0.1533978171875 1 0.1533978171875 1 0.10801091249999999
4 0.34490740833333333 0.015625 0.2625661375 0.015625 0.2625661375 0.0865575390625 0.34490740833333333 0.0865575390625 0.34490740833333333 0.015625
4 0.10714285625 0.014136904687499998 0.00033068750000000004 0.014136904687499998 0.00033068750000000004 0.10540674531250001 0.10714285625 0.10540674531250001 0.10714285625 0.014136904687499998
3 0.7151124333333333 0.3257688484375 0.6486441791666666 0.3257688484375 0.6486441791666666 0.376612103125 0.7151124333333333 0.376612103125 0.7151124333333333 0.3257688484375
4 0.66220238125 0.341269840625 0.6135912708333334 0.341269840625 0.6135912708333334 0.3772321421875 0.66220238125 0.3772321421875 0.66220238125 0.341269840625
4 0.5854828041666666 0.3121279765625 0.544146825 0.3121279765625 0.544146825 0.341641865625 0.5854828041666666 0.341641865625 0.5854828041666666 0.3121279765625
4 0.5692790999999999 0.3821924609375 0.53687169375 0.3821924609375 0.53687169375 0.408730159375 0.5692790999999999 0.408730159375 0.5692790999999999 0.3821924609375
5 0.78108465625 0.42894345312500004 0.7347883604166667 0.42894345312500004 0.7347883604166667 0.4713541671875 0.78108465625 0.4713541671875 0.78108465625 0.42894345312500004
4 0.6529431208333333 0.4351438484375 0.60598545 0.4351438484375 0.60598545 0.4686259921875 0.6529431208333333 0.4686259921875 0.6529431208333333 0.4351438484375
5 0.5834986770833334 0.4242311515625 0.4862764541666667 0.4242311515625 0.4862764541666667 0.49565972187499996 0.5834986770833334 0.49565972187499996 0.5834986770833334 0.4242311515625
4 0.44444444375000003 0.3867807546875 0.35879629583333333 0.3867807546875 0.35879629583333333 0.44903273749999995 0.44444444375000003 0.44903273749999995 0.44444444375000003 0.3867807546875
5 0.4475859791666667 0.450148809375 0.3536706354166667 0.450148809375 0.3536706354166667 0.5223214281249999 0.4475859791666667 0.5223214281249999 0.4475859791666667 0.450148809375
5 0.3885582020833333 0.430803571875 0.33300264583333333 0.430803571875 0.33300264583333333 0.48090277812500004 0.3885582020833333 0.48090277812500004 0.3885582020833333 0.430803571875
4 0.31712962916666665 0.519097221875 0.23776455 0.519097221875 0.23776455 0.578125 0.31712962916666665 0.578125 0.31712962916666665 0.519097221875
5 0.261574075 0.5193452375 0.20866402083333335 0.5193452375 0.20866402083333335 0.5734126984375 0.261574075 0.5734126984375 0.261574075 0.5193452375
5 0.4255952375 0.5179811515625 0.32837301666666663 0.5179811515625 0.32837301666666663 0.588913690625 0.4255952375 0.588913690625 0.4255952375 0.5179811515625
4 0.30522486875 0.572420634375 0.23677248750000002 0.572420634375 0.23677248750000002 0.6158234125 0.30522486875 0.6158234125 0.30522486875 0.572420634375
4 0.2781084645833333 0.6197916671875 0.22486772500000002 0.6197916671875 0.22486772500000002 0.66220238125 0.2781084645833333 0.66220238125 0.2781084645833333 0.6197916671875
4 0.43303571458333334 0.565228175 0.35069444375000003 0.565228175 0.35069444375000003 0.619295634375 0.43303571458333334 0.619295634375 0.43303571458333334 0.565228175
4 0.4426256604166667 0.6006944437499999 0.37847222291666666 0.6006944437499999 0.37847222291666666 0.6416170640625001 0.4426256604166667 0.6416170640625001 0.4426256604166667 0.6006944437499999
4 0.4198082020833333 0.640376984375 0.3860780416666667 0.640376984375 0.3860780416666667 0.666170634375 0.4198082020833333 0.666170634375 0.4198082020833333 0.640376984375
4 0.36656746041666666 0.6273561515625 0.2931547625 0.6273561515625 0.2931547625 0.6866319437499999 0.36656746041666666 0.6866319437499999 0.36656746041666666 0.6273561515625
4 0.3654100520833333 0.6744791671875 0.2986111104166667 0.6744791671875 0.2986111104166667 0.7092013890625 0.3654100520833333 0.7092013890625 0.3654100520833333 0.6744791671875
4 0.5413359791666666 0.46552579375 0.46296296249999996 0.46552579375 0.46296296249999996 0.525545634375 0.5413359791666666 0.525545634375 0.5413359791666666 0.46552579375
5 0.5896164020833333 0.5900297625 0.49206349166666663 0.5900297625 0.49206349166666663 0.665674603125 0.5896164020833333 0.665674603125 0.5896164020833333 0.5900297625
4 0.5444775125 0.5373263890625 0.4637896833333333 0.5373263890625 0.4637896833333333 0.5993303578125 0.5444775125 0.5993303578125 0.5444775125 0.5373263890625
4 0.5135582020833334 0.6133432546875001 0.46891534375 0.6133432546875001 0.46891534375 0.6609623015625 0.5135582020833334 0.6609623015625 0.5135582020833334 0.6133432546875001
4 0.5333994708333333 0.65947420625 0.44444444375000003 0.65947420625 0.44444444375000003 0.7254464281249999 0.5333994708333333 0.7254464281249999 0.5333994708333333 0.65947420625
4 0.5548941791666666 0.705853175 0.48082010625000005 0.705853175 0.48082010625000005 0.7584325390625 0.5548941791666666 0.7584325390625 0.5548941791666666 0.705853175
4 0.6016865083333334 0.513516865625 0.5325727520833333 0.513516865625 0.5325727520833333 0.570560515625 0.6016865083333334 0.570560515625 0.6016865083333334 0.513516865625
4 0.6772486770833334 0.5290178578125 0.5962301583333333 0.5290178578125 0.5962301583333333 0.593998015625 0.6772486770833334 0.593998015625 0.6772486770833334 0.5290178578125
4 0.6703042333333333 0.5941220234375 0.59424603125 0.5941220234375 0.59424603125 0.6551339281249999 0.6703042333333333 0.6551339281249999 0.6703042333333333 0.5941220234375
4 0.7032076729166667 0.651909721875 0.643353175 0.651909721875 0.643353175 0.7020089281249999 0.7032076729166667 0.7020089281249999 0.7032076729166667 0.651909721875
5 0.7038690479166667 0.5546875 0.6324404770833334 0.5546875 0.6324404770833334 0.6122271828125 0.7038690479166667 0.6122271828125 0.7038690479166667 0.5546875
5 0.6641865083333334 0.476810515625 0.6026785708333333 0.476810515625 0.6026785708333333 0.5283978171875 0.6641865083333334 0.5283978171875 0.6641865083333334 0.476810515625
4 0.7409060854166667 0.469866071875 0.7012235458333334 0.469866071875 0.7012235458333334 0.4986359125 0.7409060854166667 0.4986359125 0.7409060854166667 0.469866071875