1 0.6381410249999999 0.2641826921875 0.4663461541666667 0.2641826921875 0.4663461541666667 0.44375 0.6381410249999999 0.44375 0.6381410249999999 0.2641826921875
1 0.7524038458333333 0.32487980781250003 0.5905448708333334 0.32487980781250003 0.5905448708333334 0.4724759609375 0.7524038458333333 0.4724759609375 0.7524038458333333 0.32487980781250003
1 0.22932692291666665 0.0340144234375 0.18894230833333334 0.0340144234375 0.18894230833333334 0.0712740390625 0.22932692291666665 0.0712740390625 0.22932692291666665 0.0340144234375
1 0.3197115375 0.039903846874999996 0.27740384583333333 0.039903846874999996 0.27740384583333333 0.0762019234375 0.3197115375 0.0762019234375 0.3197115375 0.039903846874999996
1 0.30464743541666667 0.061778846875 0.244391025 0.061778846875 0.244391025 0.11923076875000001 0.30464743541666667 0.11923076875000001 0.30464743541666667 0.061778846875
1 0.6735576916666666 0.549158653125 0.5283653854166667 0.549158653125 0.5283653854166667 0.6592548078125 0.6735576916666666 0.6592548078125 0.6735576916666666 0.549158653125
1 0.6230769229166667 0.6472355765625 0.500641025 0.6472355765625 0.500641025 0.7525240390625 0.6230769229166667 0.7525240390625 0.6230769229166667 0.6472355765625
2 0.45352564166666665 0.699759615625 0.35801282083333336 0.699759615625 0.35801282083333336 0.781971153125 0.45352564166666665 0.781971153125 0.45352564166666665 0.699759615625
2 0.5283653854166667 0.7413461531250001 0.4354166666666667 0.7413461531250001 0.4354166666666667 0.815625 0.5283653854166667 0.815625 0.5283653854166667 0.7413461531250001
1 0.5104166666666666 0.7780048078124999 0.38477564166666667 0.7780048078124999 0.38477564166666667 0.8784855765625 0.5104166666666666 0.8784855765625 0.5104166666666666 0.7780048078124999
1 0.37003205208333334 0.884375 0.306891025 0.884375 0.306891025 0.91826923125 0.37003205208333334 0.91826923125 0.37003205208333334 0.884375
0 0.380608975 0.8998798078125001 0.30625 0.8998798078125001 0.30625 0.95733173125 0.380608975 0.95733173125 0.380608975 0.8998798078125001
2 0.19695512916666666 0.2248798078125 0.16105769166666667 0.2248798078125 0.16105769166666667 0.267427884375 0.19695512916666666 0.267427884375 0.19695512916666666 0.2248798078125
2 0.09983974375 0.29014423125 0.045032052083333336 0.29014423125 0.045032052083333336 0.3300480765625 0.09983974375 0.3300480765625 0.09983974375 0.29014423125