3 0.7797051941544886 0.6434878140625 0.6091407557411272 0.6683017875 0.6525869457202506 0.8355860046875 0.8231513841336117 0.81077203125 0.7797051941544886 0.6434878140625
3 0.4210767244258873 0.66804935 0.24257026096033402 0.694018740625 0.28175269519832985 0.8448858953125 0.46025916075156575 0.8189165046875001 0.4210767244258873 0.66804935
5 0.39364792901878914 0.5375033296875 0.22497444885177453 0.5620422031250001 0.260554745302714 0.69903976875 0.4292282254697286 0.6745008953125 0.39364792901878914 0.5375033296875
4 0.444895369519833 0.37289280625 0.2690362463465553 0.3984770578125 0.3038814154488518 0.5326440953125 0.47974053653444676 0.50705984375 0.444895369519833 0.37289280625
4 0.24547765970772442 0.4067512328125 0.06697119415448852 0.43272062343749995 0.10269851774530273 0.57028429375 0.28120498329853866 0.544314903125 0.24547765970772442 0.4067512328125
4 0 0.4126483125 0.12607135490605428 0.3943072609375 0.0941667077244259 0.2714623359375 0 0.28516185156249996 0 0.4126483125
4 0.15115835490605428 0.1327471671875 0.007445524008350731 0.153654728125 0.037806396659707725 0.27055554375 0.18151922964509395 0.2496479828125 0.15115835490605428 0.1327471671875
4 0.4992318162839248 0.32973814687499997 0.3668647348643006 0.348995109375 0.39671101670146136 0.46391455312499996 0.5290780981210855 0.444657590625 0.4992318162839248 0.32973814687499997
4 0.31964601878914406 0.2593684703125 0.15702360334029225 0.283027025 0.19083958872651358 0.4132313234375 0.35346200417536533 0.38957276875 0.31964601878914406 0.2593684703125
4 0.38731131941544883 0.243355721875 0.2727192463465553 0.26002675000000003 0.2999925720250522 0.3650393453125 0.41458464509394577 0.3483683171875 0.38731131941544883 0.243355721875
4 0.4585082254697286 0.1412017609375 0.34656349478079335 0.15748765 0.3722930480167015 0.2565561375 0.4842377807933194 0.24027024843749997 0.4585082254697286 0.1412017609375
4 0.548951496868476 0.21969318906250002 0.4139370751565762 0.239335290625 0.44157796659707726 0.34576315156250004 0.5765923903966597 0.32612104999999997 0.548951496868476 0.21969318906250002
4 0.5900248183716076 0.307570140625 0.47467636116910233 0.32435120781250004 0.49849457620041754 0.41606032343750005 0.6138430334029228 0.39927925468750003 0.5900248183716076 0.307570140625
5 0.7207118747390396 0.40576288437499997 0.5527947766179541 0.4301917171875 0.5800681043841336 0.5352043140625 0.7479852025052193 0.5107754812499999 0.7207118747390396 0.40576288437499997
4 0.7842236889352818 0.37375765 0.658285866388309 0.392079275 0.6821040835073069 0.4837883890625 0.8080419060542797 0.4654667640625 0.7842236889352818 0.37375765
4 0.668414574112735 0.3079157828125 0.5912634759916493 0.31913984218749997 0.6086860584551149 0.3862233625 0.6858371586638832 0.37499930312499996 0.668414574112735 0.3079157828125
4 0.7161424196242171 0.27482872812500003 0.5883136388308977 0.2934254515625 0.6143372442588726 0.3936261515625 0.7421660250521921 0.3750294265625 0.7161424196242171 0.27482872812500003
4 0.7477276096033403 0.258924384375 0.6830568371607516 0.2683327859375 0.7001853674321503 0.33428409375 0.7648561419624217 0.324875690625 0.7477276096033403 0.258924384375
4 0.8897391628392485 0.3584071 0.7690960229645094 0.3759584453125 0.7898266931106471 0.45577934062500003 0.9104698308977035 0.43822799375 0.8897391628392485 0.3584071
4 0.9036064070981211 0.2901495859375 0.7632973006263049 0.3105619671875 0.786968490605428 0.4017049765625 0.9272775970772443 0.38129259531250004 0.9036064070981211 0.2901495859375
4 0.8694986263048017 0.195090578125 0.7496118705636743 0.2125318859375 0.7739446764091857 0.30622236875 0.8938314342379958 0.2887810625 0.8694986263048017 0.195090578125