3 0.89351851875 0.43675595312500004 0.5767195770833333 0.43675595312500004 0.5767195770833333 0.6178075390625 0.89351851875 0.6178075390625 0.89351851875 0.43675595312500004
3 0.73148148125 0.33134920625 0.49371693125 0.33134920625 0.49371693125 0.49603174531249994 0.73148148125 0.49603174531249994 0.73148148125 0.33134920625
3 0.82523148125 0.1653025796875 0.6413690479166667 0.1653025796875 0.6413690479166667 0.3004712296875 0.82523148125 0.3004712296875 0.82523148125 0.1653025796875
3 0.6592261895833332 0.234126984375 0.46577381041666666 0.234126984375 0.46577381041666666 0.3854166671875 0.6592261895833332 0.3854166671875 0.6592261895833332 0.234126984375
5 0.9603174604166667 0.5683283734375 0.6947751312499999 0.5683283734375 0.6947751312499999 0.785590278125 0.9603174604166667 0.785590278125 0.9603174604166667 0.5683283734375
4 0.6878306875 0.69580853125 0.45568783124999995 0.69580853125 0.45568783124999995 0.857762896875 0.6878306875 0.857762896875 0.6878306875 0.69580853125
4 0.5459656083333333 0.4605654765625 0.39054232708333336 0.4605654765625 0.39054232708333336 0.609623015625 0.5459656083333333 0.609623015625 0.5459656083333333 0.4605654765625
4 0.4510582020833333 0.343501984375 0.31051587291666666 0.343501984375 0.31051587291666666 0.4635416671875 0.4510582020833333 0.4635416671875 0.4510582020833333 0.343501984375
4 0.3422619041666667 0.42398313437499996 0.20502645416666668 0.42398313437499996 0.20502645416666668 0.5341021828125 0.3422619041666667 0.5341021828125 0.3422619041666667 0.42398313437499996
4 0.40608465625 0.5130208328125 0.23677248750000002 0.5130208328125 0.23677248750000002 0.6439732140625 0.40608465625 0.6439732140625 0.40608465625 0.5130208328125
4 0.2670304229166666 0.5234375 0.16683201041666665 0.5234375 0.16683201041666665 0.6340525796875001 0.2670304229166666 0.6340525796875001 0.2670304229166666 0.5234375
4 0.4378306875 0.6149553578125 0.2539682541666667 0.6149553578125 0.2539682541666667 0.758060515625 0.4378306875 0.758060515625 0.4378306875 0.6149553578125
4 0.48925264583333333 0.7005208328125 0.3424272479166667 0.7005208328125 0.3424272479166667 0.8101438484375001 0.48925264583333333 0.8101438484375001 0.48925264583333333 0.7005208328125
4 0.6489748687500001 0.637152778125 0.4961970895833333 0.637152778125 0.4961970895833333 0.7279265875 0.6489748687500001 0.7279265875 0.6489748687500001 0.637152778125