4 0.9851190479166667 0.0362103171875 0.9447751312499999 0.0362103171875 0.9447751312499999 0.0696924609375 0.9851190479166667 0.0696924609375 0.9851190479166667 0.0362103171875
4 0.9451058208333334 0.0106646828125 0.8958333333333334 0.0106646828125 0.8958333333333334 0.050347221875 0.9451058208333334 0.050347221875 0.9451058208333334 0.0106646828125
4 0.8993055562500001 0.10131448437499999 0.8609457666666667 0.10131448437499999 0.8609457666666667 0.1328125 0.8993055562500001 0.1328125 0.8993055562500001 0.10131448437499999
4 0.8394510583333333 0.0419146828125 0.7888558208333334 0.0419146828125 0.7888558208333334 0.071428571875 0.8394510583333333 0.071428571875 0.8394510583333333 0.0419146828125
4 0.8412698416666667 0.05729166718749999 0.7880290999999999 0.05729166718749999 0.7880290999999999 0.10019841249999999 0.8412698416666667 0.10019841249999999 0.8412698416666667 0.05729166718749999
4 0.8348214291666667 0.0003720234375 0.7726521166666667 0.0003720234375 0.7726521166666667 0.04873511875 0.8348214291666667 0.04873511875 0.8348214291666667 0.0003720234375
4 0.7781084645833333 0.0003720234375 0.7222222229166667 0.0003720234375 0.7222222229166667 0.0350942453125 0.7781084645833333 0.0350942453125 0.7781084645833333 0.0003720234375
4 0.7347883604166667 0.0006200390624999999 0.6749338625 0.0006200390624999999 0.6749338625 0.0497271828125 0.7347883604166667 0.0497271828125 0.7347883604166667 0.0006200390624999999
4 0.7607473541666666 0.1447172625 0.7213955020833333 0.1447172625 0.7213955020833333 0.17522321406250002 0.7607473541666666 0.17522321406250002 0.7607473541666666 0.1447172625
4 0.7055224875 0.1800595234375 0.6833664020833333 0.1800595234375 0.6833664020833333 0.19866071406250002 0.7055224875 0.19866071406250002 0.7055224875 0.1800595234375
4 0.67542989375 0.0028521828125 0.6264880958333333 0.0028521828125 0.6264880958333333 0.045758928125 0.67542989375 0.045758928125 0.67542989375 0.0028521828125
4 0.6830357145833333 0.0373263890625 0.63045635 0.0373263890625 0.63045635 0.0837053578125 0.6830357145833333 0.0837053578125 0.6830357145833333 0.0373263890625
4 0.6610449729166666 0.12251984062500001 0.6382275125 0.12251984062500001 0.6382275125 0.1418650796875 0.6610449729166666 0.1418650796875 0.6610449729166666 0.12251984062500001
4 0.6355820104166666 0.12934027812499999 0.6167328041666666 0.12934027812499999 0.6167328041666666 0.1429811515625 0.6355820104166666 0.1429811515625 0.6355820104166666 0.12934027812499999
4 0.6087962958333333 0.0703125 0.5780423270833333 0.0703125 0.5780423270833333 0.10131448437499999 0.6087962958333333 0.10131448437499999 0.6087962958333333 0.0703125
4 0.6541005291666667 0.18315972187500001 0.6375661375 0.18315972187500001 0.6375661375 0.1965525796875 0.6541005291666667 0.1965525796875 0.6541005291666667 0.18315972187500001
5 0.2190806875 0.282862103125 0.13839285625 0.282862103125 0.13839285625 0.3401537703125 0.2190806875 0.3401537703125 0.2190806875 0.282862103125
4 0.36937830625 0.3147321421875 0.33564814791666664 0.3147321421875 0.33564814791666664 0.3395337296875 0.36937830625 0.3395337296875 0.36937830625 0.3147321421875
4 0.4546957666666666 0.3778521828125 0.42526454999999996 0.3778521828125 0.42526454999999996 0.3984375 0.4546957666666666 0.3984375 0.4546957666666666 0.3778521828125
4 0.4371693125 0.39397321406249997 0.37698412708333334 0.39397321406249997 0.37698412708333334 0.4403521828125 0.4371693125 0.4403521828125 0.4371693125 0.39397321406249997
4 0.3854166666666667 0.40302579375 0.35267857083333337 0.40302579375 0.35267857083333337 0.43402777812500004 0.3854166666666667 0.43402777812500004 0.3854166666666667 0.40302579375
5 0.3460648145833333 0.3511904765625 0.27199074166666665 0.3511904765625 0.27199074166666665 0.403769840625 0.3460648145833333 0.403769840625 0.3460648145833333 0.3511904765625
4 0.22420635000000003 0.42410714218749995 0.16732804166666665 0.42410714218749995 0.16732804166666665 0.46279761875 0.22420635000000003 0.46279761875 0.22420635000000003 0.42410714218749995
4 0.14831349166666669 0.47879464218749995 0.0947420625 0.47879464218749995 0.0947420625 0.5179811515625 0.14831349166666669 0.5179811515625 0.14831349166666669 0.47879464218749995
4 0.306382275 0.4373759921875 0.23991402083333335 0.4373759921875 0.23991402083333335 0.48375496093750003 0.306382275 0.48375496093750003 0.306382275 0.4373759921875
4 0.4487433854166667 0.4817708328125 0.3855820104166667 0.4817708328125 0.3855820104166667 0.5286458328125 0.4487433854166667 0.5286458328125 0.4487433854166667 0.4817708328125
4 0.38574735416666667 0.47879464218749995 0.332175925 0.47879464218749995 0.332175925 0.5217013890625 0.38574735416666667 0.5217013890625 0.38574735416666667 0.47879464218749995
5 0.6289682541666667 0.450396825 0.5333994708333333 0.450396825 0.5333994708333333 0.519097221875 0.6289682541666667 0.519097221875 0.6289682541666667 0.450396825
4 0.6653439145833333 0.5338541671875 0.6269841270833333 0.5338541671875 0.6269841270833333 0.56436011875 0.6653439145833333 0.56436011875 0.6653439145833333 0.5338541671875
4 0.6390542333333333 0.5663442453124999 0.5920965604166667 0.5663442453124999 0.5920965604166667 0.6035466265625 0.6390542333333333 0.6035466265625 0.6390542333333333 0.5663442453124999
4 0.5639880958333333 0.5286458328125 0.5213293645833333 0.5286458328125 0.5213293645833333 0.5586557546875001 0.5639880958333333 0.5586557546875001 0.5639880958333333 0.5286458328125
4 0.5712632270833333 0.56981646875 0.5147156083333333 0.56981646875 0.5147156083333333 0.61669146875 0.5712632270833333 0.61669146875 0.5712632270833333 0.56981646875
4 0.5248015875 0.5481150796875001 0.4791666666666667 0.5481150796875001 0.4791666666666667 0.5897817453124999 0.5248015875 0.5897817453124999 0.5248015875 0.5481150796875001
4 0.48693783124999995 0.5445188484375 0.41716269791666666 0.5445188484375 0.41716269791666666 0.5908978171875 0.48693783124999995 0.5908978171875 0.48693783124999995 0.5445188484375
4 0.5066137562499999 0.57490079375 0.4279100520833333 0.57490079375 0.4279100520833333 0.6314484125 0.5066137562499999 0.6314484125 0.5066137562499999 0.57490079375
4 0.40972222291666666 0.5224454359374999 0.33796296249999996 0.5224454359374999 0.33796296249999996 0.5740327375 0.40972222291666666 0.5740327375 0.40972222291666666 0.5224454359374999
4 0.2789351854166667 0.48660714218749995 0.22337962916666668 0.48660714218749995 0.22337962916666668 0.5265376984375 0.2789351854166667 0.5265376984375 0.2789351854166667 0.48660714218749995
4 0.25462962916666665 0.5210813484375 0.21097883541666668 0.5210813484375 0.21097883541666668 0.55282738125 0.25462962916666665 0.55282738125 0.25462962916666665 0.5210813484375
4 0.31514550208333336 0.5396825390625 0.26884920625 0.5396825390625 0.26884920625 0.5677083328125 0.31514550208333336 0.5677083328125 0.31514550208333336 0.5396825390625
4 0.26388888958333334 0.5414186515625 0.21395502708333333 0.5414186515625 0.21395502708333333 0.578125 0.26388888958333334 0.578125 0.26388888958333334 0.5414186515625
4 0.5818452375 0.6690228171875 0.5186838625 0.6690228171875 0.5186838625 0.717137896875 0.5818452375 0.717137896875 0.5818452375 0.6690228171875
4 0.46792328125 0.6603422625 0.4163359791666667 0.6603422625 0.4163359791666667 0.701512896875 0.46792328125 0.701512896875 0.46792328125 0.6603422625
4 0.48330026458333336 0.717137896875 0.44725529166666667 0.717137896875 0.44725529166666667 0.7459077375 0.48330026458333336 0.7459077375 0.48330026458333336 0.717137896875
4 0.4411375666666667 0.62177579375 0.3611111104166667 0.62177579375 0.3611111104166667 0.681795634375 0.4411375666666667 0.681795634375 0.4411375666666667 0.62177579375
4 0.3541666666666667 0.5789930562500001 0.31415343958333336 0.5789930562500001 0.31415343958333336 0.5995783734375 0.3541666666666667 0.5995783734375 0.3541666666666667 0.5789930562500001
4 0.3579695770833334 0.5876736109375 0.292824075 0.5876736109375 0.292824075 0.6328125 0.3579695770833334 0.6328125 0.3579695770833334 0.5876736109375
4 0.28587962916666665 0.59833829375 0.23296957708333332 0.59833829375 0.23296957708333332 0.6377728171875 0.28587962916666665 0.6377728171875 0.28587962916666665 0.59833829375
5 0.26471560833333335 0.581597221875 0.20816798958333335 0.581597221875 0.20816798958333335 0.6207837296875 0.26471560833333335 0.6207837296875 0.26471560833333335 0.581597221875
4 0.23693783125 0.5553075390625 0.18468915416666667 0.5553075390625 0.18468915416666667 0.6001984125 0.23693783125 0.6001984125 0.23693783125 0.5553075390625
4 0.15972222291666668 0.5691964281249999 0.11871693125 0.5691964281249999 0.11871693125 0.5917658734375 0.15972222291666668 0.5917658734375 0.15972222291666668 0.5691964281249999
4 0.18898809583333334 0.5777529765625 0.13508597916666665 0.5777529765625 0.13508597916666665 0.6119791671875 0.18898809583333334 0.6119791671875 0.18898809583333334 0.5777529765625
4 0.1871693125 0.6035466265625 0.13029100624999998 0.6035466265625 0.13029100624999998 0.645957340625 0.1871693125 0.645957340625 0.1871693125 0.6035466265625
4 0.13640872916666666 0.58134920625 0.08845899375 0.58134920625 0.08845899375 0.6205357140625 0.13640872916666666 0.6205357140625 0.13640872916666666 0.58134920625
4 0.13574735416666667 0.6152033734375 0.09044312083333333 0.6152033734375 0.09044312083333333 0.6464533734375 0.13574735416666667 0.6464533734375 0.13574735416666667 0.6152033734375
4 0.20403439166666668 0.6445932546875001 0.15542328125 0.6445932546875001 0.15542328125 0.6803075390625 0.20403439166666668 0.6803075390625 0.20403439166666668 0.6445932546875001
4 0.09292328125 0.617435515625 0.04232804166666667 0.617435515625 0.04232804166666667 0.6548859125 0.09292328125 0.6548859125 0.09292328125 0.617435515625
4 0.1056547625 0.642733134375 0.06233465625 0.642733134375 0.06233465625 0.6707589281249999 0.1056547625 0.6707589281249999 0.1056547625 0.642733134375
4 0.11177248749999999 0.6728670640625001 0.07870370416666667 0.6728670640625001 0.07870370416666667 0.6941964281249999 0.11177248749999999 0.6941964281249999 0.11177248749999999 0.6728670640625001
4 0.08201058125 0.6712549609375 0.031084656250000002 0.6712549609375 0.031084656250000002 0.705233134375 0.08201058125 0.705233134375 0.08201058125 0.6712549609375
5 0.027612433333333335 0.677579365625 0.00016534375000000002 0.677579365625 0.00016534375000000002 0.716269840625 0.027612433333333335 0.716269840625 0.027612433333333335 0.677579365625
4 0.11574074166666667 0.7142857140625 0.09292328125 0.7142857140625 0.09292328125 0.731894840625 0.11574074166666667 0.731894840625 0.11574074166666667 0.7142857140625
4 0.21378968333333334 0.6820436515625 0.18468915416666667 0.6820436515625 0.18468915416666667 0.70634920625 0.21378968333333334 0.70634920625 0.21378968333333334 0.6820436515625
4 0.13095238125 0.736855159375 0.10251322708333334 0.736855159375 0.10251322708333334 0.7579365078125 0.13095238125 0.7579365078125 0.13095238125 0.736855159375
4 0.19246031666666666 0.7073412703125 0.15575396875 0.7073412703125 0.15575396875 0.733630953125 0.19246031666666666 0.733630953125 0.19246031666666666 0.7073412703125
4 0.16038359791666668 0.7501240078125 0.13194444375 0.7501240078125 0.13194444375 0.770461309375 0.16038359791666668 0.770461309375 0.16038359791666668 0.7501240078125
4 0.09126984166666667 0.7462797625 0.052579364583333336 0.7462797625 0.052579364583333336 0.7748015875 0.09126984166666667 0.7748015875 0.09126984166666667 0.7462797625
4 0.046957672916666665 0.7574404765625 0.0006613750000000001 0.7574404765625 0.0006613750000000001 0.790674603125 0.046957672916666665 0.790674603125 0.046957672916666665 0.7574404765625
4 0.1755952375 0.7859623015625 0.16005291041666667 0.7859623015625 0.16005291041666667 0.8013392859374999 0.1755952375 0.8013392859374999 0.1755952375 0.7859623015625
4 0.33564814791666664 0.6510416671875 0.2926587291666667 0.6510416671875 0.2926587291666667 0.6855158734375 0.33564814791666664 0.6855158734375 0.33564814791666664 0.6510416671875
4 0.3029100520833333 0.6664186515625 0.25727513125 0.6664186515625 0.25727513125 0.700644840625 0.3029100520833333 0.700644840625 0.3029100520833333 0.6664186515625
4 0.2916666666666667 0.7452876984375 0.250661375 0.7452876984375 0.250661375 0.7720734125 0.2916666666666667 0.7720734125 0.2916666666666667 0.7452876984375
4 0.4012896833333333 0.69481646875 0.34176587291666666 0.69481646875 0.34176587291666666 0.7406994046875 0.4012896833333333 0.7406994046875 0.4012896833333333 0.69481646875
4 0.39781746041666666 0.7330109125 0.3525132270833333 0.7330109125 0.3525132270833333 0.7620287703125 0.39781746041666666 0.7620287703125 0.39781746041666666 0.7330109125