4 0.6960525135699374 0.8501287296875001 0.7287632797494781 0.97607751875 0.947973127348643 0.9441865390625 0.9152623590814196 0.81823775 0.6960525135699374 0.8501287296875001
4 1 0.7815456359375 0.9185754822546973 0.7933913984375 0.9573836513569938 0.9428174828125 1 0.9366175921875 1 0.7815456359375
4 0.45041930271398745 1 0.4124585135699374 0.85383664375 0.23531924425887266 0.8796071328125 0.2665870542797495 1 0.45041930271398745 1
4 0.51457751565762 0.7463956656249999 0.3998060292275574 0.7630927953125 0.4282127473903966 0.872469375 0.5429842338204593 0.8557722468750001 0.51457751565762 0.7463956656249999
3 0.6330068726513569 0.6265494515625 0.4352013528183716 0.6553264984375 0.4762332797494781 0.813314890625 0.6740387995824634 0.7845378453125 0.6330068726513569 0.6265494515625
3 0.4062658643006263 0.6803174390625 0.18484177661795406 0.71253055 0.22809746137787057 0.8790812499999999 0.44952155114822545 0.8468681390624999 0.4062658643006263 0.6803174390625
3 0.3032447098121086 0.54023315625 0.11540327766179541 0.5675606125 0.15786988517745304 0.7310730750000001 0.34571131941544886 0.70374561875 0.3032447098121086 0.54023315625
4 0.4811241189979123 0.42735990937499996 0.3368294217118998 0.4483521203125 0.361864636743215 0.5447471359375 0.5061593340292275 0.523754925 0.4811241189979123 0.42735990937499996
5 0.40510390605427976 0.351424365625 0.19917950730688935 0.38138255781249997 0.24006796450939458 0.5388185437499999 0.4459923653444677 0.5088603515625 0.40510390605427976 0.351424365625
4 0.28513084551148227 0.3584158859375 0.13751478496868474 0.37989129374999997 0.17087116075156575 0.5083259140624999 0.31848721920668055 0.48685050625 0.28513084551148227 0.3584158859375
3 0.16638372442588728 0.353906796875 0.07596888935281837 0.36706048281250003 0.09562404384133612 0.44274023749999997 0.18603887891440501 0.4295865515625 0.16638372442588728 0.353906796875
3 0.17597308559498956 0.297190303125 0.10290313778705636 0.3078206296875 0.12141054488517745 0.379081128125 0.19448049269311063 0.3684508015625 0.17597308559498956 0.297190303125
4 0.3246370313152401 0.24804505781250002 0.15229528183716073 0.27311759687500003 0.18199321503131524 0.3874658375 0.35433496450939456 0.36239330000000003 0.3246370313152401 0.24804505781250002
3 0 0.340722734375 0.005806302713987474 0.3630791890625 0.109875624217119 0.347939028125 0.08548601670146139 0.2540298421875 0 0.266466478125 0 0.340722734375
3 0.19048916075156577 0.22700160781249998 0.049146782881002084 0.2475643109375 0.07375159290187891 0.34230210625 0.21509397077244258 0.321739403125 0.19048916075156577 0.22700160781249998
4 0.35307073277661793 0.15476360312499998 0.19696675365344468 0.177473846875 0.22745376200417536 0.2948603265625 0.38355774112734864 0.272150084375 0.35307073277661793 0.15476360312499998
4 0.5029598413361169 0.165634409375 0.33689177661795405 0.18979424218750002 0.37311751565762 0.3292770015625 0.5391855824634656 0.30511716875 0.5029598413361169 0.165634409375
4 0.5942678016701461 0.0748148109375 0.4333662964509395 0.0982230046875 0.4650010521920668 0.22002874218750001 0.6259025553235908 0.19662054843750001 0.5942678016701461 0.0748148109375
4 0.5812843486430063 0.019662407812499998 0.46171534237995826 0.0370574875 0.4804379519832986 0.1091465984375 0.6000069582463465 0.09175151718749999 0.5812843486430063 0.019662407812499998
4 0.47308214613778704 0.0557552296875 0.3420728935281837 0.07481465468750001 0.36667770354906054 0.16955245000000002 0.4976869561586639 0.15049302656250002 0.47308214613778704 0.0557552296875
4 0.4730082108559499 0.020079371874999998 0.37226025052192063 0.0347363375 0.3875396221294364 0.0935676796875 0.48828758246346554 0.0789107140625 0.4730082108559499 0.020079371874999998
4 0.25138625260960334 0.0898710421875 0.119269878914405 0.10909153125 0.14660058455114824 0.2143250578125 0.27871695824634657 0.19510456874999998 0.25138625260960334 0.0898710421875
3 0.2778914446764092 0.0746927671875 0.21847598121085596 0.08333661875000001 0.23153159498956158 0.13360565156249998 0.2909470563674322 0.12496179999999998 0.2778914446764092 0.0746927671875
4 0.2435668037578288 0.06492443437499999 0.18968694154488516 0.0727629578125 0.19815156993736951 0.10535496875000001 0.25203143215031315 0.0975164453125 0.2435668037578288 0.06492443437499999
4 0.16094897286012527 0.12653243125 0.10153350939457204 0.13517628125 0.12190600417536535 0.21361807187499998 0.18132146764091858 0.2049742203125 0.16094897286012527 0.12653243125
4 0.15231367432150314 0.1124534953125 0.13448774112734865 0.043816928125 0.04075154279749478 0.0574538125 0.05857747599164927 0.12609037812499999 0.15231367432150314 0.1124534953125
3 0.13536467432150315 0.1622147734375 0.10030586012526095 0.1673151828125 0.11092251356993736 0.20819329843749998 0.14598132567849686 0.20309288906249998 0.13536467432150315 0.1622147734375
3 0.10535480584551148 0.10122685625000001 0.03892758037578288 0.11089078906250001 0.05313093945720251 0.165579078125 0.11955816492693111 0.1559151453125 0.10535480584551148 0.10122685625000001
4 0.10662016910229645 0.1709828 0.013253010438413362 0.1845659953125 0.03219082463465553 0.257483715625 0.12555798121085596 0.24390052031249998 0.10662016910229645 0.1709828
3 0 0.2163045703125 0.07477774321503132 0.20542579062500002 0.05146414822546973 0.11565965781250001 0 0.1231467390625 0 0.2163045703125
4 0 0.15310056562500002 0.054162845511482254 0.1452208734375 0.04333098956158664 0.1035141453125 0 0.10981800312500001 0 0.15310056562500002
3 0.27928991440501044 0.5187805015625 0.2493976617954071 0.523129271875 0.2590100354906054 0.5601405390624999 0.28890229018789143 0.55579176875 0.27928991440501044 0.5187805015625
3 0.2035113256784969 0.49612474687499997 0.1791546764091858 0.4996681890625 0.190703872651357 0.5441369500000001 0.21506052192066807 0.5405935078125 0.2035113256784969 0.49612474687499997
3 0.5088929728601252 0.5025758703125 0.466822394572025 0.5086963625 0.47435447807933195 0.5376977265625 0.5164250563674322 0.5315772359375 0.5088929728601252 0.5025758703125