1 0 0.3361714765625 0.1678012 0.30711650625 0.13194743958333335 0.1906417359375 0 0.21348858593750003 0 0.3361714765625
1 0.2188889 0.231387025 0.12609175 0.2474549578125 0.14560149583333332 0.310834453125 0.2383986458333333 0.2947665203125 0.2188889 0.231387025
1 0.29727178125 0.0970214140625 0.10083520416666666 0.13103463125 0.1494991375 0.2891246203125 0.34593571458333333 0.255111403125 0.29727178125 0.0970214140625
2 0.944889375 0.278241390625 0.8012291854166667 0.3031163171875 0.839733325 0.4282011328125 0.9833935166666666 0.40332620781250006 0.944889375 0.278241390625
1 0.8128045020833333 0.3761828828125 0.6504892145833333 0.4042879609375 0.681925675 0.5064126578125 0.8442409604166666 0.47830758125 0.8128045020833333 0.3761828828125
0 0.6994501958333333 0.4858701328125 0.5738073208333333 0.507625340625 0.6091457291666666 0.6224259375 0.7347886041666667 0.6006707296875 0.6994501958333333 0.4858701328125
2 0.5805286312500001 0.5070913265625 0.49251483958333336 0.5223310156250001 0.5076809083333333 0.5715996046875 0.5956946979166666 0.5563599171875 0.5805286312500001 0.5070913265625
2 0.6156121270833333 0.545227765625 0.4446867958333333 0.57482368125 0.4840743958333333 0.7027785140625 0.6549997291666667 0.673182596875 0.6156121270833333 0.545227765625
1 0.5816812520833333 0.6024937140625 0.4346727125 0.6279484109375 0.46920128125 0.7401181609374999 0.6162098229166666 0.7146634640625 0.5816812520833333 0.6024937140625
2 0.9536603125 0.6799135921875 0.8512964479166667 0.6976380125 0.8738983041666667 0.7710625609374999 0.97626216875 0.753338140625 0.9536603125 0.6799135921875
2 0.9510201895833333 0.7531743375 0.89840325 0.7622850203125 0.9115079083333334 0.804856909375 0.9641248479166666 0.7957462265624999 0.9510201895833333 0.7531743375
1 0.9177554958333333 0.7433153906250001 0.8322928291666667 0.75811335 0.8507718708333333 0.81814449375 0.9362345375000001 0.8033465359375 0.9177554958333333 0.7433153906250001