4 0.6052395666666667 0.7671343234375 0.44772327083333335 0.7463035453125 0.41802336458333333 0.8726309499999999 0.5755396583333333 0.8934617296875 0.6052395666666667 0.7671343234375
3 0.6139659604166667 0.9041733109375001 0.54480439375 0.8950270218749999 0.5271244875 0.9702278171875 0.5962860541666667 0.9793741046875001 0.6139659604166667 0.9041733109375001
4 0.7099693229166667 0.9094480859375 0.6335275916666667 0.89933903125 0.6168979770833333 0.97007245 0.6933397083333334 0.9801815046875 0.7099693229166667 0.9094480859375
4 0.85930295 0.8910670671875 0.7835230520833334 0.8810455375 0.7709195541666667 0.9346540234375 0.8466994520833333 0.9446755546875 0.85930295 0.8910670671875
4 0.8643005125 0.8117580078125 0.7934843625 0.8023929093750001 0.78204785625 0.8510376468749999 0.85286400625 0.8604027453124999 0.8643005125 0.8117580078125
4 0.9252367104166667 0.8138027890625 0.8613698104166667 0.8053566953125 0.8500500020833334 0.8535050578125001 0.9139169020833333 0.86195115 0.9252367104166667 0.8138027890625
4 0.7910174208333333 0.67283520625 0.6268827958333334 0.651129184375 0.5982915291666667 0.772741028125 0.76242615625 0.79444705 0.7910174208333333 0.67283520625
4 0.6152958666666667 0.623494671875 0.49517314583333333 0.6076090140625 0.4714248916666667 0.7086213015625 0.5915476104166667 0.724506959375 0.6152958666666667 0.623494671875
4 0.67605801875 0.5268654890625 0.6062346208333333 0.517631678125 0.5949731625 0.565531853125 0.6647965625 0.5747656640625001 0.67605801875 0.5268654890625
4 0.5873359291666667 0.476107071875 0.50990145 0.46586673125000005 0.49578086666666665 0.525928090625 0.5732153458333333 0.5361684328125 0.5873359291666667 0.476107071875
4 0.70240959375 0.3988157625 0.6206731958333334 0.38800651406250003 0.6070194083333333 0.4460823734375 0.6887558041666666 0.456891621875 0.70240959375 0.3988157625
4 0.6735119208333333 0.18067468125 0.4915078 0.156605503125 0.46034915416666666 0.28913759375 0.642353275 0.313206771875 0.6735119208333333 0.18067468125
3 0.6157883729166667 0.0786124828125 0.39572884375 0.049510659375 0.35500087708333333 0.22274549062500001 0.57506040625 0.2518473140625 0.6157883729166667 0.0786124828125
3 0.3318244020833333 0.2581940453125 0.14551836666666668 0.233555959375 0.11190904166666667 0.376511925 0.29821507708333334 0.40115000937499995 0.3318244020833333 0.2581940453125
4 0.4097626208333333 0.15091316875 0.3429174708333333 0.1420732171875 0.32838843958333336 0.2038718875 0.3952335895833333 0.212711840625 0.4097626208333333 0.15091316875
4 0.44822909375000003 0.063490921875 0.35623428333333335 0.051325046875 0.32939350208333334 0.16549126875 0.42138831250000003 0.17765714531250001 0.44822909375000003 0.063490921875