4 0.20480157499999999 0.7841702625 0.08651519791666668 0.8062893421874999 0.14171938125 0.972348253125 0.26000575833333334 0.9502291734374999 0.20480157499999999 0.7841702625
4 0.3479949 0.7643130859375 0.19322767708333333 0.7932539375000001 0.23654051666666664 0.9235426703125 0.39130773958333337 0.89460181875 0.3479949 0.7643130859375
3 0.53683715 0.772781290625 0.44397681666666666 0.7901458015625 0.45830942916666667 0.8332595265625 0.5511697625 0.815895015625 0.53683715 0.772781290625
3 0.5285166375 0.5751841921875 0.26730746875 0.6240292625 0.33479674791666664 0.827042796875 0.5960059166666666 0.7781977265625 0.5285166375 0.5751841921875
4 0.5263404875000001 0.5343263203124999 0.38357562083333335 0.5610227796875 0.416020875 0.658620884375 0.5587857416666666 0.6319244265624999 0.5263404875000001 0.5343263203124999
4 0.32566219375000005 0.5649329562500001 0.20184841666666667 0.5880856375 0.23389991666666668 0.6844992999999999 0.35771369583333334 0.66134661875 0.32566219375000005 0.5649329562500001
4 0.20652526666666665 0.5658238390625 0.036597175 0.5975997140625 0.07652373750000001 0.7177022359375 0.2464518291666667 0.6859263624999999 0.20652526666666665 0.5658238390625
4 0.43994979791666666 0.4631707484375 0.28328746666666665 0.492465978125 0.32108776250000004 0.606172509375 0.47775009375 0.5768772796875 0.43994979791666666 0.4631707484375
4 0.19969783958333334 0.470103090625 0.0626183 0.49573641718749994 0.0946698 0.5921500796875 0.23174933958333332 0.5665167531249999 0.19969783958333334 0.470103090625
4 0.29528313333333334 0.451348371875 0.19484236458333332 0.47013039375 0.22020006458333335 0.546408525 0.3206408333333333 0.527626503125 0.29528313333333334 0.451348371875
4 0.20655062291666668 0.39535016875 0.1291670125 0.40982059531250004 0.14830341249999998 0.46738452500000005 0.22568702291666665 0.4529141 0.20655062291666668 0.39535016875
4 0.24697536666666667 0.392823196875 0.1977025375 0.40203701875000003 0.21172014583333335 0.444203190625 0.26099297708333336 0.43498936875 0.24697536666666667 0.392823196875
4 0.35862672916666666 0.18725968125 0.26513469375 0.20474231718749997 0.28702736458333333 0.27059734999999996 0.3805194 0.2531147125 0.35862672916666666 0.18725968125
4 0.40674950625 0.23109999218750002 0.2873576479166667 0.2534257921875 0.3172041333333333 0.3432065734375 0.43659598958333334 0.3208807734375 0.40674950625 0.23109999218750002
4 0.4821568145833333 0.1728407546875 0.42151333125 0.18418084375 0.43749970624999995 0.23226922968750002 0.49814318958333337 0.22092914062500002 0.4821568145833333 0.1728407546875
4 0.5352941604166667 0.2620404578125 0.4373802041666667 0.2803499765625 0.4613991416666667 0.352601 0.5593130979166666 0.33429148125 0.5352941604166667 0.2620404578125
4 0.4431313375 0.388475296875 0.33795279791666666 0.40814326406249996 0.37047680208333333 0.5059782578124999 0.47565534374999996 0.486310290625 0.4431313375 0.388475296875
4 0.5812237020833333 0.332081396875 0.40876879791666665 0.3643297734375 0.45247538958333333 0.49580295 0.6249302958333334 0.46355457187500004 0.5812237020833333 0.332081396875
4 0.77267873125 0.3317577375 0.5980128666666666 0.36441955625 0.6417194583333334 0.4958927328125 0.8163853229166667 0.4632309140625 0.77267873125 0.3317577375
4 0.6306251666666667 0.3575663421875 0.5652439125 0.369792375 0.5913103666666667 0.4482025046875 0.6566916208333333 0.43597647031250003 0.6306251666666667 0.3575663421875
3 0.8148665520833334 0.2982040890625 0.7065294958333334 0.3184626859375 0.7335409583333333 0.3997154765625 0.8418780145833333 0.37945688125 0.8148665520833334 0.2982040890625
4 0.7437031729166667 0.2390463359375 0.6404197416666667 0.258359925 0.6680612083333333 0.341507825 0.7713446395833333 0.32219423593749996 0.7437031729166667 0.2390463359375
4 0.7162329062499999 0.2805414828125 0.6287420479166667 0.296901925 0.6509497229166666 0.3637045109375 0.7384405791666667 0.34734407031250003 0.7162329062499999 0.2805414828125
4 0.6346840020833333 0.2723906390625 0.5945708645833334 0.2798916359375 0.60614720625 0.3147142609375 0.6462603437500001 0.3072132640625 0.6346840020833333 0.2723906390625
4 0.60458588125 0.24694445781250002 0.5354144083333333 0.259879246875 0.5532907979166667 0.31365295937500004 0.6224622708333333 0.300718171875 0.60458588125 0.24694445781250002
4 0.6696746333333333 0.207095509375 0.5885008041666667 0.222274690625 0.6081884583333333 0.28149684218750004 0.6893622875 0.2663176609375 0.6696746333333333 0.207095509375
4 0.6360898333333334 0.196894971875 0.5719719854166667 0.20888475468749998 0.5864620979166666 0.2524722578125 0.6505799479166666 0.2404824765625 0.6360898333333334 0.196894971875
5 0.9212815479166667 0.4038606234375 0.9797140708333333 0.392933975 0.9608139229166667 0.3360807109375 0.9023814 0.34700735781250003 0.9212815479166667 0.4038606234375
5 0.8928622354166666 0.3536938890625 0.9623495604166667 0.3407000375 0.9447881729166667 0.2878738796875 0.8753008479166666 0.30086773125 0.8928622354166666 0.3536938890625
3 0.6485821208333333 0.549838859375 0.5693034 0.5646636625 0.5882035479166666 0.6215169281249999 0.6674822687499999 0.6066921234375 0.6485821208333333 0.549838859375
4 0.5830679854166667 0.5323992109375 0.5240037604166666 0.543443984375 0.53959638125 0.590347928125 0.5986606062500001 0.5793031546875 0.5830679854166667 0.5323992109375
4 0.28658586041666667 0.41963578593750006 0.26858232708333335 0.423002375 0.27354361458333337 0.43792635625000004 0.29154715000000003 0.4345597671875 0.28658586041666667 0.41963578593750006