1 0.6736405958333334 0.1549515453125 0.7618990333333334 0.14799429375 0.7520947770833334 0.0780333375 0.6638363395833333 0.0849905890625 0.6736405958333334 0.1549515453125
2 0.5308409083333333 0.20239124687499999 0.6628697875 0.1919836515625 0.6466173458333333 0.0760099125 0.5145884666666667 0.0864175078125 0.5308409083333333 0.20239124687499999
1 0.6050887895833333 0.2391147328125 0.7259956708333333 0.2295838640625 0.7114778291666667 0.125987834375 0.5905709479166668 0.135518703125 0.6050887895833333 0.2391147328125
1 0.5055224666666667 0.27797741875000004 0.6253530270833333 0.26853139531250003 0.6126452020833334 0.17785123281249998 0.4928146395833333 0.1872972578125 0.5055224666666667 0.27797741875000004
0 0.6784471083333333 0.4209126484375 0.8363077291666666 0.40846878281250004 0.8215636333333334 0.30325826875 0.6637030145833334 0.3157021328125 0.6784471083333333 0.4209126484375
0 0.8085738166666666 0.43187513906249997 0.9599765 0.419940340625 0.9433092645833334 0.3010067171875 0.7919065791666667 0.3129415140625 0.8085738166666666 0.43187513906249997
1 0.7291516166666666 0.4876495109375 0.8500585020833333 0.4781186421875 0.8384442270833333 0.3952418171875 0.71753734375 0.40477268593750004 0.7291516166666666 0.4876495109375
2 1 0.48034708437500007 0.9979962666666666 0.466048896875 0.9509968541666667 0.46975377500000004 0.9571433708333333 0.5136139140625 1 0.510235603125 1 0.48034708437500007
1 1 0.5072430203125 0.98004889375 0.5088157296875 0.9878168833333334 0.56424633125 1 0.5632859578125 1 0.5072430203125
1 0.8593631291666667 0.7697062375 0.92286615 0.7647004109375 0.9169081770833334 0.722185675 0.8534051583333333 0.7271915015625 0.8593631291666667 0.7697062375
1 0.4974127479166667 0.8620345781250001 0.5939229895833333 0.8544268531249999 0.5834399770833334 0.7796224453125 0.4869297354166667 0.787230171875 0.4974127479166667 0.8620345781250001
2 0.47827695833333334 0.9442067656249999 0.5790924895833334 0.9362596609375 0.5680438458333333 0.8574190453125 0.4672283145833333 0.8653661484375 0.47827695833333334 0.9442067656249999
0 0.24367674791666666 0.6458940296875 0.3089736395833333 0.6407467953125 0.3028271229166667 0.5968866578124999 0.2375302333333333 0.6020338921875 0.24367674791666666 0.6458940296875
0 0.06825618750000001 0.6093922875 0.22719312708333333 0.596863578125 0.20992254999999999 0.4736246640625 0.05098561041666667 0.4861533734375 0.06825618750000001 0.6093922875
1 0.05052167916666667 0.5824967437499999 0.18255056041666667 0.5720891484374999 0.16946564791666668 0.4787181796875 0.03743676666666666 0.4891257765625 0.05052167916666667 0.5824967437499999
2 0.1155579125 0.514661815625 0.2518920833333333 0.503914840625 0.2406171875 0.4234597421875 0.10428301666666666 0.43420671562499996 0.1155579125 0.514661815625
2 0.21707208541666667 0.5518204546875001 0.3207578104166667 0.543647096875 0.3085401979166667 0.4564649828125 0.20485447291666667 0.464638340625 0.21707208541666667 0.5518204546875001