5 0.25247010416666665 0.72024425625 0.45711856666666667 0.7500789796875 0.49689819583333333 0.596592634375 0.2922497354166667 0.5667579109374999 0.25247010416666665 0.72024425625
5 0.9858649291666667 0.59064736875 0.76408083125 0.5583145218750001 0.7211924270833333 0.7237958124999999 0.9429765229166667 0.7561286593750001 0.9858649291666667 0.59064736875
4 0.46868944375 0.446658921875 0.6472264583333334 0.47268698281250005 0.6858640916666666 0.3236069453125 0.5073270770833334 0.297578884375 0.46868944375 0.446658921875
4 1 0.1692165984375 0.8735961479166666 0.150788784375 0.8329282958333334 0.30770225625 1 0.33205884218750004 1 0.1692165984375
4 1 0.0717907 0.93921579375 0.0629292609375 0.9123788187499999 0.1664774640625 1 0.1792513390625 1 0.0717907
4 0.7209487729166667 0.24247381250000002 0.8609714041666667 0.26288704531249996 0.8890772666666666 0.15444294375 0.7490546375 0.1340297125 0.7209487729166667 0.24247381250000002
4 0.7640331625000001 0.144850859375 0.89524318125 0.16397934218750002 0.9240469333333333 0.052842498437499996 0.7928369145833333 0.033714015624999996 0.7640331625000001 0.144850859375
4 0.5777520395833334 0.21143608125000002 0.73083039375 0.2337526453125 0.7658516958333333 0.0986259109375 0.6127733416666667 0.07630934843750001 0.5777520395833334 0.21143608125000002
4 0.4348296854166666 0.2093993734375 0.5777898541666667 0.23024085468750002 0.60672049375 0.118614421875 0.463760325 0.097772940625 0.4348296854166666 0.2093993734375
4 0.44125101250000004 0.1277711875 0.5509190875000001 0.1437591734375 0.570840625 0.0668936046875 0.46117254999999996 0.050905618750000006 0.44125101250000004 0.1277711875
4 0.5272567833333334 0.09978953125 0.63464010625 0.115444434375 0.6590027500000001 0.021443228124999998 0.5516194291666667 0.0057883249999999995 0.5272567833333334 0.09978953125
4 0.6294091500000001 0.0095075953125 0.6092655583333334 0.08722994843750001 0.7319893541666667 0.10512126562499999 0.7521329479166667 0.0273989125 0.6294091500000001 0.0095075953125