1 0.6784060854166667 0.1862599203125 0.62483465625 0.1862599203125 0.62483465625 0.2234623015625 0.6784060854166667 0.2234623015625 0.6784060854166667 0.1862599203125
1 0.6678240750000001 0.1367807546875 0.5742394187500001 0.1367807546875 0.5742394187500001 0.2154017859375 0.6678240750000001 0.2154017859375 0.6678240750000001 0.1367807546875
1 0.7227182541666667 0.060887896875 0.6297949729166666 0.060887896875 0.6297949729166666 0.1628224203125 0.7227182541666667 0.1628224203125 0.7227182541666667 0.060887896875
1 0.5254629625 0 0.5254629625 0.13814484062500001 0.6858465604166667 0.13814484062500001 0.6858465604166667 0 0.5254629625 0
1 0.9654431208333333 0.1308283734375 0.9174933854166666 0.1308283734375 0.9174933854166666 0.1600942453125 0.9654431208333333 0.1600942453125 0.9654431208333333 0.1308283734375
1 0.906911375 0.1329365078125 0.8824404770833334 0.1329365078125 0.8824404770833334 0.150545634375 0.906911375 0.150545634375 0.906911375 0.1329365078125
1 0.9049272479166667 0.5380704359374999 0.8602843916666667 0.5380704359374999 0.8602843916666667 0.5720486109375 0.9049272479166667 0.5720486109375 0.9049272479166667 0.5380704359374999
1 0.49090608541666664 0.6701388890625 0.26901454999999996 0.6701388890625 0.26901454999999996 0.86259920625 0.49090608541666664 0.86259920625 0.49090608541666664 0.6701388890625
1 0.28075396875 0.80927579375 0.1871693125 0.80927579375 0.1871693125 0.87822420625 0.28075396875 0.87822420625 0.28075396875 0.80927579375
1 0.29778439166666665 0.71924603125 0.17311507916666666 0.71924603125 0.17311507916666666 0.809027778125 0.29778439166666665 0.809027778125 0.29778439166666665 0.71924603125
1 0.24090608541666667 0.7021329359374999 0.10466269791666667 0.7021329359374999 0.10466269791666667 0.8179563484375001 0.24090608541666667 0.8179563484375001 0.24090608541666667 0.7021329359374999
1 0.86970899375 0.15699404687500002 0.8452380958333333 0.15699404687500002 0.8452380958333333 0.1741071421875 0.86970899375 0.1741071421875 0.86970899375 0.15699404687500002