4 0.2849291145833333 0.7827781546875 0.15110754999999998 0.7862830187500001 0.15589256041666666 0.8890515750000001 0.289714125 0.8855467109375 0.2849291145833333 0.7827781546875
3 0.5380805520833333 0.7591771640625 0.3740067729166666 0.7634743515625 0.3800097854166667 0.892402175 0.5440835624999999 0.8881049890625 0.5380805520833333 0.7591771640625
3 0.5319668104166666 0.6087380687499999 0.36113077083333334 0.6132123625 0.36894835833333334 0.7811121578125 0.5397843958333334 0.7766378625 0.5319668104166666 0.6087380687499999
3 0.21730140416666668 0.639028025 0.0064256708333333325 0.64455098125 0.014367541666666667 0.8151200890625001 0.22524327708333333 0.80959713125 0.21730140416666668 0.639028025
3 1 0.638865775 0.9910502229166667 0.446649703125 0.6885280687499999 0.4545729328125 0.6987195166666668 0.67345660625 1 0.665565896875 1 0.638865775
3 0.17617418333333335 0.4904413484375 0.009253137500000001 0.4948131078125 0.015641435416666665 0.6320158015625 0.18256248333333333 0.6276440421875 0.17617418333333335 0.4904413484375
3 0.76688045625 0.426864184375 0.5643685666666667 0.4321680875 0.5723104395833333 0.60273719375 0.7748223270833333 0.597433290625 0.76688045625 0.426864184375
5 0.3728378666666667 0.4322401359375 0.20591681875 0.43661189375 0.21196954375 0.5666074421875 0.37889059166666667 0.5622356828124999 0.3728378666666667 0.4322401359375
3 0.5676779395833333 0.361659240625 0.3366933770833333 0.36770885937500003 0.3446601083333333 0.538811828125 0.57564466875 0.532762209375 0.5676779395833333 0.361659240625
5 0.6955931125 0.34227365781249997 0.5119443708333333 0.3470835234375 0.5187428145833334 0.49309495156249994 0.7023915541666667 0.488285084375 0.6955931125 0.34227365781249997
4 0.2206807875 0.35190568906249997 0.05340383541666667 0.35628676875 0.05913341666666667 0.47934210312500003 0.22641037083333335 0.474961021875 0.2206807875 0.35190568906249997
4 0.5284517229166666 0.24242102656250003 0.33839663125 0.24739867968749998 0.34448664375 0.3781950203125 0.5345417354166667 0.3732173671875 0.5284517229166666 0.24242102656250003
4 0.7346723979166666 0.2096261625 0.558141825 0.21424959999999998 0.5648781229166667 0.358926371875 0.7414086979166666 0.354302934375 0.7346723979166666 0.2096261625