4 0.3953525645833333 0.13798076875 0.255608975 0.13798076875 0.255608975 0.246875 0.3953525645833333 0.246875 0.3953525645833333 0.13798076875
4 0.36330128125 0.266346153125 0.281891025 0.266346153125 0.281891025 0.35504807656250004 0.36330128125 0.35504807656250004 0.36330128125 0.266346153125
3 0.6998397437499999 0.303125 0.5485576916666666 0.303125 0.5485576916666666 0.42355769218750006 0.6998397437499999 0.42355769218750006 0.6998397437499999 0.303125
4 0.775641025 0.366466346875 0.6480769229166667 0.366466346875 0.6480769229166667 0.4556490390625 0.775641025 0.4556490390625 0.775641025 0.366466346875
4 0.65048076875 0.4084134609375 0.5043269229166667 0.4084134609375 0.5043269229166667 0.52764423125 0.65048076875 0.52764423125 0.65048076875 0.4084134609375
4 0.5706730770833333 0.4449519234375 0.41041666666666665 0.4449519234375 0.41041666666666665 0.566346153125 0.5706730770833333 0.566346153125 0.5706730770833333 0.4449519234375
3 0.8342948708333334 0.40264423125000004 0.6701923083333334 0.40264423125000004 0.6701923083333334 0.5293269234375 0.8342948708333334 0.5293269234375 0.8342948708333334 0.40264423125000004
4 0.8121794875 0.51923076875 0.7163461541666667 0.51923076875 0.7163461541666667 0.5449519234375 0.8121794875 0.5449519234375 0.8121794875 0.51923076875
4 0.8309294875000001 0.512259615625 0.7732371791666667 0.512259615625 0.7732371791666667 0.5514423078124999 0.8309294875000001 0.5514423078124999 0.8309294875000001 0.512259615625
4 0.8607371791666666 0.5403846156250001 0.7943910249999999 0.5403846156250001 0.7943910249999999 0.5887019234374999 0.8607371791666666 0.5887019234374999 0.8607371791666666 0.5403846156250001
4 0.6378205124999999 0.5532451921875 0.49262820416666664 0.5532451921875 0.49262820416666664 0.6724759609375 0.6378205124999999 0.6724759609375 0.6378205124999999 0.5532451921875
4 0.7064102562500001 0.6681490390625 0.58076923125 0.6681490390625 0.58076923125 0.763341346875 0.7064102562500001 0.763341346875 0.7064102562500001 0.6681490390625
4 0.6056089750000001 0.7306490390625 0.5075320520833333 0.7306490390625 0.5075320520833333 0.8131009609375001 0.6056089750000001 0.8131009609375001 0.6056089750000001 0.7306490390625