5 0.89285714375 0.3789682546875 0.7966269833333333 0.3789682546875 0.7966269833333333 0.45535714218749995 0.89285714375 0.45535714218749995 0.89285714375 0.3789682546875
5 1 0.168898809375 0.93154761875 0.168898809375 0.93154761875 0.2398313484375 1 0.2398313484375 1 0.168898809375
3 0.9720568791666667 0.21143353125000003 0.8959986770833334 0.21143353125000003 0.8959986770833334 0.2714533734375 0.9720568791666667 0.2714533734375 0.9720568791666667 0.21143353125000003
5 0.9985119041666667 0.262648809375 0.92476851875 0.262648809375 0.92476851875 0.3179563484375 0.9985119041666667 0.3179563484375 0.9985119041666667 0.262648809375
5 0.7772817458333333 0.34709821406249997 0.6972552916666667 0.34709821406249997 0.6972552916666667 0.4215029765625 0.7772817458333333 0.4215029765625 0.7772817458333333 0.34709821406249997
4 0.8959986770833334 0.45362103125 0.8136574083333333 0.45362103125 0.8136574083333333 0.5171130953125 0.8959986770833334 0.5171130953125 0.8959986770833334 0.45362103125
4 0.7858796291666666 0.40401785781250005 0.7104828041666666 0.40401785781250005 0.7104828041666666 0.46527777812500004 0.7858796291666666 0.46527777812500004 0.7858796291666666 0.40401785781250005
4 0.8012566145833334 0.43960813437499996 0.7344576729166667 0.43960813437499996 0.7344576729166667 0.4996279765625 0.8012566145833334 0.4996279765625 0.8012566145833334 0.43960813437499996
4 0.8113425916666667 0.48797122968749995 0.7485119041666667 0.48797122968749995 0.7485119041666667 0.5432787703125 0.8113425916666667 0.5432787703125 0.8113425916666667 0.48797122968749995
4 0.8510251312499999 0.5245535718750001 0.80042989375 0.5245535718750001 0.80042989375 0.565972221875 0.8510251312499999 0.565972221875 0.8510251312499999 0.5245535718750001
4 0.9052579375 0.542038690625 0.85003306875 0.542038690625 0.85003306875 0.582961309375 0.9052579375 0.582961309375 0.9052579375 0.542038690625
4 0.8951719583333334 0.572420634375 0.8416005291666667 0.572420634375 0.8416005291666667 0.6044146828125 0.8951719583333334 0.6044146828125 0.8951719583333334 0.572420634375
3 0.6871693125 0.3581349203125 0.6101190479166667 0.3581349203125 0.6101190479166667 0.4320436515625 0.6871693125 0.4320436515625 0.6871693125 0.3581349203125
5 0.593088625 0.40811011875 0.4697420625 0.40811011875 0.4697420625 0.5078125 0.593088625 0.5078125 0.593088625 0.40811011875
5 0.5527447083333333 0.3382936515625 0.43634259166666667 0.3382936515625 0.43634259166666667 0.4424603171875 0.5527447083333333 0.4424603171875 0.5527447083333333 0.3382936515625
3 0.60714285625 0.48859127031250005 0.4751984125 0.48859127031250005 0.4751984125 0.6078869046875 0.60714285625 0.6078869046875 0.60714285625 0.48859127031250005
5 0.4905753958333333 0.49441964218749995 0.3735119041666667 0.49441964218749995 0.3735119041666667 0.5904017859375 0.4905753958333333 0.5904017859375 0.4905753958333333 0.49441964218749995
4 0.44494047708333334 0.412946428125 0.3229166666666667 0.412946428125 0.3229166666666667 0.48387896875 0.44494047708333334 0.48387896875 0.44494047708333334 0.412946428125
3 0.36408730208333334 0.500744046875 0.20734127083333334 0.500744046875 0.20734127083333334 0.609623015625 0.36408730208333334 0.609623015625 0.36408730208333334 0.500744046875
3 0.5193452375000001 0.5904017859375 0.36259920625 0.5904017859375 0.36259920625 0.7109375 0.5193452375000001 0.7109375 0.5193452375000001 0.5904017859375
5 0.4037698416666667 0.5689484125 0.26951058125 0.5689484125 0.26951058125 0.6731150796875001 0.4037698416666667 0.6731150796875001 0.4037698416666667 0.5689484125
4 0.62417328125 0.7115575390625 0.5395171958333334 0.7115575390625 0.5395171958333334 0.7633928578125 0.62417328125 0.7633928578125 0.62417328125 0.7115575390625
4 0.6025132270833333 0.67373511875 0.50694444375 0.67373511875 0.50694444375 0.72333829375 0.6025132270833333 0.72333829375 0.6025132270833333 0.67373511875
4 0.6111111104166667 0.46812996093750003 0.5674603166666666 0.46812996093750003 0.5674603166666666 0.5281498015625 0.6111111104166667 0.5281498015625 0.6111111104166667 0.46812996093750003