3 0.6993065636743215 0.177029025 0.5463260083507306 0.18704616093749998 0.5581372212943633 0.288087315625 0.7111177766179541 0.2780701796875 0.6993065636743215 0.177029025
3 0.7225643402922756 0.23856462031249998 0.5665309603340293 0.2487816546875 0.581576903966597 0.377494884375 0.7376102839248435 0.36727785 0.7225643402922756 0.23856462031249998
3 0.8200905093945721 0.3023999671875 0.687462133611691 0.311084446875 0.7012616680584551 0.42913504218750004 0.8338900438413361 0.42045056406250003 0.8200905093945721 0.3023999671875
3 0.7083438768267223 0.3391358921875 0.5560417286012527 0.3491086046875 0.5685355010438413 0.455988821875 0.720837649269311 0.4460161078125 0.7083438768267223 0.3391358921875
3 0.5420384572025052 0.2453970171875 0.36768811482254693 0.2568134421875 0.38374305636743217 0.3941583265625 0.558093400835073 0.3827419015625 0.5420384572025052 0.2453970171875
3 0.48536287891440505 0.3234225109375 0.3540913173277662 0.332018146875 0.36631800208768267 0.43661351249999997 0.4975895636743215 0.4280178765625 0.48536287891440505 0.3234225109375
3 0.579994751565762 0.27770254687499996 0.5036740751565763 0.282700009375 0.5153072317327766 0.38221793125 0.5916279060542797 0.37722046875 0.579994751565762 0.27770254687499996
5 0.7759522171189979 0.41311634843749995 0.650107903966597 0.42135660937499997 0.6583579478079332 0.49193309375 0.784202260960334 0.48369283281250003 0.7759522171189979 0.41311634843749995
5 0.3863940981210856 0.3261936421875 0.21136534864300624 0.3376544890625 0.2271532025052192 0.47271452500000005 0.40218195198329854 0.461253678125 0.3863940981210856 0.3261936421875
3 0.8220769832985386 0.442200946875 0.6626515720250522 0.452640090625 0.6767181941544885 0.5729755359375 0.836143605427975 0.5625363921875 0.8220769832985386 0.442200946875
4 0.3667821377870564 0.446432015625 0.21142716075156578 0.456604628125 0.22507831315240084 0.5733858609375 0.3804332901878914 0.5632132484375 0.3667821377870564 0.446432015625
4 0.4994158141962422 0.50796853125 0.36746584759916495 0.5166085875 0.37856482881002085 0.611556809375 0.5105147954070981 0.6029167515625 0.4994158141962422 0.50796853125
4 0.8126157411273486 0.557169975 0.6905026576200417 0.565165915625 0.700206847599165 0.6481821390625 0.8223199290187891 0.6401862 0.8126157411273486 0.557169975
4 0.838046739039666 0.6051329562500001 0.7339114175365344 0.611951715625 0.7395796137787057 0.660441315625 0.8437149352818372 0.6536225546875001 0.838046739039666 0.6051329562500001
3 0.48549426931106476 0.749986175 0.3732180751565762 0.757337996875 0.38336740918580375 0.84416230625 0.4956436033402923 0.836810484375 0.48549426931106476 0.749986175
3 0.8524328058455115 0.7705989125 0.7920546722338204 0.774552459375 0.7995034530271399 0.8382743937500001 0.859881586638831 0.8343208453125 0.8524328058455115 0.7705989125
5 0.4078572985386221 0.739337178125 0.2796385615866388 0.7477329140625 0.2892833966597077 0.8302413953125001 0.41750213361169103 0.821845659375 0.4078572985386221 0.739337178125