3 0.5543269229166667 0.2717548078125 0.4152243583333333 0.2717548078125 0.4152243583333333 0.38954326875 0.5543269229166667 0.38954326875 0.5543269229166667 0.2717548078125
3 0.5235576916666667 0.3974759609375 0.39310897499999997 0.3974759609375 0.39310897499999997 0.49579326874999996 0.5235576916666667 0.49579326874999996 0.5235576916666667 0.3974759609375
3 0.6987179479166666 0.41574519218750006 0.5375 0.41574519218750006 0.5375 0.5493990390625 0.6987179479166666 0.5493990390625 0.6987179479166666 0.41574519218750006
3 0.6290064104166666 0.504447115625 0.4915064104166667 0.504447115625 0.4915064104166667 0.6092548078125 0.6290064104166666 0.6092548078125 0.6290064104166666 0.504447115625
3 0.5142628208333334 0.49230769218750003 0.40881410208333335 0.49230769218750003 0.40881410208333335 0.577403846875 0.5142628208333334 0.577403846875 0.5142628208333334 0.49230769218750003
5 0.45304487083333334 0.5490384609375 0.3645833333333333 0.5490384609375 0.3645833333333333 0.636778846875 0.45304487083333334 0.636778846875 0.45304487083333334 0.5490384609375
5 0.5556089750000001 0.5795673078125 0.43092948750000004 0.5795673078125 0.43092948750000004 0.68076923125 0.5556089750000001 0.68076923125 0.5556089750000001 0.5795673078125
4 0.49326923125 0.6235576921875 0.39358974375 0.6235576921875 0.39358974375 0.7009615390625 0.49326923125 0.7009615390625 0.49326923125 0.6235576921875
5 0 0.9271634609375001 0.0634615375 0.9271634609375001 0.0634615375 0.8324519234375 0 0.8324519234375 0 0.9271634609375001
4 0 0.9978365390624999 0.0996794875 0.9978365390624999 0.0996794875 0.9052884609375 0 0.9052884609375 0 0.9978365390624999
4 0.16875 0.96514423125 0.11650641041666666 0.96514423125 0.11650641041666666 0.9997596156249999 0.16875 0.9997596156249999 0.16875 0.96514423125
3 0.211858975 0.965625 0.14326923125000002 0.965625 0.14326923125000002 0.9997596156249999 0.211858975 0.9997596156249999 0.211858975 0.965625