1 0.29935897499999997 0.250721153125 0.18878205208333335 0.250721153125 0.18878205208333335 0.35576923125 0.29935897499999997 0.35576923125 0.29935897499999997 0.250721153125
1 0.33894230833333333 0.286658653125 0.28862179583333336 0.286658653125 0.28862179583333336 0.32704326875 0.33894230833333333 0.32704326875 0.33894230833333333 0.286658653125
1 0.28910256458333333 0.3423076921875 0.22179487083333335 0.3423076921875 0.22179487083333335 0.37139423125 0.28910256458333333 0.37139423125 0.28910256458333333 0.3423076921875
1 0.4065705125 0.3123798078125 0.28413461458333333 0.3123798078125 0.28413461458333333 0.4025240390625 0.4065705125 0.4025240390625 0.4065705125 0.3123798078125
1 0.3645833333333333 0.22992788437499997 0.3149038458333333 0.22992788437499997 0.3149038458333333 0.2683894234375 0.3645833333333333 0.2683894234375 0.3645833333333333 0.22992788437499997
2 0.41955128125 0.446153846875 0.3532051291666667 0.446153846875 0.3532051291666667 0.50264423125 0.41955128125 0.50264423125 0.41955128125 0.446153846875
1 0.3346153854166667 0.6151442312500001 0.20256410208333334 0.6151442312500001 0.20256410208333334 0.7257211531250001 0.3346153854166667 0.7257211531250001 0.3346153854166667 0.6151442312500001
1 0.20480769166666668 0.6282451921875001 0.08461538541666667 0.6282451921875001 0.08461538541666667 0.7270432687499999 0.20480769166666668 0.7270432687499999 0.20480769166666668 0.6282451921875001
1 0.25112179583333333 0.7899038468749999 0.20176282083333333 0.7899038468749999 0.20176282083333333 0.8324519234375 0.25112179583333333 0.8324519234375 0.25112179583333333 0.7899038468749999
2 0.21826923125 0.806009615625 0.14006410208333334 0.806009615625 0.14006410208333334 0.8646634609375001 0.21826923125 0.8646634609375001 0.21826923125 0.806009615625
1 0.43766025625 0.8519230765625 0.34759615416666667 0.8519230765625 0.34759615416666667 0.91298076875 0.43766025625 0.91298076875 0.43766025625 0.8519230765625
1 0.5065705125 0.777403846875 0.36394230833333335 0.777403846875 0.36394230833333335 0.894471153125 0.5065705125 0.894471153125 0.5065705125 0.777403846875
1 0.53798076875 0.7328125 0.42067307708333335 0.7328125 0.42067307708333335 0.8188701921874999 0.53798076875 0.8188701921874999 0.53798076875 0.7328125
2 0.6118589750000001 0.775240384375 0.5086538458333333 0.775240384375 0.5086538458333333 0.8764423078125001 0.6118589750000001 0.8764423078125001 0.6118589750000001 0.775240384375
2 0.37788461458333333 0.7941105765625001 0.31826923125 0.7941105765625001 0.31826923125 0.8626201921875 0.37788461458333333 0.8626201921875 0.37788461458333333 0.7941105765625001
1 0.7475961541666667 0.29362980781250003 0.5825320520833334 0.29362980781250003 0.5825320520833334 0.4484375 0.7475961541666667 0.4484375 0.7475961541666667 0.29362980781250003
1 0.9038461541666667 0.2796875 0.7304487187500001 0.2796875 0.7304487187500001 0.4171875 0.9038461541666667 0.4171875 0.9038461541666667 0.2796875
1 0.9549679479166666 0.334615384375 0.81233974375 0.334615384375 0.81233974375 0.4478365390625 0.9549679479166666 0.4478365390625 0.9549679479166666 0.334615384375
1 0.7221153854166666 0.4438701921875 0.64294871875 0.4438701921875 0.64294871875 0.4816105765625 0.7221153854166666 0.4816105765625 0.7221153854166666 0.4438701921875
1 0.8629807687500001 0.4144230765625 0.71330128125 0.4144230765625 0.71330128125 0.5115384609375 0.8629807687500001 0.5115384609375 0.8629807687500001 0.4144230765625
1 0.6027243583333333 0.30420673125 0.5447115375 0.30420673125 0.5447115375 0.3503605765625 0.6027243583333333 0.3503605765625 0.6027243583333333 0.30420673125
1 0.5666666666666667 0.28100961562500004 0.5137820520833334 0.28100961562500004 0.5137820520833334 0.3233173078125 0.5666666666666667 0.3233173078125 0.5666666666666667 0.28100961562500004