1 0 0.1073453609375 0.0185567 0.1073453609375 0.0185567 0.017912371875 0 0.017912371875 0 0.1073453609375
1 0.00841924375 0.3222938140625 0.11116838541666667 0.3222938140625 0.11116838541666667 0.25090206249999997 0.00841924375 0.25090206249999997 0.00841924375 0.3222938140625
1 0.05773195833333333 0.3460051546875 0.15910652916666665 0.3460051546875 0.15910652916666665 0.2898195875 0.05773195833333333 0.2898195875 0.05773195833333333 0.3460051546875
1 0 0.4439432984375 0.07680412291666668 0.4439432984375 0.07680412291666668 0.3867268046875 0 0.3867268046875 0 0.4439432984375
0 0.07714776666666667 0.5101804125 0.16546391666666665 0.5101804125 0.16546391666666665 0.44884020625 0.07714776666666667 0.44884020625 0.07714776666666667 0.5101804125
1 0.06013745625 0.5743556703125 0.14432989791666667 0.5743556703125 0.14432989791666667 0.5099226796874999 0.06013745625 0.5099226796874999 0.06013745625 0.5743556703125
2 0.16254295624999998 0.505927834375 0.21855670000000002 0.505927834375 0.21855670000000002 0.457989690625 0.16254295624999998 0.457989690625 0.16254295624999998 0.505927834375
0 0.09673539583333332 0.5673969078125001 0.20532646041666666 0.5673969078125001 0.20532646041666666 0.4836340203125 0.09673539583333332 0.4836340203125 0.09673539583333332 0.5673969078125001
2 0.07577319583333333 0.6155927828125 0.13694158125 0.6155927828125 0.13694158125 0.573582475 0.07577319583333333 0.573582475 0.07577319583333333 0.6155927828125
1 0.0819587625 0.6457474234375 0.13487972499999998 0.6457474234375 0.13487972499999998 0.61224226875 0.0819587625 0.61224226875 0.0819587625 0.6457474234375
2 0.12027491458333334 0.6548969078125 0.17182130625 0.6548969078125 0.17182130625 0.6121134015624999 0.12027491458333334 0.6121134015624999 0.12027491458333334 0.6548969078125
2 0.2946735395833333 0.8686855671875 0.40773195833333337 0.8686855671875 0.40773195833333337 0.7833762890625 0.2946735395833333 0.7833762890625 0.2946735395833333 0.8686855671875
2 0.22216494791666666 0.8109536078125 0.33109965625 0.8109536078125 0.33109965625 0.7199742265625 0.22216494791666666 0.7199742265625 0.22216494791666666 0.8109536078125
2 0.31357388333333336 0.7851804125 0.4451890041666667 0.7851804125 0.4451890041666667 0.68775773125 0.31357388333333336 0.68775773125 0.31357388333333336 0.7851804125
2 0.18625429583333333 0.71275773125 0.4030927833333333 0.71275773125 0.4030927833333333 0.5542525765625 0.18625429583333333 0.5542525765625 0.18625429583333333 0.71275773125
1 0.37766323124999995 0.6617268046875 0.5635738833333334 0.6617268046875 0.5635738833333334 0.5155927828125 0.37766323124999995 0.5155927828125 0.37766323124999995 0.6617268046875
1 0.37714776666666666 0.261469071875 0.495360825 0.261469071875 0.495360825 0.1759020625 0.37714776666666666 0.1759020625 0.37714776666666666 0.261469071875
1 0.4116838479166667 0.375128865625 0.6463917520833333 0.375128865625 0.6463917520833333 0.19420103125 0.4116838479166667 0.19420103125 0.4116838479166667 0.375128865625
1 0.6091065291666666 0.330670103125 0.8341924395833333 0.330670103125 0.8341924395833333 0.173711340625 0.6091065291666666 0.173711340625 0.6091065291666666 0.330670103125