4 0.6287693625 0.9826793125 0.6869101416666666 0.9880334046874999 0.6939214541666666 0.9452064921875 0.635780675 0.9398523984375 0.6287693625 0.9826793125
4 0.6766888520833334 0.9903855187499999 0.7213326625 0.994496696875 0.72749411875 0.956860925 0.68285030625 0.9527497468749999 0.6766888520833334 0.9903855187499999
5 0.6929842083333334 0.9723893421875 0.7473181520833333 0.97739286875 0.7542869708333334 0.9348255125 0.6999530291666667 0.9298219859374999 0.6929842083333334 0.9723893421875
4 0.44883911458333337 0.827524525 0.4955593833333333 0.8318269203125 0.501508375 0.795488934375 0.45478810625 0.7911865390624999 0.44883911458333337 0.827524525
4 0.44247461666666665 0.877129490625 0.48677235208333336 0.8812087984374999 0.4922964166666667 0.8474663828125 0.44799868125 0.8433870734375001 0.44247461666666665 0.877129490625
4 0.5345000458333333 0.4587823359375 0.5725684125 0.462287990625 0.5767752 0.43659184375000004 0.53870683125 0.4330861890625 0.5345000458333333 0.4587823359375
4 0.5804703354166667 0.45800973437500003 0.618192625 0.46148352031249995 0.6228243395833334 0.4331918015625 0.5851020499999999 0.42971801562499995 0.5804703354166667 0.45800973437500003
4 0.5850519083333333 0.47937752031249997 0.6276192625 0.48329748125 0.6327608916666667 0.45189107812499996 0.5901935354166666 0.44797111718749993 0.5850519083333333 0.47937752031249997
4 0.55740044375 0.5184594234375 0.5954688104166667 0.5219650796875 0.6004829604166667 0.4913373484375 0.56241459375 0.4878316921875 0.55740044375 0.5184594234375
4 0.6125018791666667 0.5048272484375 0.6519545499999999 0.5084603828125001 0.6567562354166667 0.47913043593750004 0.6173035645833332 0.4754973015625 0.6125018791666667 0.5048272484375
4 0.6341793729166666 0.47863218906249994 0.6805535645833333 0.48290271406249996 0.68569519375 0.45149631250000005 0.6393210020833333 0.44722578593750006 0.6341793729166666 0.47863218906249994
4 0.5660133604166667 0.535587721875 0.5988905875 0.538615334375 0.60284241875 0.514476528125 0.5699651916666666 0.5114489156250001 0.5660133604166667 0.535587721875