5 0.7075320520833334 0.22536057656250003 0.5770833333333333 0.22536057656250003 0.5770833333333333 0.3280048078125 0.7075320520833334 0.3280048078125 0.7075320520833334 0.22536057656250003
3 0.5706730770833333 0.2165865390625 0.40176282083333337 0.2165865390625 0.40176282083333337 0.3519230765625 0.5706730770833333 0.3519230765625 0.5706730770833333 0.2165865390625
3 0.5963141020833334 0.3467548078125 0.41394230833333334 0.3467548078125 0.41394230833333334 0.48737980781249995 0.5963141020833334 0.48737980781249995 0.5963141020833334 0.3467548078125
4 0.7201923083333334 0.421875 0.588141025 0.421875 0.588141025 0.5009615390625 0.7201923083333334 0.5009615390625 0.7201923083333334 0.421875
5 0.56955128125 0.46334134687499995 0.41410256458333333 0.46334134687499995 0.41410256458333333 0.57391826875 0.56955128125 0.57391826875 0.56955128125 0.46334134687499995
4 0.7727564104166667 0.475240384375 0.5923076916666666 0.475240384375 0.5923076916666666 0.5987980765625001 0.7727564104166667 0.5987980765625001 0.7727564104166667 0.475240384375
4 0.5482371791666666 0.5551682687499999 0.4283653854166667 0.5551682687499999 0.4283653854166667 0.632091346875 0.5482371791666666 0.632091346875 0.5482371791666666 0.5551682687499999
4 0.6153846145833334 0.5816105765625 0.5301282041666666 0.5816105765625 0.5301282041666666 0.630408653125 0.6153846145833334 0.630408653125 0.6153846145833334 0.5816105765625
4 0.6528846145833334 0.6009615390625 0.5346153854166666 0.6009615390625 0.5346153854166666 0.6925480765625001 0.6528846145833334 0.6925480765625001 0.6528846145833334 0.6009615390625
4 0.493108975 0.5938701921875 0.4235576916666667 0.5938701921875 0.4235576916666667 0.6373798078124999 0.493108975 0.6373798078124999 0.493108975 0.5938701921875
3 0.36987179583333335 0.5290865390625 0.2509615375 0.5290865390625 0.2509615375 0.61298076875 0.36987179583333335 0.61298076875 0.36987179583333335 0.5290865390625
3 0.2721153854166667 0.5907451921875 0.14615384583333332 0.5907451921875 0.14615384583333332 0.6895432687499999 0.2721153854166667 0.6895432687499999 0.2721153854166667 0.5907451921875
5 0.32323717916666667 0.6381009609375 0.21298076875 0.6381009609375 0.21298076875 0.73016826875 0.32323717916666667 0.73016826875 0.32323717916666667 0.6381009609375
4 0.4285256416666667 0.70576923125 0.34358974375 0.70576923125 0.34358974375 0.7730769234375 0.4285256416666667 0.7730769234375 0.4285256416666667 0.70576923125
4 0.3209935895833333 0.7330528843749999 0.24342948749999999 0.7330528843749999 0.24342948749999999 0.7943509609375 0.3209935895833333 0.7943509609375 0.3209935895833333 0.7330528843749999