1 0 0.161658653125 0.05641025625 0.161658653125 0.05641025625 0.0782451921875 0 0.0782451921875 0 0.161658653125
1 0.1427884625 0.295552884375 0.046955129166666665 0.295552884375 0.046955129166666665 0.3621394234375 0.1427884625 0.3621394234375 0.1427884625 0.295552884375
1 0.1875 0.3318509609375 0.09294871875 0.3318509609375 0.09294871875 0.3842548078125 0.1875 0.3842548078125 0.1875 0.3318509609375
1 0.11073717916666667 0.4222355765625 0.023557691666666665 0.4222355765625 0.023557691666666665 0.4756009609375 0.11073717916666667 0.4756009609375 0.11073717916666667 0.4222355765625
0 0.1934294875 0.48016826874999996 0.11105769166666667 0.48016826874999996 0.11105769166666667 0.5373798078124999 0.1934294875 0.5373798078124999 0.1934294875 0.48016826874999996
1 0.17371794791666667 0.5371394234375 0.09519230833333332 0.5371394234375 0.09519230833333332 0.5972355765625 0.17371794791666667 0.5972355765625 0.17371794791666667 0.5371394234375
2 0.24294871875000001 0.48870192343749996 0.19070512916666665 0.48870192343749996 0.19070512916666665 0.5334134609375 0.24294871875000001 0.5334134609375 0.24294871875000001 0.48870192343749996
0 0.230608975 0.5126201921875 0.12932692291666667 0.5126201921875 0.12932692291666667 0.5907451921875 0.230608975 0.5907451921875 0.230608975 0.5126201921875
2 0.16682692291666665 0.5965144234374999 0.10977564166666666 0.5965144234374999 0.10977564166666666 0.635697115625 0.16682692291666665 0.635697115625 0.16682692291666665 0.5965144234374999
1 0.16490384583333334 0.632572115625 0.11554487083333333 0.632572115625 0.11554487083333333 0.663822115625 0.16490384583333334 0.663822115625 0.16490384583333334 0.632572115625
2 0.199358975 0.6324519234375 0.15128205208333334 0.6324519234375 0.15128205208333334 0.6723557687499999 0.199358975 0.6723557687499999 0.199358975 0.6324519234375
2 0.41939102500000003 0.7921875 0.3139423083333333 0.7921875 0.3139423083333333 0.8717548078125 0.41939102500000003 0.8717548078125 0.41939102500000003 0.7921875
2 0.34791666666666665 0.7330528843749999 0.24631410208333332 0.7330528843749999 0.24631410208333332 0.817908653125 0.34791666666666665 0.817908653125 0.34791666666666665 0.7330528843749999
2 0.45432692291666665 0.7030048078125 0.33157051249999997 0.7030048078125 0.33157051249999997 0.7938701921875 0.45432692291666665 0.7938701921875 0.45432692291666665 0.7030048078125
2 0.41506410208333333 0.5784855765625 0.2128205125 0.5784855765625 0.2128205125 0.726322115625 0.41506410208333333 0.726322115625 0.41506410208333333 0.5784855765625
1 0.5647435895833334 0.542427884375 0.3913461541666667 0.542427884375 0.3913461541666667 0.6787259609375 0.5647435895833334 0.6787259609375 0.5647435895833334 0.542427884375
1 0.5011217958333334 0.22560096093749998 0.39086538541666666 0.22560096093749998 0.39086538541666666 0.305408653125 0.5011217958333334 0.305408653125 0.5011217958333334 0.22560096093749998
1 0.6419871791666666 0.24266826875 0.42307692291666665 0.24266826875 0.42307692291666665 0.41141826875 0.6419871791666666 0.41141826875 0.6419871791666666 0.24266826875
1 0.8171474354166667 0.2235576921875 0.6072115375 0.2235576921875 0.6072115375 0.3699519234375 0.8171474354166667 0.3699519234375 0.8171474354166667 0.2235576921875
2 0.48701923124999996 0 0.48701923124999996 0.0456730765625 0.5674679479166667 0.0456730765625 0.5674679479166667 0 0.48701923124999996 0