3 0.42980769166666666 0.049278846875 0.24519230833333333 0.049278846875 0.24519230833333333 0.1978365390625 0.42980769166666666 0.1978365390625 0.42980769166666666 0.049278846875
3 0.45657051249999997 0.2066105765625 0.28317307708333334 0.2066105765625 0.28317307708333334 0.33545673125 0.45657051249999997 0.33545673125 0.45657051249999997 0.2066105765625
3 0.6296474354166667 0.22055288437499998 0.4665064104166667 0.22055288437499998 0.4665064104166667 0.30829326875 0.6296474354166667 0.30829326875 0.6296474354166667 0.22055288437499998
4 0.37788461458333333 0.34723557656250004 0.3092948708333333 0.34723557656250004 0.3092948708333333 0.4056490390625 0.37788461458333333 0.4056490390625 0.37788461458333333 0.34723557656250004
4 0.32483974375 0.420552884375 0.20721153750000001 0.420552884375 0.20721153750000001 0.499158653125 0.32483974375 0.499158653125 0.32483974375 0.420552884375
5 0.38958333333333334 0.4394230765625 0.23477564166666667 0.4394230765625 0.23477564166666667 0.5694711531250001 0.38958333333333334 0.5694711531250001 0.38958333333333334 0.4394230765625
4 0.7011217958333333 0.4921875 0.5392628208333333 0.4921875 0.5392628208333333 0.60829326875 0.7011217958333333 0.60829326875 0.7011217958333333 0.4921875
4 0.4052884625 0.566466346875 0.29919871875 0.566466346875 0.29919871875 0.661658653125 0.4052884625 0.661658653125 0.4052884625 0.566466346875
4 0.31794871875 0.56766826875 0.17596153750000001 0.56766826875 0.17596153750000001 0.666466346875 0.31794871875 0.666466346875 0.31794871875 0.56766826875
4 0.4483974354166667 0.6485576921875 0.3336538458333333 0.6485576921875 0.3336538458333333 0.736778846875 0.4483974354166667 0.736778846875 0.4483974354166667 0.6485576921875
4 0.5915064104166666 0.661658653125 0.4274038458333333 0.661658653125 0.4274038458333333 0.7777644234375 0.5915064104166666 0.7777644234375 0.5915064104166666 0.661658653125
4 0.39198717916666664 0.7092548078124999 0.26089743541666666 0.7092548078124999 0.26089743541666666 0.80829326875 0.39198717916666664 0.80829326875 0.39198717916666664 0.7092548078124999
4 0.5357371791666666 0.7647836531250001 0.41618589791666666 0.7647836531250001 0.41618589791666666 0.864302884375 0.5357371791666666 0.864302884375 0.5357371791666666 0.7647836531250001
4 0.5828525645833333 0.7664663468749999 0.5270833333333333 0.7664663468749999 0.5270833333333333 0.8510817312500001 0.5828525645833333 0.8510817312500001 0.5828525645833333 0.7664663468749999
4 0.48108974375 0.8266826921874999 0.3842948708333333 0.8266826921874999 0.3842948708333333 0.9074519234375 0.48108974375 0.9074519234375 0.48108974375 0.8266826921874999
4 0.5508012812499999 0.8495192312500001 0.4828525645833333 0.8495192312500001 0.4828525645833333 0.9105769234375 0.5508012812499999 0.9105769234375 0.5508012812499999 0.8495192312500001
4 0.45304487083333334 0.7389423078124999 0.38317307708333337 0.7389423078124999 0.38317307708333337 0.818028846875 0.45304487083333334 0.818028846875 0.45304487083333334 0.7389423078124999