4 0.7985576916666666 0.0003605765625 0.6084935895833333 0.0003605765625 0.6084935895833333 0.054447115625 0.7985576916666666 0.054447115625 0.7985576916666666 0.0003605765625
4 0.750641025 0.12259615312500001 0.5740384625 0.12259615312500001 0.5740384625 0.269471153125 0.750641025 0.269471153125 0.750641025 0.12259615312500001
4 0.7375 0.25264423125 0.6038461541666666 0.25264423125 0.6038461541666666 0.318028846875 0.7375 0.318028846875 0.7375 0.25264423125
3 0.5508012812499999 0.32295673125 0.431891025 0.32295673125 0.431891025 0.41694711562500003 0.5508012812499999 0.41694711562500003 0.5508012812499999 0.32295673125
3 0.6908653854166666 0.33918269218749997 0.5610576916666666 0.33918269218749997 0.5610576916666666 0.44014423125 0.6908653854166666 0.44014423125 0.6908653854166666 0.33918269218749997
4 0.7706730770833333 0.3681490390625 0.6424679479166666 0.3681490390625 0.6424679479166666 0.45853365312500005 0.7706730770833333 0.45853365312500005 0.7706730770833333 0.3681490390625
3 0.5913461541666667 0.43137019218750006 0.44391025624999997 0.43137019218750006 0.44391025624999997 0.535697115625 0.5913461541666667 0.535697115625 0.5913461541666667 0.43137019218750006
3 0.750641025 0.438822115625 0.6054487187500001 0.438822115625 0.6054487187500001 0.5094951921875001 0.750641025 0.5094951921875001 0.750641025 0.438822115625
3 0.4653846145833333 0.470552884375 0.33108974375 0.470552884375 0.33108974375 0.5772836531250001 0.4653846145833333 0.5772836531250001 0.4653846145833333 0.470552884375
4 0.6384615375 0.5177884609375 0.51858974375 0.5177884609375 0.51858974375 0.609615384375 0.6384615375 0.609615384375 0.6384615375 0.5177884609375
4 0.74455128125 0.465625 0.6083333333333333 0.465625 0.6083333333333333 0.549759615625 0.74455128125 0.549759615625 0.74455128125 0.465625
4 0.7092948708333334 0.5543269234375 0.5951923083333334 0.5543269234375 0.5951923083333334 0.63701923125 0.7092948708333334 0.63701923125 0.7092948708333334 0.5543269234375
5 0.5647435895833334 0.5563701921875001 0.43012820416666664 0.5563701921875001 0.43012820416666664 0.6575721156250001 0.5647435895833334 0.6575721156250001 0.5647435895833334 0.5563701921875001
4 0.5987179479166667 0.6072115390625 0.5291666666666667 0.6072115390625 0.5291666666666667 0.6572115390625 0.5987179479166667 0.6572115390625 0.5987179479166667 0.6072115390625
5 0.4759615375 0.5712740390625 0.39006410208333336 0.5712740390625 0.39006410208333336 0.6650240390625 0.4759615375 0.6650240390625 0.4759615375 0.5712740390625
4 0.5855769229166667 0.6542067312500001 0.4673076916666667 0.6542067312500001 0.4673076916666667 0.7515625 0.5855769229166667 0.7515625 0.5855769229166667 0.6542067312500001
4 0.49567307708333336 0.6776442312500001 0.4046474354166667 0.6776442312500001 0.4046474354166667 0.7598557687499999 0.49567307708333336 0.7598557687499999 0.49567307708333336 0.6776442312500001
3 0.38092948750000005 0.732091346875 0.28830128125 0.732091346875 0.28830128125 0.805408653125 0.38092948750000005 0.805408653125 0.38092948750000005 0.732091346875
3 0.46762820416666667 0.74375 0.37980769166666667 0.74375 0.37980769166666667 0.8127403843750001 0.46762820416666667 0.8127403843750001 0.46762820416666667 0.74375
4 0.5769230770833332 0.7578125 0.45256410208333336 0.7578125 0.45256410208333336 0.850841346875 0.5769230770833332 0.850841346875 0.5769230770833332 0.7578125
4 0.47980769166666665 0.806009615625 0.3753205125 0.806009615625 0.3753205125 0.889903846875 0.47980769166666665 0.889903846875 0.47980769166666665 0.806009615625
3 0.4032051291666667 0.7902644234375 0.30897435833333337 0.7902644234375 0.30897435833333337 0.8688701921875 0.4032051291666667 0.8688701921875 0.4032051291666667 0.7902644234375
4 0.31842948750000005 0.8407451921875 0.2613782041666667 0.8407451921875 0.2613782041666667 0.8871394234375 0.31842948750000005 0.8871394234375 0.31842948750000005 0.8407451921875
4 0.27948717916666665 0.8747596156249999 0.21762820416666667 0.8747596156249999 0.21762820416666667 0.9269230765625001 0.27948717916666665 0.9269230765625001 0.27948717916666665 0.8747596156249999
4 0.07003205208333334 0.7969951921875 0.019711537499999997 0.7969951921875 0.019711537499999997 0.833533653125 0.07003205208333334 0.833533653125 0.07003205208333334 0.7969951921875
4 0.05608974375 0.8394230765625 0.01858974375 0.8394230765625 0.01858974375 0.8740384609375 0.05608974375 0.8740384609375 0.05608974375 0.8394230765625
4 0.026923077083333333 0.838341346875 0.0003205125 0.838341346875 0.0003205125 0.8753605765625 0.026923077083333333 0.8753605765625 0.026923077083333333 0.838341346875
5 0 0.7501201921875 0.041666666666666664 0.7501201921875 0.041666666666666664 0.7078125 0 0.7078125 0 0.7501201921875
4 0.050320512500000004 0.7330528843749999 0.00673076875 0.7330528843749999 0.00673076875 0.7691105765625 0.050320512500000004 0.7691105765625 0.050320512500000004 0.7330528843749999
4 0 0.7681490390625 0.0253205125 0.7681490390625 0.0253205125 0.7253605765625 0 0.7253605765625 0 0.7681490390625
4 0 0.7081730765625001 0.027564102083333333 0.7081730765625001 0.027564102083333333 0.653125 0 0.653125 0 0.7081730765625001
4 0 0.8259615390624999 0.016987179166666665 0.8259615390624999 0.016987179166666665 0.79014423125 0 0.79014423125 0 0.8259615390624999
4 0.1740384625 0.078846153125 0.11666666666666667 0.078846153125 0.11666666666666667 0.1300480765625 0.1740384625 0.1300480765625 0.1740384625 0.078846153125
4 0.20673076875 0.146634615625 0.15865384583333333 0.146634615625 0.15865384583333333 0.184375 0.20673076875 0.184375 0.20673076875 0.146634615625
4 0.21650641041666668 0.094471153125 0.16714743541666666 0.094471153125 0.16714743541666666 0.13918269218749998 0.21650641041666668 0.13918269218749998 0.21650641041666668 0.094471153125
4 0.20016025624999997 0.1921875 0.16875 0.1921875 0.16875 0.2152644234375 0.20016025624999997 0.2152644234375 0.20016025624999997 0.1921875
4 0.32836538541666666 0.1759615390625 0.28413461458333333 0.1759615390625 0.28413461458333333 0.21129807656250002 0.32836538541666666 0.21129807656250002 0.32836538541666666 0.1759615390625
4 0.3746794875 0.1673076921875 0.32628205208333333 0.1673076921875 0.32628205208333333 0.20360576875 0.3746794875 0.20360576875 0.3746794875 0.1673076921875
4 0.16778846249999999 0.0037259609375000003 0.10945512916666668 0.0037259609375000003 0.10945512916666668 0.054206731249999994 0.16778846249999999 0.054206731249999994 0.16778846249999999 0.0037259609375000003
4 0.0621794875 0 0.0621794875 0.043509615625 0.1121794875 0.043509615625 0.1121794875 0 0.0621794875 0
4 0.36762820416666664 0.224158653125 0.32916666666666666 0.224158653125 0.32916666666666666 0.2462740390625 0.36762820416666664 0.2462740390625 0.36762820416666664 0.224158653125
4 0.16073717916666666 0.17704326875 0.13798076874999998 0.17704326875 0.13798076874999998 0.1936298078125 0.16073717916666666 0.1936298078125 0.16073717916666666 0.17704326875