3 0.3971153854166667 0.44507211562500004 0.3009615375 0.44507211562500004 0.3009615375 0.504447115625 0.3971153854166667 0.504447115625 0.3971153854166667 0.44507211562500004
5 0.6847756416666667 0.31045673125 0.5786858979166667 0.31045673125 0.5786858979166667 0.38954326875 0.6847756416666667 0.38954326875 0.6847756416666667 0.31045673125
5 0.7426282041666667 0.355528846875 0.6230769229166667 0.355528846875 0.6230769229166667 0.44375 0.7426282041666667 0.44375 0.7426282041666667 0.355528846875
4 0.6631410249999999 0.4306490390625 0.5660256416666667 0.4306490390625 0.5660256416666667 0.5061298078124999 0.6631410249999999 0.5061298078124999 0.6631410249999999 0.4306490390625
4 0.6684294875 0.4699519234375 0.6033653854166666 0.4699519234375 0.6033653854166666 0.5137019234375 0.6684294875 0.5137019234375 0.6684294875 0.4699519234375
4 0.26442307708333335 0.393990384375 0.15833333333333333 0.393990384375 0.15833333333333333 0.47163461562500003 0.26442307708333335 0.47163461562500003 0.26442307708333335 0.393990384375
4 0.4046474354166667 0.47608173125000003 0.31330128125 0.47608173125000003 0.31330128125 0.539302884375 0.4046474354166667 0.539302884375 0.4046474354166667 0.47608173125000003
4 0.5136217958333333 0.49206730781249997 0.4165064104166667 0.49206730781249997 0.4165064104166667 0.55985576875 0.5136217958333333 0.55985576875 0.5136217958333333 0.49206730781249997
4 0.6283653854166666 0.5021634609375 0.5399038458333333 0.5021634609375 0.5399038458333333 0.566346153125 0.6283653854166666 0.566346153125 0.6283653854166666 0.5021634609375
4 0.6294871791666666 0.5712740390625 0.5951923083333334 0.5712740390625 0.5951923083333334 0.5984375 0.6294871791666666 0.5984375 0.6294871791666666 0.5712740390625
4 0.5496794875000001 0.5516826921875 0.4782051291666667 0.5516826921875 0.4782051291666667 0.6105769234375 0.5496794875000001 0.6105769234375 0.5496794875000001 0.5516826921875
4 0.40224358958333334 0.5389423078125 0.3272435895833333 0.5389423078125 0.3272435895833333 0.594471153125 0.40224358958333334 0.594471153125 0.40224358958333334 0.5389423078125
4 0.48685897499999997 0.57295673125 0.4048076916666667 0.57295673125 0.4048076916666667 0.6397836531250001 0.48685897499999997 0.6397836531250001 0.48685897499999997 0.57295673125
4 0.40352564166666666 0.5953125 0.32916666666666666 0.5953125 0.32916666666666666 0.6489182687499999 0.40352564166666666 0.6489182687499999 0.40352564166666666 0.5953125
4 0.35 0.5197115390625 0.3016025645833333 0.5197115390625 0.3016025645833333 0.577403846875 0.35 0.577403846875 0.35 0.5197115390625
4 0.3766025645833333 0.623197115625 0.29807692291666665 0.623197115625 0.29807692291666665 0.6777644234375 0.3766025645833333 0.6777644234375 0.3766025645833333 0.623197115625
4 0.4344551291666667 0.6192307687499999 0.37323717916666665 0.6192307687499999 0.37323717916666665 0.66875 0.4344551291666667 0.66875 0.4344551291666667 0.6192307687499999
4 0.6737179479166666 0.40228365312500003 0.5897435895833334 0.40228365312500003 0.5897435895833334 0.4558894234375 0.6737179479166666 0.4558894234375 0.6737179479166666 0.40228365312500003