3 0.5029845749999999 0.34927399531250003 0.6673363583333334 0.364408890625 0.6888939604166667 0.232729453125 0.5245421770833334 0.21759455625 0.5029845749999999 0.34927399531250003
4 1 0.3568534625 0.9421349291666666 0.351524759375 0.9303025625 0.42379994062500004 1 0.4302182671875 1 0.3568534625
5 0.41410486041666666 0.468598240625 0.5527147958333334 0.4813626109375 0.5703012624999999 0.373939909375 0.431691325 0.3611755390625 0.41410486041666666 0.468598240625
4 1 0.42984139531250004 0.9854772958333334 0.428504021875 0.9759141499999999 0.4869182078125 1 0.4891362359375 1 0.42984139531250004
5 0.5876348645833332 0.52691385625 0.7688178541666667 0.5435987124999999 0.7909832833333332 0.40820650625 0.60980029375 0.39152165 0.5876348645833332 0.52691385625
3 0.5034890854166666 0.5723042390625 0.6001860166666667 0.58120890625 0.61213995 0.508191171875 0.51544301875 0.4992865046875 0.5034890854166666 0.5723042390625
5 0.5583463375 0.6096414953125 0.62732128125 0.6159932890625 0.6364386895833333 0.5603017968749999 0.56746374375 0.553950003125 0.5583463375 0.6096414953125
4 0.27548494791666667 0.6083412953125 0.4200353104166667 0.621652709375 0.43899951666666664 0.5058144062500001 0.2944491541666666 0.49250299062499997 0.27548494791666667 0.6083412953125
4 0.41730843958333336 0.6270547078125001 0.5641689666666667 0.6405788625 0.5832547395833333 0.5239980046875 0.4363942125 0.51047385 0.41730843958333336 0.6270547078125001
4 0.36762172916666663 0.6942108203124999 0.5118420666666667 0.70749184375 0.5291854020833333 0.6015542515625001 0.3849650625 0.588273228125 0.36762172916666663 0.6942108203124999
4 0.27955033749999997 0.7369784546875 0.3957186645833334 0.7476762124999999 0.4102659958333333 0.65881734375 0.29409766666666665 0.6481195859375 0.27955033749999997 0.7369784546875
4 0.5104317333333334 0.6905282640625 0.5919475770833333 0.6980349296874999 0.60268585625 0.6324427265625 0.5211700145833333 0.6249360609375 0.5104317333333334 0.6905282640625
4 0.3771679958333333 0.7504903984375 0.46066398124999997 0.7581794125 0.4712806958333333 0.6933297640625 0.38778470833333334 0.68564075 0.3771679958333333 0.7504903984375
4 0.5860834020833334 0.73078544375 0.6606687479166666 0.7376538906250001 0.6701913729166667 0.6794872187500001 0.5956060270833333 0.6726187734375 0.5860834020833334 0.73078544375
4 0.5500650875 0.7471916453125 0.6088092979166666 0.7526013078125 0.6152117437500001 0.713493503125 0.5564675333333333 0.7080838421875 0.5500650875 0.7471916453125
4 0.4787889604166667 0.7508035375000001 0.5358830541666666 0.7560612421874999 0.5424475875 0.71596336875 0.48535349375 0.7107056640625 0.4787889604166667 0.7508035375000001
4 0.5301692666666666 0.7838006203125001 0.6014543791666667 0.790365153125 0.6106528291666666 0.734178625 0.53936771875 0.727614090625 0.5301692666666666 0.7838006203125001
4 0.42020144375 0.8559580125 0.5637617354166667 0.8691782531250001 0.5821181145833333 0.757052715625 0.4385578229166667 0.7438324749999999 0.42020144375 0.8559580125
4 0.32222515 0.8538448875 0.4350932395833333 0.8642387312500001 0.45069413750000004 0.7689444 0.3378260458333333 0.75855055625 0.32222515 0.8538448875