4 0.8864071336116911 0.0695813796875 0.79644503131524 0.0802455640625 0.8092634718162839 0.14081844062499999 0.8992255741127348 0.13015425625000002 0.8864071336116911 0.0695813796875
4 0.8594457849686847 0.231343909375 0.9471786910229646 0.22094397500000001 0.9333008747390398 0.15536507500000002 0.8455679707724426 0.1657650078125 0.8594457849686847 0.231343909375
4 0.9236212943632568 0.27864463437500003 0.9585140062630481 0.274508421875 0.9462782212943632 0.21668885625 0.9113855114822547 0.22082506875000002 0.9236212943632568 0.27864463437500003
3 0.207386872651357 0.1486618296875 0.10839511691022964 0.160396396875 0.12714605845511484 0.24900300468749997 0.22613781419624218 0.23726843749999998 0.207386872651357 0.1486618296875
5 0.3380649415448852 0.17974042968749998 0.22302047181628393 0.1933779 0.24304266388308976 0.2879917359375 0.35808713361169103 0.274354265625 0.3380649415448852 0.17974042968749998
4 0.22046078496868476 0.2371716578125 0.11043278914405011 0.2502144703125 0.12844216910229644 0.3353168609375 0.2384701649269311 0.3222740484375 0.22046078496868476 0.2371716578125
4 0.26317864091858034 0.31267400156249997 0.17455426722338202 0.3231796109375 0.18896177035490605 0.3912615234375 0.2775861440501044 0.3807559140625 0.26317864091858034 0.31267400156249997
4 0.2752700521920668 0.3787212453125 0.1829669311064718 0.3896629359375 0.19673881002087681 0.45474123593750004 0.2890419311064718 0.4437995453125 0.2752700521920668 0.3787212453125
4 0.3410216450939457 0.42698975 0.26677783089770357 0.43579067499999996 0.2789076764091858 0.4931096390625 0.35315149060542794 0.48430871406250003 0.3410216450939457 0.42698975
4 0.2780996743215031 0.454461821875 0.20352142588726513 0.463302390625 0.21422111691022963 0.5138632234375 0.28879936325678496 0.5050226546875 0.2780996743215031 0.454461821875
4 0.3399050939457202 0.48408289218749995 0.27736638622129434 0.491496284375 0.2871656054279749 0.5378019953125001 0.3497043152400835 0.5303886046875 0.3399050939457202 0.48408289218749995
4 0.3084129373695198 0.5110364984375 0.26527126096033404 0.51615055 0.2719982943632568 0.547938796875 0.3151399707724426 0.5428247453124999 0.3084129373695198 0.5110364984375
4 1 0.526940490625 0.9779194718162839 0.5295579359375 0.9845405678496868 0.5608455796875 1 0.5590130046875 1 0.526940490625
3 0.15356322338204592 0.64113315625 0.07463736534446763 0.65048909375 0.08634346137787055 0.7058056484375 0.16526931941544887 0.6964497109375001 0.15356322338204592 0.64113315625
5 0.13224732776617953 0.6845844890625 0.0452951127348643 0.694891878125 0.058908083507306884 0.7592192734375 0.1458603006263048 0.7489118828125 0.13224732776617953 0.6845844890625
3 0.5035920730688935 0.644413665625 0.41496769728601257 0.6549192749999999 0.428421764091858 0.7184957671875 0.517046139874739 0.7079901578125 0.5035920730688935 0.644413665625
3 0.5906470793319416 0.671041628125 0.4869732839248434 0.683331209375 0.50482375782881 0.7676826953125 0.6084975532359082 0.755393115625 0.5906470793319416 0.671041628125
4 0.6761711189979123 0.7673842828125 0.6082815052192068 0.7754319749999999 0.6204113528183716 0.8327509390625 0.6883009665970773 0.8247032453124999 0.6761711189979123 0.7673842828125
4 0.7492459791231733 0.7611594359375 0.6756710271398747 0.7698810734375 0.6869004050104384 0.82294491875 0.7604753569937369 0.81422328125 0.7492459791231733 0.7611594359375
5 0.736382279749478 0.7951416953125 0.6628073277661796 0.8038633328125 0.6745134237995825 0.8591798859375 0.748088375782881 0.8504582484375 0.736382279749478 0.7951416953125
3 0.6615111482254696 0.8001682812500001 0.5732212066805846 0.8106342453125001 0.5891648037578289 0.8859748937499999 0.6774547473903967 0.8755089281249999 0.6615111482254696 0.8001682812500001