4 0.08401425678496868 0.21606397500000002 0.18693064926931108 0.23670315937500003 0.22734554279749478 0.12381600625 0.1244291503131524 0.1031768203125 0.08401425678496868 0.21606397500000002
4 0.5244834196242171 0.11674985156249999 0.3514720375782881 0.08205359062499999 0.2995361565762004 0.2271212453125 0.4725475386221294 0.26181750625 0.5244834196242171 0.11674985156249999
4 0.44730692693110646 0.34202498124999997 0.27327181002087686 0.30712341875 0.22170167432150314 0.45116946875 0.39573679331941547 0.4860710328125 0.44730692693110646 0.34202498124999997
4 0.704952490605428 0.24094838749999997 0.5350123173277661 0.2068680359375 0.4800590354906054 0.3603639171875 0.6499992087682672 0.39444426875 0.704952490605428 0.24094838749999997
5 0.6892073653444677 0.495378034375 0.5274570814196242 0.46294011093750004 0.4771670563674321 0.6034105515625 0.6389173402922755 0.635848475 0.6892073653444677 0.495378034375
3 0.800434121085595 0.47279081562499997 0.6867994258872652 0.45000214843749997 0.6428185135699375 0.57284993125 0.7564532066805846 0.5956386 0.800434121085595 0.47279081562499997
5 0.8667256283924843 0.47253510781249997 0.7728831607515657 0.45371563750000005 0.7428005824634655 0.5377425015624999 0.8366430480167015 0.556561971875 0.8667256283924843 0.47253510781249997
5 0.7840502442588727 0.37246510625 0.5956828246346555 0.33468929687500004 0.5389922505219206 0.49303779375 0.7273596701461378 0.530813603125 0.7840502442588727 0.37246510625
5 0.9175282087682672 0.644775971875 0.7701102296450939 0.6152122953125 0.7306096993736951 0.725545440625 0.8780276805845512 0.7551091171875 0.9175282087682672 0.644775971875
4 0.9272401649269311 0.6053892390625 0.8344214342379958 0.586775071875 0.8118366409185804 0.64985906875 0.9046553716075156 0.6684732359375001 0.9272401649269311 0.6053892390625
4 0.7178458872651358 0.5956976890625 0.5919263611691024 0.57044538125 0.5556261064718163 0.6718395 0.6815456325678496 0.6970918078125 0.7178458872651358 0.5956976890625
4 0.8305421252609604 0.67167701875 0.7097412776617954 0.6474512265625 0.6762755532359082 0.7409279203125 0.7970763987473904 0.7651537109375 0.8305421252609604 0.67167701875
4 0.6173687682672234 0.669987209375 0.5044165657620041 0.647335409375 0.4693964196242171 0.7451539171875 0.5823486242171191 0.767805715625 0.6173687682672234 0.669987209375
4 0.7143425782881002 0.7229675249999999 0.6071915448851775 0.7014791109375 0.5730857640918581 0.796743609375 0.6802367974947807 0.8182320234375 0.7143425782881002 0.7229675249999999
4 0.5743831670146138 0.7752416421875 0.467232133611691 0.753753228125 0.43184624217119 0.8525933390624999 0.5389972755741127 0.874081753125 0.5743831670146138 0.7752416421875