4 0.22813774739039666 0.5726022562499999 0.36208332359081424 0.5902790171875 0.38570154279749475 0.49002912656250003 0.2517559665970773 0.4723523671875 0.22813774739039666 0.5726022562499999
5 0 0.5354472453125 0.14898677870563673 0.555108990625 0.17424690605427975 0.44788985625000005 0.009680083507306888 0.4261720171875 0 0.46726009843750005 0 0.5354472453125
4 0.1290840375782881 0.413876975 0.2651784718162839 0.43183731875 0.2873442317327766 0.337752528125 0.1512497974947808 0.319792184375 0.1290840375782881 0.413876975
3 0.5149574801670146 0.2689841046875 0.6138050146137788 0.2820289875 0.6295294446764091 0.215285075 0.5306819081419624 0.20224019375000002 0.5149574801670146 0.2689841046875
4 0.23506187682672233 0.36609151562500003 0.3435792797494781 0.38041252812500004 0.36296642588726513 0.2981218421875 0.2544490229645094 0.2838008296875 0.23506187682672233 0.36609151562500003
4 0.3497571941544885 0.3526223140625 0.4088508288100209 0.360420884375 0.4200915866388309 0.31270836874999997 0.36099794989561584 0.3049097984375 0.3497571941544885 0.3526223140625
4 0.3694011043841336 0.40482524062499997 0.4521321920668058 0.415743240625 0.466341012526096 0.3554324765625 0.3836099248434238 0.34451447812499997 0.3694011043841336 0.40482524062499997
5 0.3881842881002087 0.4732211046875 0.431161478079332 0.47889279218749997 0.43836061377870567 0.4483353390625 0.39538342588726516 0.4426636515625 0.3881842881002087 0.4732211046875
4 1 0.35938949062500003 0.9877641461377871 0.357774728125 0.9720397160751566 0.424518640625 1 0.4282085515625 1 0.35938949062500003
3 0.6118879979123174 0.2823287625 0.7017819540709812 0.2941920421875 0.7161170751565762 0.2333451828125 0.626223121085595 0.221481903125 0.6118879979123174 0.2823287625
4 0.6006401356993737 0.23524139375000003 0.64719875782881 0.24138572187500001 0.6566713048016701 0.20117854687499998 0.6101126826722337 0.1950342171875 0.6006401356993737 0.23524139375000003
4 0.5195076868475992 0.211268040625 0.6086853569937369 0.22303679375000002 0.6224521252609603 0.164602365625 0.5332744572025052 0.1528336125 0.5195076868475992 0.211268040625
4 0.7658234989561586 0.34368628125 0.8195449853862213 0.350775890625 0.829270133611691 0.3094965234375 0.7755486471816284 0.3024069125 0.7658234989561586 0.34368628125
5 0.7373761252609604 0.304555221875 0.8448191022964509 0.31873444218749997 0.8652798058455115 0.2318869421875 0.7578368288100209 0.217707721875 0.7373761252609604 0.304555221875
4 0.8493023361169102 0.29735374375 0.9205728434237995 0.30675929218750003 0.9335818079331941 0.2515414375 0.8623113027139875 0.2421358875 0.8493023361169102 0.29735374375
4 0.8112823340292276 0.213429259375 0.8854179853862213 0.2232129203125 0.8997531064718163 0.1623660609375 0.8256174572025051 0.1525824 0.8112823340292276 0.213429259375
4 1 0.1797413421875 0.9758066513569937 0.176548553125 0.9523778830897703 0.27599429999999997 1 0.282278978125 1 0.1797413421875