4 1 0.7716318234374999 0.9487438747390396 0.7716318234374999 0.9487438747390396 0.8201219515625 1 0.8201219515625 1 0.7716318234374999
4 0.9039350751565761 0.7865853656249999 0.9640680960334029 0.7865853656249999 0.9640680960334029 0.7398373984375 0.9039350751565761 0.7398373984375 0.9039350751565761 0.7865853656249999
4 0.8616479832985385 0.83507549375 0.9345835177453027 0.83507549375 0.9345835177453027 0.7857142859375 0.8616479832985385 0.7857142859375 0.8616479832985385 0.83507549375
4 0.6930815511482254 0.7672764234375 0.7590338956158664 0.7672764234375 0.7590338956158664 0.7231416953124999 0.6930815511482254 0.7231416953124999 0.6930815511482254 0.7672764234375
4 0.7425458100208768 0.8562717765625001 0.8154813423799583 0.8562717765625001 0.8154813423799583 0.805168409375 0.7425458100208768 0.805168409375 0.7425458100208768 0.8562717765625001
3 0.8180030501043841 0.9224738671875 0.9111122421711899 0.9224738671875 0.9111122421711899 0.8571428578125 0.8180030501043841 0.8571428578125 0.8180030501043841 0.9224738671875
3 0.7801774405010439 0.9894018578124999 0.8767782275574112 0.9894018578124999 0.8767782275574112 0.919715446875 0.7801774405010439 0.919715446875 0.7801774405010439 0.9894018578124999
3 0.6684464091858038 0.9718350750000001 0.7448735386221295 0.9718350750000001 0.7448735386221295 0.9047619046875001 0.6684464091858038 0.9047619046875001 0.6684464091858038 0.9718350750000001
4 0.19242566388308976 0.2627758421875 0.2971735052192067 0.2627758421875 0.2971735052192067 0.180023228125 0.19242566388308976 0.180023228125 0.19242566388308976 0.2627758421875
4 0.28301314822546975 0.31475029062500004 0.3668114217118998 0.31475029062500004 0.3668114217118998 0.2531939609375 0.28301314822546975 0.2531939609375 0.28301314822546975 0.31475029062500004
4 0.6023000876826722 0.18684669062499998 0.6989008747390397 0.18684669062499998 0.6989008747390397 0.107578396875 0.6023000876826722 0.107578396875 0.6023000876826722 0.18684669062499998
4 0.6564198058455115 0.2759872234375 0.7200444217118998 0.2759872234375 0.7200444217118998 0.22923925625 0.6564198058455115 0.22923925625 0.6564198058455115 0.2759872234375
4 0.5175319269311065 0.3041521484375 0.6024940647181628 0.3041521484375 0.6024940647181628 0.227497096875 0.5175319269311065 0.227497096875 0.5175319269311065 0.3041521484375
5 0.4056069185803758 0.323606271875 0.5305284196242172 0.323606271875 0.5305284196242172 0.226626015625 0.4056069185803758 0.226626015625 0.4056069185803758 0.323606271875
3 0.1452891356993737 0.68336236875 0.27370222964509394 0.68336236875 0.27370222964509394 0.5907375140625 0.1452891356993737 0.5907375140625 0.1452891356993737 0.68336236875
3 0.06498245720250521 0.603222996875 0.21356921085594988 0.603222996875 0.21356921085594988 0.49549941875 0.06498245720250521 0.49549941875 0.06498245720250521 0.603222996875
3 0.33364127348643 0.39605110312499997 0.43838911482254694 0.39605110312499997 0.43838911482254694 0.31387921093750004 0.33364127348643 0.31387921093750004 0.33364127348643 0.39605110312499997
3 0.3617680083507307 0.5184378625 0.4750508580375783 0.5184378625 0.4750508580375783 0.4461382109375 0.3617680083507307 0.4461382109375 0.3617680083507307 0.5184378625
3 0.3809717787056367 0.4805458765625 0.5233512526096034 0.4805458765625 0.5233512526096034 0.3667247390625 0.3809717787056367 0.3667247390625 0.3809717787056367 0.4805458765625
3 0.19805101043841336 0.47633565625 0.34663776409185804 0.47633565625 0.34663776409185804 0.36686991875 0.19805101043841336 0.36686991875 0.19805101043841336 0.47633565625