3 0.81875 0.23016826875000002 0.5979166666666667 0.23016826875000002 0.5979166666666667 0.3931490390625 0.81875 0.3931490390625 0.81875 0.23016826875000002
5 0.44375 0.2170673078125 0.22291666666666668 0.2170673078125 0.22291666666666668 0.38076923125 0.44375 0.38076923125 0.44375 0.2170673078125
4 0.6697115375 0.3668269234375 0.49919871875 0.3668269234375 0.49919871875 0.493990384375 0.6697115375 0.493990384375 0.6697115375 0.3668269234375
4 0.43493589791666665 0.42199519218750003 0.2503205125 0.42199519218750003 0.2503205125 0.5493990390625 0.43493589791666665 0.5493990390625 0.43493589791666665 0.42199519218750003
3 0.15769230833333334 0.5013221156250001 0.025 0.5013221156250001 0.025 0.5905048078124999 0.15769230833333334 0.5905048078124999 0.15769230833333334 0.5013221156250001
4 0.6136217958333333 0.5717548078125 0.4594551291666667 0.5717548078125 0.4594551291666667 0.6873798078125 0.6136217958333333 0.6873798078125 0.6136217958333333 0.5717548078125
4 0.4459935895833333 0.6114182687499999 0.30753205208333334 0.6114182687499999 0.30753205208333334 0.71983173125 0.4459935895833333 0.71983173125 0.4459935895833333 0.6114182687499999
4 0.4711538458333333 0.7048076921875001 0.36057692291666665 0.7048076921875001 0.36057692291666665 0.793509615625 0.4711538458333333 0.793509615625 0.4711538458333333 0.7048076921875001
4 0.5815705125 0.72548076875 0.443108975 0.72548076875 0.443108975 0.834615384375 0.5815705125 0.834615384375 0.5815705125 0.72548076875
4 0.49262820416666664 0.786658653125 0.43205128125 0.786658653125 0.43205128125 0.8364182687499999 0.49262820416666664 0.8364182687499999 0.49262820416666664 0.786658653125
4 0.5892628208333334 0.8049278843750001 0.5043269229166667 0.8049278843750001 0.5043269229166667 0.869591346875 0.5892628208333334 0.869591346875 0.5892628208333334 0.8049278843750001
4 0.50544871875 0.8903846156249999 0.46378205208333334 0.8903846156249999 0.46378205208333334 0.925 0.50544871875 0.925 0.50544871875 0.8903846156249999
3 0.16682692291666665 0.891346153125 0.11458333333333333 0.891346153125 0.11458333333333333 0.9362980765625 0.16682692291666665 0.9362980765625 0.16682692291666665 0.891346153125
5 0.2011217958333333 0.9181490390624999 0.14919871875000001 0.9181490390624999 0.14919871875000001 0.9606971156249999 0.2011217958333333 0.9606971156249999 0.2011217958333333 0.9181490390624999
3 0.6775641020833334 0.65625 0.60641025625 0.65625 0.60641025625 0.7050480765625 0.6775641020833334 0.7050480765625 0.6775641020833334 0.65625
4 0.8483974354166667 0.67704326875 0.7775641020833334 0.67704326875 0.7775641020833334 0.738341346875 0.8483974354166667 0.738341346875 0.8483974354166667 0.67704326875
4 0.8246794875 0.59639423125 0.7586538458333333 0.59639423125 0.7586538458333333 0.643990384375 0.8246794875 0.643990384375 0.8246794875 0.59639423125
5 0.6102564104166667 0.6668269234374999 0.5605769229166667 0.6668269234374999 0.5605769229166667 0.6987980765625 0.6102564104166667 0.6987980765625 0.6102564104166667 0.6668269234374999
4 0.6006410249999999 0.702403846875 0.5516025645833333 0.702403846875 0.5516025645833333 0.73701923125 0.6006410249999999 0.73701923125 0.6006410249999999 0.702403846875
4 0.8035256416666667 0.7159855765625001 0.7573717958333333 0.7159855765625001 0.7573717958333333 0.74891826875 0.8035256416666667 0.74891826875 0.8035256416666667 0.7159855765625001
4 0.7233974354166667 0.64735576875 0.6865384625 0.64735576875 0.6865384625 0.68125 0.7233974354166667 0.68125 0.7233974354166667 0.64735576875
4 0.6657051291666666 0.6957932687499999 0.6099358979166667 0.6957932687499999 0.6099358979166667 0.7344951921875 0.6657051291666666 0.7344951921875 0.6657051291666666 0.6957932687499999