3 0.32676282083333336 0.13197115312500002 0.1427884625 0.13197115312500002 0.1427884625 0.2646634609375 0.32676282083333336 0.2646634609375 0.32676282083333336 0.13197115312500002
3 0.47275641041666666 0.11045673125 0.32948717916666664 0.11045673125 0.32948717916666664 0.21838942343749998 0.47275641041666666 0.21838942343749998 0.47275641041666666 0.11045673125
3 0.38092948750000005 0.1756009609375 0.2649038458333333 0.1756009609375 0.2649038458333333 0.2782451921875 0.38092948750000005 0.2782451921875 0.38092948750000005 0.1756009609375
5 0.5381410249999999 0.196634615625 0.4362179479166667 0.196634615625 0.4362179479166667 0.27427884687500004 0.5381410249999999 0.27427884687500004 0.5381410249999999 0.196634615625
5 0.5094551291666667 0.2152644234375 0.3459935895833333 0.2152644234375 0.3459935895833333 0.3296875 0.5094551291666667 0.3296875 0.5094551291666667 0.2152644234375
5 0.38381410208333333 0.272115384375 0.255608975 0.272115384375 0.255608975 0.352884615625 0.38381410208333333 0.352884615625 0.38381410208333333 0.272115384375
5 0.24695512916666665 0.302283653125 0.08573717916666666 0.302283653125 0.08573717916666666 0.4131009609375 0.24695512916666665 0.4131009609375 0.24695512916666665 0.302283653125
4 0.7355769229166668 0.24639423124999998 0.6294871791666666 0.24639423124999998 0.6294871791666666 0.339903846875 0.7355769229166668 0.339903846875 0.7355769229166668 0.24639423124999998
4 0.7908653854166666 0.3109375 0.7046474354166666 0.3109375 0.7046474354166666 0.37608173125 0.7908653854166666 0.37608173125 0.7908653854166666 0.3109375
5 0.4203525645833333 0.3162259609375 0.32131410208333333 0.3162259609375 0.32131410208333333 0.36286057656250004 0.4203525645833333 0.36286057656250004 0.4203525645833333 0.3162259609375
4 0.5594551291666666 0.2921875 0.4780448708333333 0.2921875 0.4780448708333333 0.3498798078125 0.5594551291666666 0.3498798078125 0.5594551291666666 0.2921875
4 0.5403846145833333 0.33677884687500004 0.47756410208333333 0.33677884687500004 0.47756410208333333 0.375721153125 0.5403846145833333 0.375721153125 0.5403846145833333 0.33677884687500004
3 0.11875 0.39795673125 0.060096154166666665 0.39795673125 0.060096154166666665 0.4359375 0.11875 0.4359375 0.11875 0.39795673125
4 0.42980769166666666 0.372596153125 0.34871794791666666 0.372596153125 0.34871794791666666 0.4302884609375 0.42980769166666666 0.4302884609375 0.42980769166666666 0.372596153125
4 0.43557692291666666 0.41875 0.39871794791666665 0.41875 0.39871794791666665 0.4449519234375 0.43557692291666666 0.4449519234375 0.43557692291666666 0.41875
4 0.3610576916666667 0.40973557656250004 0.24919871875000002 0.40973557656250004 0.24919871875000002 0.4787259609375 0.3610576916666667 0.4787259609375 0.3610576916666667 0.40973557656250004
4 0.15496794791666665 0.44507211562500004 0.023878204166666663 0.44507211562500004 0.023878204166666663 0.522716346875 0.15496794791666665 0.522716346875 0.15496794791666665 0.44507211562500004
4 0.14839743541666667 0.5121394234375 0.06410256458333334 0.5121394234375 0.06410256458333334 0.5681490390625 0.14839743541666667 0.5681490390625 0.14839743541666667 0.5121394234375
4 0.29455128125 0.48701923125 0.20384615416666665 0.48701923125 0.20384615416666665 0.5550480765625 0.29455128125 0.5550480765625 0.29455128125 0.48701923125
5 0.169391025 0.40012019218750006 0.11746794791666666 0.40012019218750006 0.11746794791666666 0.43016826874999997 0.169391025 0.43016826874999997 0.169391025 0.40012019218750006
4 0.6427884625 0.3965144234375 0.5421474354166667 0.3965144234375 0.5421474354166667 0.4712740390625 0.6427884625 0.4712740390625 0.6427884625 0.3965144234375
4 0.6405448708333333 0.4503605765625 0.5735576916666666 0.4503605765625 0.5735576916666666 0.49050480781249994 0.6405448708333333 0.49050480781249994 0.6405448708333333 0.4503605765625
5 0.7663461541666667 0.6861778843749999 0.6830128208333334 0.6861778843749999 0.6830128208333334 0.7498798078125 0.7663461541666667 0.7498798078125 0.7663461541666667 0.6861778843749999
3 0.8391025645833333 0.725841346875 0.74294871875 0.725841346875 0.74294871875 0.8013221156249999 0.8391025645833333 0.8013221156249999 0.8391025645833333 0.725841346875
4 0.7732371791666667 0.7520432687499999 0.7296474354166667 0.7520432687499999 0.7296474354166667 0.7974759609375 0.7732371791666667 0.7974759609375 0.7732371791666667 0.7520432687499999