2 0.4548076916666667 0.6631009609375 0.34775641041666666 0.6631009609375 0.34775641041666666 0.742908653125 0.4548076916666667 0.742908653125 0.4548076916666667 0.6631009609375
2 0.5636217958333333 0.533052884375 0.3517628208333334 0.533052884375 0.3517628208333334 0.6912259609375 0.5636217958333333 0.6912259609375 0.5636217958333333 0.533052884375
1 0.7822115375 0.511778846875 0.5584935895833334 0.511778846875 0.5584935895833334 0.681490384375 0.7822115375 0.681490384375 0.7822115375 0.511778846875
1 0.38605769166666665 0.5550480765625 0.3274038458333333 0.5550480765625 0.3274038458333333 0.59735576875 0.38605769166666665 0.59735576875 0.38605769166666665 0.5550480765625
2 0.49599358958333334 0.38197115312499996 0.23894230833333333 0.38197115312499996 0.23894230833333333 0.550721153125 0.49599358958333334 0.550721153125 0.49599358958333334 0.38197115312499996
0 0 0.2081730765625 0.05320512916666666 0.2081730765625 0.05320512916666666 0.1478365390625 0 0.1478365390625 0 0.2081730765625
1 0.16538461458333334 0.2751201921875 0.029807691666666667 0.2751201921875 0.029807691666666667 0.3532451921875 0.16538461458333334 0.3532451921875 0.16538461458333334 0.2751201921875
1 0.08621794791666666 0.31165865312499996 0.0022435895833333333 0.31165865312499996 0.0022435895833333333 0.37704326875 0.08621794791666666 0.37704326875 0.08621794791666666 0.31165865312499996
1 0.12131410208333333 0.375 0.06041666666666667 0.375 0.06041666666666667 0.40913461562500003 0.12131410208333333 0.40913461562500003 0.12131410208333333 0.375
2 0.14358974375000003 0.40264423125000004 0.09871794791666666 0.40264423125000004 0.09871794791666666 0.43389423125000004 0.14358974375000003 0.43389423125000004 0.14358974375000003 0.40264423125000004
2 0.24006410208333331 0.2311298078125 0.14134615416666665 0.2311298078125 0.14134615416666665 0.3066105765625 0.24006410208333331 0.3066105765625 0.24006410208333331 0.2311298078125
1 0.8339743583333333 0 0.8339743583333333 0.09639423124999999 0.9987179479166667 0.09639423124999999 0.9987179479166667 0 0.8339743583333333 0