4 0.7911374008350731 0.8176206828125 0.9008513277661796 0.808990153125 0.8887528100208769 0.722837740625 0.779038885177453 0.7314682703125001 0.7911374008350731 0.8176206828125
4 0.880053096033403 0.7696600625000001 0.9804143590814196 0.7617652500000001 0.9699037745302714 0.6869203421875001 0.8695425114822546 0.69481515625 0.880053096033403 0.7696600625000001
4 0.7289382129436326 0.715266559375 0.858436617954071 0.705079703125 0.8438049749478079 0.60088913125 0.7143065678496868 0.6110759875 0.7289382129436326 0.715266559375
4 0.8346137056367432 0.68953288125 0.9461262212943632 0.6807608671875001 0.9346704384133612 0.5991853015624999 0.8231579227557411 0.6079573171875 0.8346137056367432 0.68953288125
4 0.6463074676409186 0.6305794859375 0.7819210751565762 0.6199115828124999 0.7667601231732777 0.51195184375 0.63114651565762 0.5226197453125 0.6463074676409186 0.6305794859375
4 0.7756325302713988 0.5893754203125 0.9008143215031316 0.5795281265625001 0.8887536137787057 0.49364493906250007 0.7635718225469729 0.503492234375 0.7756325302713988 0.5893754203125
4 0.7146810020876827 0.49590576249999996 0.847416866388309 0.485464234375 0.8351293110647182 0.39796569375 0.7023934467640919 0.40840722031250004 0.7146810020876827 0.49590576249999996
5 0.7202286471816285 0.403329528125 0.8572811273486429 0.3925484390625 0.8425738684759916 0.2878194140625 0.705521388308977 0.29860050312499997 0.7202286471816285 0.403329528125
5 0.5670893110647182 0.4329329984375 0.6893933590814196 0.4233120796875 0.6753288350730688 0.3231599015625 0.5530247870563674 0.332780821875 0.5670893110647182 0.4329329984375
5 0.48537389352818366 0.4972036421875 0.6065987891440501 0.4876676125 0.5932904196242171 0.392899959375 0.4720655240083507 0.4024359890625 0.48537389352818366 0.4972036421875
5 0.4353117807933194 0.297399725 0.570925388308977 0.2867318234375 0.5548570480167014 0.172310653125 0.41924344050104384 0.1829785546875 0.4353117807933194 0.297399725
5 0.36705443632567847 0.3746300234375 0.4983514321503132 0.36430168281249997 0.4843247139874739 0.26441873125000004 0.3530277202505219 0.27474707187499997 0.36705443632567847 0.3746300234375
4 0.4191792505219206 0.5787629859375001 0.532130636743215 0.5698777828125 0.5192003486430062 0.4778023953125 0.40624896033402924 0.48668759687499996 0.4191792505219206 0.5787629859375001
4 0.2952069227557411 0.4638473546875 0.41787069102296454 0.45419813906249995 0.4055075198329854 0.36616114375 0.282843751565762 0.3758103609375 0.2952069227557411 0.4638473546875
4 0.33456935699373697 0.6327816046875 0.44320413152400834 0.6242359640624999 0.43072753653444673 0.535391290625 0.32209276409185805 0.54393693125 0.33456935699373697 0.6327816046875
4 0.2551404384133612 0.537226846875 0.3709695678496868 0.5281152703124999 0.3589844759916493 0.44277053750000006 0.2431553465553236 0.45188211562499997 0.2551404384133612 0.537226846875
4 0.22570181628392486 0.622835928125 0.3300199770354906 0.6146298484375 0.31799707515657616 0.529015890625 0.21367891440501044 0.5372219687500001 0.22570181628392486 0.622835928125