4 0 0.9810741984375 0.1308316847599165 0.9862059343749999 0.1353523465553236 0.9216461984375 0 0.9163371453125 0 0.9810741984375
4 0.2534210668058455 0.869880621875 0.35185198747390395 0.873741471875 0.35715844885177456 0.7979596953125 0.2587275281837161 0.7940988453125 0.2534210668058455 0.869880621875
4 0.5003389060542798 0.9584681359375 0.5384411962421712 0.9599626593749999 0.5404010730688935 0.9319735703124999 0.502298782881002 0.9304790484375 0.5003389060542798 0.9584681359375
3 0.3311436931106472 0.42175563125000004 0.40346748851774533 0.42459245624999997 0.40701745511482257 0.373895240625 0.3346936597077244 0.37105841562499997 0.3311436931106472 0.42175563125000004
5 0.44029873486430066 0.33561706562500004 0.5105057348643006 0.3383708609375 0.5142775762004175 0.28450506875000003 0.4440705762004175 0.2817512734375 0.44029873486430066 0.33561706562500004
5 0.44256395198329856 0.36641961093750003 0.5099485594989561 0.3690627015625 0.5125740563674321 0.33156788593750003 0.44518944676409183 0.32892479531249996 0.44256395198329856 0.36641961093750003
5 0.5359152713987474 0.3973528609375 0.5881295240083507 0.399400909375 0.591235745302714 0.35504084687500004 0.5390214926931107 0.352992796875 0.5359152713987474 0.3973528609375
5 0.5504222421711901 0.3215348046875 0.6442667745302715 0.3252157578125 0.6496656826722338 0.2481137421875 0.5558211503131525 0.2444327890625 0.5504222421711901 0.3215348046875
4 0.5052672317327765 0.39297344375 0.5405471315240084 0.3943572609375 0.5428028392484343 0.3621434046875 0.5075229415448852 0.3607595890625 0.5052672317327765 0.39297344375
4 0.5250806826722338 0.3348385625 0.5963460793319415 0.337633871875 0.6006541127348644 0.27611068906249997 0.5293887139874739 0.27331537968749997 0.5250806826722338 0.3348385625
4 0.5068882985386222 0.3496142203125 0.5608665469728601 0.3517314609375 0.563917298538622 0.308163540625 0.5099390521920668 0.3060463 0.5068882985386222 0.3496142203125
4 0.6060230563674323 0.2853235703125 0.6769356534446764 0.2881050421875 0.6803377056367432 0.2395202109375 0.6094251085594989 0.23673873906249998 0.6060230563674323 0.2853235703125
3 0.6751052776617954 0.6881055953125 0.7343755093945721 0.6904304078125 0.737426260960334 0.6468624859375 0.6781560313152402 0.644537675 0.6751052776617954 0.6881055953125
4 0.6728118392484344 0.7183321703125001 0.7229092964509395 0.720297190625 0.7255717724425887 0.6822742796875 0.6754743152400835 0.680309259375 0.6728118392484344 0.7183321703125001
5 0.6979514968684759 0.619498740625 0.7882680396659708 0.6230413125 0.7927239874739039 0.5594057453125 0.7024074446764093 0.5558631734375 0.6979514968684759 0.619498740625
5 0.585587509394572 0.5923208843750001 0.66461448434238 0.595420634375 0.6688115824634655 0.5354817390625 0.589784605427975 0.5323819890625 0.585587509394572 0.5923208843750001
4 0.6555244091858038 0.561040725 0.7214978204592902 0.5636284625 0.725343617954071 0.5087064796874999 0.6593702066805845 0.5061187421875 0.6555244091858038 0.561040725
4 0.7053095344467641 0.5118922625 0.7723413423799582 0.5145215140625 0.7760577139874739 0.4614478671875 0.7090259060542797 0.4588186140625 0.7053095344467641 0.5118922625
5 0.9719596826722339 0.9102441109375 0.9103642860125262 0.9078280968750001 0.905446102296451 0.978064865625 0.9670414989561587 0.9804808796875 0.9719596826722339 0.9102441109375
4 0.9788007640918581 0.8125463515625 0.9232029498956158 0.8103655859375 0.9195790250521921 0.86211899375 0.9751768392484342 0.8642997593749999 0.9788007640918581 0.8125463515625
3 0.916206413361169 0.6980920796875 0.9691262630480167 0.7001678046875 0.9718996764091857 0.6605606046875 0.9189798267223381 0.6584848796875 0.916206413361169 0.6980920796875
4 0.874219077244259 0.6510365609375001 0.9243165344467641 0.6530015812500001 0.9266646889352819 0.6194674859375 0.8765672317327766 0.617502465625 0.874219077244259 0.6510365609375001
5 0.8370802400835073 0.6736741937499999 0.8832969081419624 0.67548699375 0.8858114697286013 0.639576465625 0.8395947995824634 0.637763665625 0.8370802400835073 0.6736741937499999
4 0.8167975615866389 0.7460884234375 0.866895018789144 0.74805344375 0.86915072651357 0.7158395890625 0.8190532693110648 0.71387456875 0.8167975615866389 0.7460884234375
4 0.6608589436325678 0.9218711031250001 0.6989612338204593 0.923365625 0.7013648580375783 0.8890393859374999 0.6632625657620042 0.8875448625000001 0.6608589436325678 0.9218711031250001
4 0.7738093402922755 0.922991796875 0.8260235908141963 0.925039846875 0.8285566409185804 0.8888652718750001 0.776342388308977 0.8868172234375 0.7738093402922755 0.922991796875
4 0.6754146283924845 0.8226225265625 0.7096361315240084 0.8239648296875 0.7117809039665971 0.7933352625000001 0.677559400835073 0.791992959375 0.6754146283924845 0.8226225265625
4 0.9075908141962421 0.667040446875 0.9509850918580376 0.668742540625 0.9529819478079332 0.6402253578125 0.9095876722338204 0.6385232625 0.9075908141962421 0.667040446875
4 0.056916770354906054 0.8469484875 0.09995824843423799 0.8486367453125 0.10223244467640918 0.8161588406250001 0.05919096868475992 0.814470584375 0.056916770354906054 0.8469484875
4 0.12036686638830899 0.8249457265625001 0.1651723382045929 0.8267031749999999 0.1672061732776618 0.7976578937500001 0.12240070146137787 0.795900446875 0.12036686638830899 0.8249457265625001
3 0.02555349269311065 0.12527034374999999 0.05836379958246347 0.12655729375 0.06145153027139874 0.08246127812500001 0.02864122338204593 0.081174328125 0.02555349269311065 0.12527034374999999
4 0.040454759916492694 0.1574952328125 0.09019941753653445 0.15944641406249999 0.09286189144050104 0.1214235015625 0.043117233820459296 0.11947231875 0.040454759916492694 0.1574952328125