4 0.8182870375 0.09114583281250001 0.7478505291666667 0.09114583281250001 0.7478505291666667 0.1566220234375 0.8182870375 0.1566220234375 0.8182870375 0.09114583281250001
4 0.7696759249999999 0.131696428125 0.6906415354166667 0.131696428125 0.6906415354166667 0.20486111093749998 0.7696759249999999 0.20486111093749998 0.7696759249999999 0.131696428125
4 0.7665343916666667 0.18998015937499999 0.69312169375 0.18998015937499999 0.69312169375 0.2232142859375 0.7665343916666667 0.2232142859375 0.7665343916666667 0.18998015937499999
4 0.6488095229166666 0.000248015625 0.5558862437500001 0.000248015625 0.5558862437500001 0.0570436515625 0.6488095229166666 0.0570436515625 0.6488095229166666 0.000248015625
4 0.6544312166666667 0.07130456406249999 0.5830026458333334 0.07130456406249999 0.5830026458333334 0.15017361093749998 0.6544312166666667 0.15017361093749998 0.6544312166666667 0.07130456406249999
4 0.5410052916666667 0.170758928125 0.47321428541666666 0.170758928125 0.47321428541666666 0.2124255953125 0.5410052916666667 0.2124255953125 0.5410052916666667 0.170758928125
4 0.5329034395833333 0.15699404687500002 0.47205687916666667 0.15699404687500002 0.47205687916666667 0.1956845234375 0.5329034395833333 0.1956845234375 0.5329034395833333 0.15699404687500002
3 0.5345568791666667 0.06287202343750001 0.37615740833333333 0.06287202343750001 0.37615740833333333 0.17919146875 0.5345568791666667 0.17919146875 0.5345568791666667 0.06287202343750001
3 0.4375 0.129836309375 0.31084656041666664 0.129836309375 0.31084656041666664 0.2342509921875 0.4375 0.2342509921875 0.4375 0.129836309375
3 0.45320767291666664 0.230034721875 0.32093253958333334 0.230034721875 0.32093253958333334 0.3029513890625 0.45320767291666664 0.3029513890625 0.45320767291666664 0.230034721875
4 0.45370370416666667 0.2642609125 0.31580687916666667 0.2642609125 0.31580687916666667 0.364459325 0.45370370416666667 0.364459325 0.45370370416666667 0.2642609125
4 0.44642857083333337 0.3570188484375 0.3230820104166667 0.3570188484375 0.3230820104166667 0.44109622968749995 0.44642857083333337 0.44109622968749995 0.44642857083333337 0.3570188484375
5 0.56299603125 0.3303571421875 0.43832671875 0.3303571421875 0.43832671875 0.424603175 0.56299603125 0.424603175 0.56299603125 0.3303571421875
3 0.10152116458333334 0.44146825468750006 0.00033068750000000004 0.44146825468750006 0.00033068750000000004 0.574652778125 0.10152116458333334 0.574652778125 0.10152116458333334 0.44146825468750006
3 0.06051587291666667 0.564608134375 0.00033068750000000004 0.564608134375 0.00033068750000000004 0.636284721875 0.06051587291666667 0.636284721875 0.06051587291666667 0.564608134375
4 0.4201388895833333 0.42373511875 0.280588625 0.42373511875 0.280588625 0.51376488125 0.4201388895833333 0.51376488125 0.4201388895833333 0.42373511875
4 0.5896164020833333 0.42770337343750003 0.4527116395833334 0.42770337343750003 0.4527116395833334 0.5214533734375 0.5896164020833333 0.5214533734375 0.5896164020833333 0.42770337343750003
4 0.6155753958333333 0.505332340625 0.45982142916666663 0.505332340625 0.45982142916666663 0.6214037703125 0.6155753958333333 0.6214037703125 0.6155753958333333 0.505332340625
4 0.4011243395833333 0.4976438484375 0.2771164020833333 0.4976438484375 0.2771164020833333 0.6052827375 0.4011243395833333 0.6052827375 0.4011243395833333 0.4976438484375
4 0.54976851875 0.643601190625 0.3959986770833333 0.643601190625 0.3959986770833333 0.7554563484375 0.54976851875 0.7554563484375 0.54976851875 0.643601190625
4 0.4424603166666667 0.6133432546875001 0.29298941875 0.6133432546875001 0.29298941875 0.7224702375 0.4424603166666667 0.7224702375 0.4424603166666667 0.6133432546875001
4 0.33482142916666663 0.5941220234375 0.20419973541666667 0.5941220234375 0.20419973541666667 0.6938244046875 0.33482142916666663 0.6938244046875 0.33482142916666663 0.5941220234375
4 0.39550264583333333 0.7175099203124999 0.25826719583333335 0.7175099203124999 0.25826719583333335 0.8244047625 0.39550264583333333 0.8244047625 0.39550264583333333 0.7175099203124999
4 0.26488095208333334 0.7462797625 0.12301587291666666 0.7462797625 0.12301587291666666 0.84697420625 0.26488095208333334 0.84697420625 0.26488095208333334 0.7462797625
4 0.16749338541666667 0.645957340625 0.04546957708333333 0.645957340625 0.04546957708333333 0.74541170625 0.16749338541666667 0.74541170625 0.16749338541666667 0.645957340625
3 0.6365740750000001 0.7477678578125 0.57473545 0.7477678578125 0.57473545 0.8020833328125001 0.6365740750000001 0.8020833328125001 0.6365740750000001 0.7477678578125
3 0.6135912708333334 0.7991071421875 0.53753306875 0.7991071421875 0.53753306875 0.8492063484375001 0.6135912708333334 0.8492063484375001 0.6135912708333334 0.7991071421875
3 0.5960648145833333 0.8189484125 0.5282738104166667 0.8189484125 0.5282738104166667 0.8710317453125 0.5960648145833333 0.8710317453125 0.5960648145833333 0.8189484125
5 0.6468253958333333 0.8484623015625001 0.5701058208333334 0.8484623015625001 0.5701058208333334 0.909722221875 0.6468253958333333 0.909722221875 0.6468253958333333 0.8484623015625001
5 0.6324404770833334 0.8990575390625001 0.5510912708333334 0.8990575390625001 0.5510912708333334 0.9632936515624999 0.6324404770833334 0.9632936515624999 0.6324404770833334 0.8990575390625001
4 0.5558862437500001 0.8686755953124999 0.4828042333333334 0.8686755953124999 0.4828042333333334 0.9254712296875001 0.5558862437500001 0.9254712296875001 0.5558862437500001 0.8686755953124999
5 0.5241402125 0.81845238125 0.4599867729166667 0.81845238125 0.4599867729166667 0.8710317453125 0.5241402125 0.8710317453125 0.5241402125 0.81845238125
4 0.5492724875 0.9427083328125001 0.48346560833333335 0.9427083328125001 0.48346560833333335 0.9955357140625001 0.5492724875 0.9955357140625001 0.5492724875 0.9427083328125001
4 0.4813161375 0.906994046875 0.42410714374999997 0.906994046875 0.42410714374999997 0.9570932546875 0.4813161375 0.9570932546875 0.4813161375 0.906994046875
3 0.73759920625 0.5531994046875 0.6969246041666667 0.5531994046875 0.6969246041666667 0.6015625 0.73759920625 0.6015625 0.73759920625 0.5531994046875
3 0.6727843916666667 0.5367063484375 0.6155753958333333 0.5367063484375 0.6155753958333333 0.581597221875 0.6727843916666667 0.581597221875 0.6727843916666667 0.5367063484375
5 0.7023809520833333 0.62177579375 0.6524470895833333 0.62177579375 0.6524470895833333 0.6607142859375 0.7023809520833333 0.6607142859375 0.7023809520833333 0.62177579375
4 0.4990079375 0.8487103171875001 0.43948412708333334 0.8487103171875001 0.43948412708333334 0.8998015875 0.4990079375 0.8998015875 0.4990079375 0.8487103171875001