5 1 0.2468344796875 0.97346484375 0.24223988749999997 0.9658366333333334 0.26702094375 0.9974720270833333 0.2724986484375 1 0.26428625625 1 0.2468344796875
5 1 0.21531783437500002 0.9826755020833333 0.21231807812499998 0.9733431166666667 0.242635328125 1 0.24725099843749998 1 0.21531783437500002
3 0.8757313750000001 0.239201209375 0.8381204104166666 0.232688828125 0.8284634208333334 0.264060590625 0.8660743854166667 0.27057297187499996 0.8757313750000001 0.239201209375
5 0.8717861625 0.218941675 0.83487820625 0.21255101875000001 0.8260327291666666 0.2412864984375 0.8629406854166667 0.247677153125 0.8717861625 0.218941675
5 0.83979678125 0.2332567734375 0.8092159020833333 0.22796165937500001 0.7980170395833334 0.264342359375 0.82859791875 0.2696374734375 0.83979678125 0.2332567734375
4 0.12926462916666667 0.4871774875 0.048770131249999994 0.47323977343749996 0.03148493125 0.52939259375 0.11197942916666667 0.5433303078125 0.12926462916666667 0.4871774875
4 0.13159608750000001 0.438709559375 0.05250760833333334 0.4250152984375 0.0356281625 0.479849978125 0.11471664375 0.4935442375 0.13159608750000001 0.438709559375
4 0.16207162916666668 0.4214943796875 0.09985535833333332 0.4107215609375 0.08760152916666668 0.450529428125 0.1498178020833333 0.461302246875 0.16207162916666668 0.4214943796875
4 0.14821953333333332 0.3768885609375 0.09373635833333333 0.3674547359375 0.0818882875 0.40594446250000005 0.13637146041666667 0.4153782875 0.14821953333333332 0.3768885609375
4 0.0991873875 0.3467395734375 0.04681323958333334 0.33767093125000003 0.03658819166666667 0.3708880921875 0.08896233958333334 0.3799567359375 0.0991873875 0.3467395734375
4 0.03256872291666667 0.40379135625 0.01727828333333333 0.4011438 0.002833372916666667 0.44806963125 0.018123814583333335 0.4507171875 0.03256872291666667 0.40379135625
4 0.047270758333333336 0.35482745000000004 0.032331825 0.35224075625 0.02129526458333333 0.3880942015625 0.0362342 0.3906808953125 0.047270758333333336 0.35482745000000004
4 0.6648299916666667 0.732496228125 0.5143861270833333 0.7064467015625 0.48078954166666665 0.815588803125 0.63123340625 0.8416383296875001 0.6648299916666667 0.732496228125
4 0.7526295666666667 0.6030277109375 0.5832044708333334 0.5736915609375 0.5468487437499999 0.691797025 0.7162738416666666 0.7211331734375 0.7526295666666667 0.6030277109375
4 0.6916799583333333 0.5177783812500001 0.5535387479166667 0.49385907187500006 0.52221439375 0.5956195828124999 0.6603556041666666 0.619538890625 0.6916799583333333 0.5177783812500001
4 0.8393600416666666 0.6977392609375 0.9465688687499999 0.7163025921874999 0.9855214333333334 0.5897610249999999 0.8783126062500001 0.5711976937500001 0.8393600416666666 0.6977392609375
4 0.9546565250000001 0.585388609375 0.9852374041666666 0.5906837234375 0.9916483479166666 0.569857090625 0.96106746875 0.5645619765625 0.9546565250000001 0.585388609375
4 0.9978121083333333 0.4716538671875 0.85228930625 0.446456428125 0.8171508479166667 0.560607465625 0.9626736499999999 0.58580490625 0.9978121083333333 0.4716538671875
4 0.9777746604166667 0.5896692203125 0.9851562541666666 0.5909473515625 0.99140489375 0.570647975 0.9840233020833333 0.56936984375 0.9777746604166667 0.5896692203125
4 1 0.32111379375000004 0.99323441875 0.3199423265625 0.9844700937499999 0.3484141796875 1 0.3511032 1 0.32111379375000004
4 0.9935971124999999 0.338609665625 0.954228625 0.3317929671875 0.94522084375 0.3610557046875 0.9845893333333334 0.36787240312499997 0.9935971124999999 0.338609665625
4 0.79899763125 0.422928409375 0.66577748125 0.3998611875 0.6340473729166667 0.5029398390625001 0.7672675229166667 0.526007059375 0.79899763125 0.422928409375
4 0.9382687416666666 0.3848431125 0.7997760270833333 0.360862940625 0.7648810229166667 0.47422309374999994 0.9033737375 0.49820326562500006 0.9382687416666666 0.3848431125
4 0.44106866666666666 0.1682428984375 0.41540884791666666 0.163799871875 0.4089167541666667 0.1848901328125 0.4345765729166667 0.1893331609375 0.44106866666666666 0.1682428984375
4 0.42899827916666666 0.1467153203125 0.40193244375 0.1420288390625 0.39535919999999997 0.16338272812500002 0.4224250333333333 0.168069209375 0.42899827916666666 0.1467153203125
4 0.42325451875000003 0.1298930390625 0.40110974375 0.1260586453125 0.3956726145833333 0.143721740625 0.4178173895833333 0.1475561328125 0.42325451875000003 0.1298930390625
4 0.4220534125 0.11274660624999999 0.40166616041666664 0.1092165296875 0.3967970895833333 0.125034225 0.4171843416666666 0.1285643015625 0.4220534125 0.11274660624999999
4 0.4560255729166667 0.13528970468749998 0.4388018583333333 0.13230740000000002 0.4337704854166667 0.1486523515625 0.4509942 0.15163465781250002 0.4560255729166667 0.13528970468749998
4 0.4438692875 0.151928209375 0.4259425645833333 0.1488241765625 0.42099234375 0.1649055015625 0.43891906458333335 0.168009534375 0.4438692875 0.151928209375
3 0.8042667020833334 0.1279730515625 0.7821219270833333 0.12413865937499999 0.7747371708333334 0.14812883125 0.7968819458333333 0.15196322499999998 0.8042667020833334 0.1279730515625
5 0.3851523479166667 0.159255125 0.36019553958333334 0.154933825 0.35475841041666667 0.17259691875 0.37971521875 0.17691821875 0.3851523479166667 0.159255125
4 0.74821134375 0.797193828125 0.9128911333333334 0.8257083218749999 0.9537101729166667 0.693103303125 0.7890303854166666 0.664588809375 0.74821134375 0.797193828125