4 0.32371794791666664 0.7490384609375 0.213141025 0.7490384609375 0.213141025 0.8389423078125 0.32371794791666664 0.8389423078125 0.32371794791666664 0.7490384609375
5 0.40705128125 0.552884615625 0.27596153749999996 0.552884615625 0.27596153749999996 0.653365384375 0.40705128125 0.653365384375 0.40705128125 0.552884615625
3 0.30977564166666666 0.49387019218750006 0.17708333333333334 0.49387019218750006 0.17708333333333334 0.600841346875 0.30977564166666666 0.600841346875 0.30977564166666666 0.49387019218750006
5 0.24935897499999998 0.485216346875 0.161858975 0.485216346875 0.161858975 0.5578125 0.24935897499999998 0.5578125 0.24935897499999998 0.485216346875
5 0.76875 0.474759615625 0.6225961541666667 0.474759615625 0.6225961541666667 0.5737980765625 0.76875 0.5737980765625 0.76875 0.474759615625
5 0.6213141020833334 0.42920673125000003 0.5145833333333333 0.42920673125000003 0.5145833333333333 0.517908653125 0.6213141020833334 0.517908653125 0.6213141020833334 0.42920673125000003
4 0.8996794875 0.5411057687499999 0.7548076916666666 0.5411057687499999 0.7548076916666666 0.639903846875 0.8996794875 0.639903846875 0.8996794875 0.5411057687499999
4 0.60625 0.5213942312500001 0.49951923125 0.5213942312500001 0.49951923125 0.603125 0.60625 0.603125 0.60625 0.5213942312500001
4 0.5286858979166666 0.514903846875 0.45881410208333334 0.514903846875 0.45881410208333334 0.5790865390625 0.5286858979166666 0.5790865390625 0.5286858979166666 0.514903846875
4 0.6016025645833333 0.582572115625 0.5195512812499999 0.582572115625 0.5195512812499999 0.6188701921875001 0.6016025645833333 0.6188701921875001 0.6016025645833333 0.582572115625
4 0.5235576916666667 0.4396634609375 0.4408653854166667 0.4396634609375 0.4408653854166667 0.5074519234375 0.5235576916666667 0.5074519234375 0.5235576916666667 0.4396634609375
5 0.6666666666666666 0.396153846875 0.55608974375 0.396153846875 0.55608974375 0.477884615625 0.6666666666666666 0.477884615625 0.6666666666666666 0.396153846875
5 0.5673076916666666 0.337259615625 0.46121794791666665 0.337259615625 0.46121794791666665 0.42019230781249994 0.5673076916666666 0.42019230781249994 0.5673076916666666 0.337259615625
3 0.5817307687500001 0.263822115625 0.47852564166666667 0.263822115625 0.47852564166666667 0.339302884375 0.5817307687500001 0.339302884375 0.5817307687500001 0.263822115625
3 0.6964743583333333 0.2943509609375 0.5711538458333333 0.2943509609375 0.5711538458333333 0.3921875 0.6964743583333333 0.3921875 0.6964743583333333 0.2943509609375
5 0.7365384625 0.27608173125 0.6621794875 0.27608173125 0.6621794875 0.3493990390625 0.7365384625 0.3493990390625 0.7365384625 0.27608173125
5 0.8594551291666667 0.23701923125 0.71330128125 0.23701923125 0.71330128125 0.334134615625 0.8594551291666667 0.334134615625 0.8594551291666667 0.23701923125
5 0.84326923125 0.31574519218749997 0.75576923125 0.31574519218749997 0.75576923125 0.3691105765625 0.84326923125 0.3691105765625 0.84326923125 0.31574519218749997