3 0.4346630020833333 0.8723126140625 0.33644929375000004 0.8748848890625001 0.34006438125000005 0.9525268046875001 0.4382780895833333 0.9499545312500001 0.4346630020833333 0.8723126140625
5 0.44027218125 0.7481573234375001 0.35760581874999997 0.750322403125 0.36055880208333335 0.8137441890625 0.44322516458333333 0.811579109375 0.44027218125 0.7481573234375001
4 0.33819000208333333 0.7654955125 0.24149310833333332 0.768028059375 0.24422097708333332 0.826615 0.34091786875 0.8240824531250001 0.33819000208333333 0.7654955125
4 0.29310687916666667 0.5474191937499999 0.12663654166666666 0.5517791484375001 0.13358863124999998 0.7010905265625 0.30005896875 0.696730571875 0.29310687916666667 0.5474191937499999
4 0.4116139729166666 0.44251749843750005 0.26827504999999996 0.44627162656249997 0.2737969979166667 0.564867521875 0.41713591875 0.5611133921875 0.4116139729166666 0.44251749843750005
4 0.3162707854166667 0.49043212656249996 0.17369026666666668 0.49416639218749997 0.17844417291666667 0.5962669359375 0.32102469166666664 0.5925326703125 0.3162707854166667 0.49043212656249996
3 0.5385352 0.4938652515625 0.38609539374999996 0.49785773750000006 0.3924515916666667 0.634370996875 0.5448913979166666 0.6303785109375 0.5385352 0.4938652515625
3 0.6839344666666667 0.5139761125 0.5451459854166667 0.5176110625 0.5502044583333333 0.6262528656249999 0.6889929395833333 0.622617915625 0.6839344666666667 0.5139761125
4 0.3712661666666667 0.7093878359375 0.2836701583333333 0.7116820265625 0.28680853125 0.7790854484375 0.37440453958333336 0.776791259375 0.3712661666666667 0.7093878359375
3 0.5936346583333333 0.40927532656250004 0.44726210625 0.4131089078125 0.45242651666666667 0.5240259328125 0.5987990687500001 0.5201923500000001 0.5936346583333333 0.40927532656250004
3 0.70640195625 0.4175694890625 0.58581524375 0.420727725 0.5906221166666668 0.5239658781250001 0.71120883125 0.5208076421875 0.70640195625 0.4175694890625
5 0.83784773125 0.3907773953125 0.7240866791666666 0.39375686249999997 0.7283373854166667 0.48505010468750004 0.8420984375 0.48207063593750005 0.83784773125 0.3907773953125
4 0.90210705625 0.29498471406250004 0.7837955645833333 0.2980833609375 0.7886024375 0.40132151406250005 0.90691393125 0.3982228671875 0.90210705625 0.29498471406250004
4 0.7883363812499999 0.326297003125 0.6650952416666667 0.32952475937500003 0.6701007479166667 0.437028953125 0.7933418875 0.433801196875 0.7883363812499999 0.326297003125
4 0.7981776041666666 0.2726487359375 0.7530523875 0.2738305921875 0.7567866541666667 0.35403213125 0.8019118708333333 0.3528502765625 0.7981776041666666 0.2726487359375
4 0.6840042541666667 0.31977516562499997 0.6051299270833332 0.3218409296875 0.6098573479166667 0.423372665625 0.688731675 0.4213069015625 0.6840042541666667 0.31977516562499997
4 0.771751925 0.2188113203125 0.6439603479166667 0.22215825625000002 0.6493631145833334 0.338194528125 0.7771546937499999 0.3348475921875 0.771751925 0.2188113203125
4 0.5945712125 0.311154615625 0.47208848125 0.31436250781249997 0.47692183958333334 0.418169465625 0.5994045708333334 0.41496157343749995 0.5945712125 0.311154615625
4 0.5790629749999999 0.2104747328125 0.45658024375 0.213682625 0.46200949583333334 0.3302877015625 0.5844922270833333 0.3270798078125 0.5790629749999999 0.2104747328125
4 0.7284462541666666 0.05521796875 0.6006546770833334 0.058564904687499995 0.6059250229166667 0.1717571484375 0.7337166020833333 0.1684102140625 0.7284462541666666 0.05521796875
4 0.604671825 0.06330043125 0.47081298958333334 0.066806271875 0.47613630416666664 0.181136128125 0.6099951416666667 0.1776302875 0.604671825 0.06330043125