5 0.7360576916666666 0.09639423124999999 0.4828525645833333 0.09639423124999999 0.4828525645833333 0.310096153125 0.7360576916666666 0.310096153125 0.7360576916666666 0.09639423124999999
5 0.39294871875 0.24362980781250002 0.09070512916666668 0.24362980781250002 0.09070512916666668 0.4628605765625 0.39294871875 0.4628605765625 0.39294871875 0.24362980781250002
4 0.45256410208333336 0.46117788437499996 0.23173076874999998 0.46117788437499996 0.23173076874999998 0.6275240390625 0.45256410208333336 0.6275240390625 0.45256410208333336 0.46117788437499996
4 0.62483974375 0.44423076874999995 0.4479166666666667 0.44423076874999995 0.4479166666666667 0.58125 0.62483974375 0.58125 0.62483974375 0.44423076874999995
4 0.5604166666666667 0.5894230765625 0.37676282083333335 0.5894230765625 0.37676282083333335 0.7302884609375 0.5604166666666667 0.7302884609375 0.5604166666666667 0.5894230765625
4 0.5741987187500001 0.74483173125 0.5261217958333334 0.74483173125 0.5261217958333334 0.7796875 0.5741987187500001 0.7796875 0.5741987187500001 0.74483173125
4 0.6790064104166667 0.8051682687499999 0.5741987187500001 0.8051682687499999 0.5741987187500001 0.88954326875 0.6790064104166667 0.88954326875 0.6790064104166667 0.8051682687499999
4 0.5847756416666667 0.8021634609375001 0.48766025625 0.8021634609375001 0.48766025625 0.8887019234375 0.5847756416666667 0.8887019234375 0.5847756416666667 0.8021634609375001
4 0.6900641020833334 0.7515625 0.6016025645833333 0.7515625 0.6016025645833333 0.8215144234375 0.6900641020833334 0.8215144234375 0.6900641020833334 0.7515625
3 0.9650641020833334 0.599278846875 0.9160256416666667 0.599278846875 0.9160256416666667 0.6322115390625 0.9650641020833334 0.6322115390625 0.9650641020833334 0.599278846875
3 0.97516025625 0.611778846875 0.9463141020833333 0.611778846875 0.9463141020833333 0.6459134609375 0.97516025625 0.6459134609375 0.97516025625 0.611778846875
3 0.9565705125 0.63798076875 0.9043269229166667 0.63798076875 0.9043269229166667 0.659615384375 0.9565705125 0.659615384375 0.9565705125 0.63798076875
4 0.5027243583333333 0.7271634609375 0.4607371791666666 0.7271634609375 0.4607371791666666 0.7519230765625 0.5027243583333333 0.7519230765625 0.5027243583333333 0.7271634609375