1 0.5322115374999999 0.2900240390625 0.28766025624999997 0.2900240390625 0.28766025624999997 0.46766826874999995 0.5322115374999999 0.46766826874999995 0.5322115374999999 0.2900240390625
1 0.29647435833333335 0.4734375 0.16666666666666666 0.4734375 0.16666666666666666 0.5722355765625 0.29647435833333335 0.5722355765625 0.29647435833333335 0.4734375
1 0.6136217958333333 0.4769230765625 0.26201923125 0.4769230765625 0.26201923125 0.731009615625 0.6136217958333333 0.731009615625 0.6136217958333333 0.4769230765625
1 0.22692307708333334 0.683653846875 0.14358974375000003 0.683653846875 0.14358974375000003 0.74639423125 0.22692307708333334 0.74639423125 0.22692307708333334 0.683653846875
1 0.28044871875 0.690625 0.21666666666666667 0.690625 0.21666666666666667 0.7420673078125 0.28044871875 0.7420673078125 0.28044871875 0.690625
1 0.27131410208333334 0.734134615625 0.19503205208333335 0.734134615625 0.19503205208333335 0.787259615625 0.27131410208333334 0.787259615625 0.27131410208333334 0.734134615625
2 0.2719551291666667 0.8549278843750001 0.1302884625 0.8549278843750001 0.1302884625 0.9611778843750001 0.2719551291666667 0.9611778843750001 0.2719551291666667 0.8549278843750001
1 0.20080128125 0.9549278843750001 0.1052884625 0.9549278843750001 0.1052884625 0.9996394234375 0.20080128125 0.9996394234375 0.20080128125 0.9549278843750001
2 0.13733974375000002 0.896875 0.09567307708333334 0.896875 0.09567307708333334 0.9764423078125001 0.13733974375000002 0.9764423078125001 0.13733974375000002 0.896875
1 0.1309294875 0.8516826921874999 0.09342948749999999 0.8516826921874999 0.09342948749999999 0.8963942312500001 0.1309294875 0.8963942312500001 0.1309294875 0.8516826921874999
1 0.11410256458333333 0.8212740390625 0.08846153749999999 0.8212740390625 0.08846153749999999 0.8573317312500001 0.11410256458333333 0.8573317312500001 0.11410256458333333 0.8212740390625
1 0.16955128125 0.8222355765625 0.113141025 0.8222355765625 0.113141025 0.8669471156249999 0.16955128125 0.8669471156249999 0.16955128125 0.8222355765625
1 0.99919871875 0.43509615312500005 0.9286858979166667 0.43509615312500005 0.9286858979166667 0.48173076875 0.99919871875 0.48173076875 0.99919871875 0.43509615312500005
1 0.6685897437499999 0.546875 0.624358975 0.546875 0.624358975 0.58173076875 0.6685897437499999 0.58173076875 0.6685897437499999 0.546875
1 0.7011217958333333 0.566947115625 0.6655448708333334 0.566947115625 0.6655448708333334 0.5953125 0.7011217958333333 0.5953125 0.7011217958333333 0.566947115625