4 0.7855769229166667 0.00012019218750000001 0.6708333333333333 0.00012019218750000001 0.6708333333333333 0.0777644234375 0.7855769229166667 0.0777644234375 0.7855769229166667 0.00012019218750000001
4 0.7283653854166666 0.062019231249999994 0.6463141020833334 0.062019231249999994 0.6463141020833334 0.134134615625 0.7283653854166666 0.134134615625 0.7283653854166666 0.062019231249999994
4 0.6754807687500001 0.11790865312500001 0.6427884625 0.11790865312500001 0.6427884625 0.1436298078125 0.6754807687500001 0.1436298078125 0.6754807687500001 0.11790865312500001
3 0.6149038458333334 0.08954326875 0.5001602562499999 0.08954326875 0.5001602562499999 0.18954326875 0.6149038458333334 0.18954326875 0.6149038458333334 0.08954326875
3 0.4075320520833333 0.11971153906250001 0.31330128125 0.11971153906250001 0.31330128125 0.20216346093749998 0.4075320520833333 0.20216346093749998 0.4075320520833333 0.11971153906250001
3 0.5733974354166667 0.168028846875 0.47948717916666667 0.168028846875 0.47948717916666667 0.2574519234375 0.5733974354166667 0.2574519234375 0.5733974354166667 0.168028846875
3 0.5096153854166666 0.199759615625 0.43108974375000003 0.199759615625 0.43108974375000003 0.28173076875 0.5096153854166666 0.28173076875 0.5096153854166666 0.199759615625
3 0.37996794791666666 0.20048076875 0.26105769166666665 0.20048076875 0.26105769166666665 0.294471153125 0.37996794791666666 0.294471153125 0.37996794791666666 0.20048076875
5 0.41442307708333337 0.264903846875 0.30416666666666664 0.264903846875 0.30416666666666664 0.3355769234375 0.41442307708333337 0.3355769234375 0.41442307708333337 0.264903846875
5 0.38477564166666667 0.3021634609375 0.26682692291666665 0.3021634609375 0.26682692291666665 0.3925480765625 0.38477564166666667 0.3925480765625 0.38477564166666667 0.3021634609375
4 0.5022435895833334 0.2790865390625 0.41121794791666666 0.2790865390625 0.41121794791666666 0.349278846875 0.5022435895833334 0.349278846875 0.5022435895833334 0.2790865390625
4 0.4538461541666667 0.33617788437499996 0.37692307708333334 0.33617788437499996 0.37692307708333334 0.3813701921875 0.4538461541666667 0.3813701921875 0.4538461541666667 0.33617788437499996
4 0.48429487083333334 0.35829326875 0.3855769229166667 0.35829326875 0.3855769229166667 0.42992788437499996 0.48429487083333334 0.42992788437499996 0.48429487083333334 0.35829326875
4 0.3975961541666667 0.38737980781250003 0.29695512916666666 0.38737980781250003 0.29695512916666666 0.45612980781249995 0.3975961541666667 0.45612980781249995 0.3975961541666667 0.38737980781250003
4 0.41394230833333334 0.4155048078125 0.33958333333333335 0.4155048078125 0.33958333333333335 0.467908653125 0.41394230833333334 0.467908653125 0.41394230833333334 0.4155048078125
4 0.46233974375000003 0.4233173078125 0.40144230833333333 0.4233173078125 0.40144230833333333 0.46899038437499996 0.46233974375000003 0.46899038437499996 0.46233974375000003 0.4233173078125
4 0.48669871875 0.4599759609375 0.39278846250000005 0.4599759609375 0.39278846250000005 0.5287259609375 0.48669871875 0.5287259609375 0.48669871875 0.4599759609375
4 0.40641025625 0.46923076874999997 0.3641025645833333 0.46923076874999997 0.3641025645833333 0.5221153843749999 0.40641025625 0.5221153843749999 0.40641025625 0.46923076874999997
3 0.1072115375 0.396875 0.0690705125 0.396875 0.0690705125 0.42139423125000003 0.1072115375 0.42139423125000003 0.1072115375 0.396875
4 0.4602564104166667 0.521153846875 0.38141025624999997 0.521153846875 0.38141025624999997 0.57548076875 0.4602564104166667 0.57548076875 0.4602564104166667 0.521153846875
4 0.36875 0.5405048078125 0.29983974375 0.5405048078125 0.29983974375 0.58954326875 0.36875 0.58954326875 0.36875 0.5405048078125
4 0.4084935895833333 0.5703125 0.35080128125 0.5703125 0.35080128125 0.6171875 0.4084935895833333 0.6171875 0.4084935895833333 0.5703125
4 0.99983974375 0.9004807687499999 0.9729166666666667 0.9004807687499999 0.9729166666666667 0.9545673078125001 0.99983974375 0.9545673078125001 0.99983974375 0.9004807687499999
3 0.48782051249999997 0.726802884375 0.36826923125 0.726802884375 0.36826923125 0.8217548078125001 0.48782051249999997 0.8217548078125001 0.48782051249999997 0.726802884375
3 0.5371794875 0.7284855765625 0.46698717916666665 0.7284855765625 0.46698717916666665 0.78641826875 0.5371794875 0.78641826875 0.5371794875 0.7284855765625
3 0.6450320520833334 0.7739182687499999 0.5636217958333333 0.7739182687499999 0.5636217958333333 0.8525240390625 0.6450320520833334 0.8525240390625 0.6450320520833334 0.7739182687499999
3 0.5975961541666667 0.775 0.4790064104166667 0.775 0.4790064104166667 0.871875 0.5975961541666667 0.871875 0.5975961541666667 0.775
3 0.5889423083333334 0.8675480765625 0.4475961541666667 0.8675480765625 0.4475961541666667 0.9860576921875 0.5889423083333334 0.9860576921875 0.5889423083333334 0.8675480765625
3 0.05769230833333334 0.5956730765625 0.0003205125 0.5956730765625 0.0003205125 0.643990384375 0.05769230833333334 0.643990384375 0.05769230833333334 0.5956730765625
3 0.09919871875000001 0.5657451921875001 0.040865385416666664 0.5657451921875001 0.040865385416666664 0.603966346875 0.09919871875000001 0.603966346875 0.09919871875000001 0.5657451921875001