3 0.15608465625 0.4443204359375 0.0016534395833333333 0.4443204359375 0.0016534395833333333 0.583457340625 0.15608465625 0.583457340625 0.15608465625 0.4443204359375
3 0.11259920625 0.570064484375 0.0014880958333333334 0.570064484375 0.0014880958333333334 0.645709325 0.11259920625 0.645709325 0.11259920625 0.570064484375
3 0.6048280416666666 0.060639881250000006 0.44179894166666667 0.060639881250000006 0.44179894166666667 0.1781994046875 0.6048280416666666 0.1781994046875 0.6048280416666666 0.060639881250000006
3 0.5171957666666667 0.1281001984375 0.3773148145833333 0.1281001984375 0.3773148145833333 0.23697916718749998 0.5171957666666667 0.23697916718749998 0.5171957666666667 0.1281001984375
3 0.5193452375000001 0.23524305625 0.38409391458333336 0.23524305625 0.38409391458333336 0.303943453125 0.5193452375000001 0.303943453125 0.5193452375000001 0.23524305625
4 0.21428571458333331 0.653273809375 0.08928571458333333 0.653273809375 0.08928571458333333 0.7564484125 0.21428571458333331 0.7564484125 0.21428571458333331 0.653273809375
4 0.51785714375 0.26661706406249996 0.375 0.26661706406249996 0.375 0.37152777812500004 0.51785714375 0.37152777812500004 0.51785714375 0.26661706406249996
4 0.386574075 0.604538690625 0.250661375 0.604538690625 0.250661375 0.7087053578125 0.386574075 0.7087053578125 0.386574075 0.604538690625
4 0.30357142916666663 0.768601190625 0.15443121666666665 0.768601190625 0.15443121666666665 0.87450396875 0.30357142916666663 0.87450396875 0.30357142916666663 0.768601190625
4 0.4416335979166667 0.7406994046875 0.29811507916666663 0.7406994046875 0.29811507916666663 0.8530505953124999 0.4416335979166667 0.8530505953124999 0.4416335979166667 0.7406994046875
4 0.4928902125 0.633556546875 0.33845899375 0.633556546875 0.33845899375 0.7459077375 0.4928902125 0.7459077375 0.4928902125 0.633556546875
4 0.45337301666666663 0.5095486109375 0.3260582020833333 0.5095486109375 0.3260582020833333 0.6184275796875001 0.45337301666666663 0.6184275796875001 0.45337301666666663 0.5095486109375
4 0.5077711645833333 0.3592509921875 0.38045635 0.3592509921875 0.38045635 0.447792659375 0.5077711645833333 0.447792659375 0.5077711645833333 0.3592509921875
4 0.4765211645833333 0.4296875 0.33531746041666666 0.4296875 0.33531746041666666 0.5221974203124999 0.4765211645833333 0.5221974203124999 0.4765211645833333 0.4296875
5 0.625 0.333209325 0.5016534395833333 0.333209325 0.5016534395833333 0.43390377031250005 0.625 0.43390377031250005 0.625 0.333209325
4 0.6522817458333333 0.4378720234375 0.5077711645833333 0.4378720234375 0.5077711645833333 0.5345982140625 0.6522817458333333 0.5345982140625 0.6522817458333333 0.4378720234375
4 0.6800595229166666 0.5194692453124999 0.5153769833333334 0.5194692453124999 0.5153769833333334 0.6412450390625 0.6800595229166666 0.6412450390625 0.6800595229166666 0.5194692453124999
4 0.6063161375 0.6650545640625001 0.44494047708333334 0.6650545640625001 0.44494047708333334 0.785590278125 0.6063161375 0.785590278125 0.6063161375 0.6650545640625001
4 0.6048280416666666 0.15724206406250002 0.5380290999999999 0.15724206406250002 0.5380290999999999 0.197420634375 0.6048280416666666 0.197420634375 0.6048280416666666 0.15724206406250002
4 0.6132605812499999 0.1798115078125 0.5401785708333333 0.1798115078125 0.5401785708333333 0.2142857140625 0.6132605812499999 0.2142857140625 0.6132605812499999 0.1798115078125
4 0.6583994708333333 0.12053571406250001 0.59457671875 0.12053571406250001 0.59457671875 0.190476190625 0.6583994708333333 0.190476190625 0.6583994708333333 0.12053571406250001
4 0.7306547625 0.06349206406249999 0.6466600520833333 0.06349206406249999 0.6466600520833333 0.1498015875 0.7306547625 0.1498015875 0.7306547625 0.06349206406249999
4 0.63045635 0 0.63045635 0.056547618749999994 0.7174272479166667 0.056547618749999994 0.7174272479166667 0 0.63045635 0
4 0.90608465625 0.0879216265625 0.83068783125 0.0879216265625 0.83068783125 0.15438988125 0.90608465625 0.15438988125 0.90608465625 0.0879216265625
4 0.8518518520833334 0.1313244046875 0.7671957666666667 0.1313244046875 0.7671957666666667 0.207465278125 0.8518518520833334 0.207465278125 0.8518518520833334 0.1313244046875
4 0.8434193125 0.1898561515625 0.7693452375 0.1898561515625 0.7693452375 0.226314484375 0.8434193125 0.226314484375 0.8434193125 0.1898561515625
3 0.6456679895833334 0.8358134921874999 0.5768849208333333 0.8358134921874999 0.5768849208333333 0.889880953125 0.6456679895833334 0.889880953125 0.6456679895833334 0.8358134921874999
3 0.6641865083333334 0.8151041671874999 0.5864748687500001 0.8151041671874999 0.5864748687500001 0.8649553578125 0.6641865083333334 0.8649553578125 0.6641865083333334 0.8151041671874999
3 0.6911375666666667 0.7620287703125 0.6226851854166667 0.7620287703125 0.6226851854166667 0.8190724203125 0.6911375666666667 0.8190724203125 0.6911375666666667 0.7620287703125
3 0.8034060854166667 0.56436011875 0.7590939145833333 0.56436011875 0.7590939145833333 0.614211309375 0.8034060854166667 0.614211309375 0.8034060854166667 0.56436011875
3 0.7334656083333333 0.546626984375 0.6769179895833334 0.546626984375 0.6769179895833334 0.5915178578125 0.7334656083333333 0.5915178578125 0.7334656083333333 0.546626984375
5 0.6974206354166667 0.865575396875 0.61871693125 0.865575396875 0.61871693125 0.9303075390625001 0.6974206354166667 0.9303075390625001 0.6974206354166667 0.865575396875
5 0.681382275 0.9212549609374999 0.5970568791666667 0.9212549609374999 0.5970568791666667 0.985987103125 0.681382275 0.985987103125 0.681382275 0.9212549609374999
5 0.5710978833333333 0.8301091265625 0.50529100625 0.8301091265625 0.50529100625 0.884424603125 0.5710978833333333 0.884424603125 0.5710978833333333 0.8301091265625
4 0.6028439145833333 0.8836805562500001 0.5294312166666667 0.8836805562500001 0.5294312166666667 0.9427083328125001 0.6028439145833333 0.9427083328125001 0.6028439145833333 0.8836805562500001
4 0.6223544979166667 0.9595734125 0.5267857145833333 0.9595734125 0.5267857145833333 0.999255953125 0.6223544979166667 0.999255953125 0.6223544979166667 0.9595734125
4 0.5261243395833334 0.9207589281249999 0.46693121666666665 0.9207589281249999 0.46693121666666665 0.973586309375 0.5261243395833334 0.973586309375 0.5261243395833334 0.9207589281249999
4 0.2938161375 0.724082340625 0.18501984166666666 0.724082340625 0.18501984166666666 0.7746775796875001 0.2938161375 0.7746775796875001 0.2938161375 0.724082340625