3 1 0.4669629046875 0.9201112630480167 0.479672028125 0.9516144405010438 0.590598553125 1 0.582901121875 1 0.4669629046875
3 0.39373601670146136 0.64990831875 0.48266250104384134 0.6357614234375 0.46199075156576197 0.5629736796875 0.3730642672233821 0.5771205765625 0.39373601670146136 0.64990831875
3 0.3238019018789144 0.6573863140625 0.4040688768267223 0.6446170171875 0.38283077870563675 0.5698350921875 0.3025638037578288 0.5826043875 0.3238019018789144 0.6573863140625
3 0.2355651962421712 0.7683426156250001 0.3597958267223382 0.7485793484375 0.3347348705636743 0.660336675 0.2105042400835073 0.6800999421875 0.2355651962421712 0.7683426156250001
3 0.22579855323590814 0.8025935265624999 0.32738124008350733 0.7864332140625 0.30798377661795406 0.7181323890625 0.20640108977035493 0.7342927015625 0.22579855323590814 0.8025935265624999
4 0.16546113987473904 0.8150582109375 0.2440628267223382 0.8025538390625 0.22756790396659707 0.7444732078125 0.1489662171189979 0.7569775812499999 0.16546113987473904 0.8150582109375
4 0.17442211482254696 0.693395603125 0.2603510772442589 0.67972556875 0.24286504384133611 0.618155115625 0.1569360814196242 0.63182515 0.17442211482254696 0.693395603125
3 0.693858375782881 0.2517432578125 0.7311608705636744 0.24580897968749998 0.7212497578288101 0.210910746875 0.6839472630480168 0.21684502499999997 0.693858375782881 0.2517432578125
5 0.6696956764091858 0.23591677031249997 0.7030014759916493 0.2306183078125 0.6937983006263048 0.19821280624999998 0.6604925010438413 0.20351126874999997 0.6696956764091858 0.23591677031249997
4 0.5730837035490606 0 0.482513490605428 0.014408390625 0.5043887306889353 0.0914337734375 0.6109672881002087 0.0744786921875 0.5898153068893528 0 0.5730837035490606 0
4 0.42978422338204597 0 0.3306061732776618 0.0157777703125 0.33471220668058455 0.030235609375 0.43995853027139875 0.013492465625 0.43612666597077243 0 0.42978422338204597 0
5 0.25844418789144047 0.07363296875 0.2458429164926931 0.029262359375 0.13027179331941544 0.047648025 0.14287306471816286 0.09201863437499999 0.25844418789144047 0.07363296875
5 0.21173039457202505 0.1628725359375 0.324970108559499 0.1448577625 0.29693581837160754 0.04614561875 0.18369610438413358 0.06416039375 0.21173039457202505 0.1628725359375
4 0.4037202964509395 0.1996781453125 0.485319503131524 0.18669691093750002 0.4615328329853862 0.102941153125 0.37993362630480165 0.11592238749999999 0.4037202964509395 0.1996781453125
4 0.34115678496868473 0.22943176406250002 0.41509565762004175 0.2176691765625 0.3939991482254697 0.1433857953125 0.32006027348643007 0.155148384375 0.34115678496868473 0.22943176406250002
4 0.29691801670146134 0.2317798671875 0.3768519352818372 0.2190635546875 0.35051669311064715 0.1263339671875 0.2705827745302714 0.13905027812499998 0.29691801670146134 0.2317798671875
4 0.13330090605427974 0.1674031890625 0.22455879540709814 0.1528854 0.19680768058455114 0.0551703484375 0.10554979123173278 0.0696881375 0.13330090605427974 0.1674031890625
4 0 0.12699280156249998 0.056108181628392484 0.1180668140625 0.04017960751565762 0.06198036875 0 0.068372353125 0 0.12699280156249998
4 0.10213491231732777 0.199847715625 0.18373411899791234 0.18686648125 0.15853157620041755 0.0981252609375 0.07693236951983298 0.111106496875 0.10213491231732777 0.199847715625
4 0 0.2008545640625 0.050033131524008345 0.19289502812499998 0.02638804801670146 0.109637815625 0 0.113835765625 0 0.2008545640625
4 0 0.2642949140625 0.0286366617954071 0.2597392421875 0.009097611691022965 0.19093986875 0 0.192387165625 0 0.2642949140625
4 0.06447579331941544 0.2541680296875 0.1260915198329854 0.2443658734375 0.10895945511482254 0.1840417875 0.04734372651356993 0.19384394375 0.06447579331941544 0.2541680296875
4 0 0.311191271875 0.04570927557411273 0.30391959687500003 0.030417845511482255 0.250076609375 0 0.25491564218749996 0 0.311191271875
4 0.06269687056367433 0.29509454062499996 0.10799275574112735 0.28788863125 0.09411719832985387 0.23903110625 0.04882131315240083 0.246237015625 0.06269687056367433 0.29509454062499996
3 0.749568012526096 0.1488274234375 0.7805424070981211 0.143899853125 0.774383356993737 0.12221309375 0.7434089645093945 0.1271406640625 0.749568012526096 0.1488274234375