1 0.44189606889352817 0.8056430359375 0.21903141753653446 0.7792244687500001 0.18223461169102298 0.9531058734375 0.40509926304801674 0.9795244390625 0.44189606889352817 0.8056430359375
1 0.07615263465553236 0.9086728531249999 0.06638455323590814 0.9548314171875001 0.25420759290187894 0.9770961203124999 0.26397567432150315 0.9309375578125 0.07615263465553236 0.9086728531249999
1 0.763388146137787 0.8234552859375001 0.7136290563674322 0.8175568 0.7062474947807933 0.8524379890624999 0.7560065845511482 0.8583364734375 0.763388146137787 0.8234552859375001
1 0.8184534926931106 0.78051555 0.7333023778705637 0.7704216640625 0.7196492651356994 0.834938746875 0.8048003799582464 0.8450326328125 0.8184534926931106 0.78051555
1 0.8508746534446764 0.8445797578124999 0.7979618183716075 0.838307425 0.7891927473903967 0.879745225 0.842105580375783 0.8860175578125 0.8508746534446764 0.8445797578124999
1 0.888520413361169 0.8143614875 0.8061726283924843 0.8045999109374999 0.7946840334029228 0.8588886765625 0.8770318183716075 0.868650253125 0.888520413361169 0.8143614875
1 0.7873832400835072 0.5360829828125 0.7236075073068894 0.528522953125 0.7150604363256785 0.5689116953125 0.7788361691022965 0.576471725 0.7873832400835072 0.5360829828125
1 0.8142243089770355 0.48563044062499994 0.7343294342379959 0.4761596328125 0.7182897995824634 0.5519540921874999 0.7981846743215032 0.5614249 0.8142243089770355 0.48563044062499994
0 0.6999072567849687 0.093950628125 0.5478266638830898 0.0759228640625 0.5139158810020876 0.23616651093750002 0.6659964759916492 0.254194275 0.6999072567849687 0.093950628125
2 0.8427153841336117 0.0607398875 0.6640031670146138 0.0395551890625 0.6297038810020876 0.2016346875 0.8084161002087683 0.22281938750000002 0.8427153841336117 0.0607398875
1 0.8848774300626305 0.0923533328125 0.8958110208768267 0.0406872140625 0.682407605427975 0.015390190625 0.6714740146137788 0.067056309375 0.8848774300626305 0.0923533328125
1 0.08914515657620042 0.17425355 0.06334905427974948 0.171195659375 0.048086427974947804 0.2433184125 0.07388253027139875 0.2463763046875 0.08914515657620042 0.17425355
2 0.17927612108559499 0.21343517812499999 0.08536460334029228 0.20230282656249998 0.0712119853862213 0.2691802890625 0.16512350521920668 0.280312640625 0.17927612108559499 0.21343517812499999
2 0.1923791586638831 0.18716310625000002 0.11318511691022964 0.1777753765625 0.10164102087682672 0.23232640624999998 0.18083506471816285 0.2417141359375 0.1923791586638831 0.18716310625000002