5 0.8019230770833333 0.34639423125 0.64294871875 0.34639423125 0.64294871875 0.49519230781249995 0.8019230770833333 0.49519230781249995 0.8019230770833333 0.34639423125
4 0.630608975 0.421875 0.48798076875 0.421875 0.48798076875 0.5572115390625 0.630608975 0.5572115390625 0.630608975 0.421875
4 0.6655448708333334 0.504927884375 0.5392628208333333 0.504927884375 0.5392628208333333 0.622716346875 0.6655448708333334 0.622716346875 0.6655448708333334 0.504927884375
4 0.8006410249999999 0.5001201921875 0.6528846145833334 0.5001201921875 0.6528846145833334 0.645552884375 0.8006410249999999 0.645552884375 0.8006410249999999 0.5001201921875
4 0.6538461541666667 0.5900240390625 0.5724358979166666 0.5900240390625 0.5724358979166666 0.642908653125 0.6538461541666667 0.642908653125 0.6538461541666667 0.5900240390625
4 0.8209935895833333 0.5953125 0.6911858979166666 0.5953125 0.6911858979166666 0.7109375 0.8209935895833333 0.7109375 0.8209935895833333 0.5953125
4 0.6644230770833333 0.625 0.5746794875 0.625 0.5746794875 0.7036057687499999 0.6644230770833333 0.7036057687499999 0.6644230770833333 0.625
4 0.8065705125 0.683052884375 0.7110576916666667 0.683052884375 0.7110576916666667 0.7433894234375 0.8065705125 0.7433894234375 0.8065705125 0.683052884375
4 0.2822115375 0.9171875 0.24535256458333335 0.9171875 0.24535256458333335 0.9539663468749999 0.2822115375 0.9539663468749999 0.2822115375 0.9171875
4 0.24695512916666665 0.9513221156249999 0.21298076875 0.9513221156249999 0.21298076875 0.9840144234375 0.24695512916666665 0.9840144234375 0.24695512916666665 0.9513221156249999
4 0.3423076916666667 0.858052884375 0.300641025 0.858052884375 0.300641025 0.8950721156249999 0.3423076916666667 0.8950721156249999 0.3423076916666667 0.858052884375
4 0.28108974375 0.8758413468749999 0.25160256458333335 0.8758413468749999 0.25160256458333335 0.9037259609375001 0.28108974375 0.9037259609375001 0.28108974375 0.8758413468749999
3 0.8248397437499999 0.7195913468749999 0.7915064104166666 0.7195913468749999 0.7915064104166666 0.7486778843749999 0.8248397437499999 0.7486778843749999 0.8248397437499999 0.7195913468749999
3 0.7700320520833334 0.741466346875 0.7350961541666667 0.741466346875 0.7350961541666667 0.7683894234374999 0.7700320520833334 0.7683894234374999 0.7700320520833334 0.741466346875
3 0.99983974375 0.1459134609375 0.9472756416666667 0.1459134609375 0.9472756416666667 0.18317307656249998 0.99983974375 0.18317307656249998 0.99983974375 0.1459134609375
4 0.9456730770833333 0.1771634609375 0.8908653854166667 0.1771634609375 0.8908653854166667 0.21105769218749998 0.9456730770833333 0.21105769218749998 0.9456730770833333 0.1771634609375
4 0.9990384625 0.209615384375 0.9407051291666666 0.209615384375 0.9407051291666666 0.24711538437499997 0.9990384625 0.24711538437499997 0.9990384625 0.209615384375
4 0.9163461541666666 0.2400240390625 0.8637820520833334 0.2400240390625 0.8637820520833334 0.26911057656250004 0.9163461541666666 0.26911057656250004 0.9163461541666666 0.2400240390625
4 0.9346153854166667 0.2467548078125 0.8916666666666667 0.2467548078125 0.8916666666666667 0.2871394234375 0.9346153854166667 0.2871394234375 0.9346153854166667 0.2467548078125
4 0.9142628208333333 0.2748798078125 0.8770833333333333 0.2748798078125 0.8770833333333333 0.30901442343749996 0.9142628208333333 0.30901442343749996 0.9142628208333333 0.2748798078125
4 0.36907051249999995 0.5045673078124999 0.319391025 0.5045673078124999 0.319391025 0.572596153125 0.36907051249999995 0.572596153125 0.36907051249999995 0.5045673078124999
4 0.3450320520833333 0.46947115312500004 0.26298076875 0.46947115312500004 0.26298076875 0.5384615390625 0.3450320520833333 0.5384615390625 0.3450320520833333 0.46947115312500004
4 0.37932692291666664 0.42211538437499996 0.2905448708333333 0.42211538437499996 0.2905448708333333 0.4884615390625 0.37932692291666664 0.4884615390625 0.37932692291666664 0.42211538437499996
5 0.32467948750000003 0.37415865312499996 0.21378205208333334 0.37415865312499996 0.21378205208333334 0.44963942343749996 0.32467948750000003 0.44963942343749996 0.32467948750000003 0.37415865312499996
5 0.32019230833333334 0.35985576875 0.238141025 0.35985576875 0.238141025 0.3884615390625 0.32019230833333334 0.3884615390625 0.32019230833333334 0.35985576875
4 0.36522435833333333 0.3834134609375 0.30368589791666667 0.3834134609375 0.30368589791666667 0.440865384375 0.36522435833333333 0.440865384375 0.36522435833333333 0.3834134609375
5 0.5838141020833334 0.25360576875 0.5482371791666666 0.25360576875 0.5482371791666666 0.284615384375 0.5838141020833334 0.284615384375 0.5838141020833334 0.25360576875
5 0.5352564104166666 0.2813701921875 0.4996794875 0.2813701921875 0.4996794875 0.30757211562500003 0.5352564104166666 0.30757211562500003 0.5352564104166666 0.2813701921875
5 0.5371794875 0.3046875 0.50608974375 0.3046875 0.50608974375 0.3280048078125 0.5371794875 0.3280048078125 0.5371794875 0.3046875
4 0.5259615375 0.37043269218749997 0.5019230770833334 0.37043269218749997 0.5019230770833334 0.39086538437499996 0.5259615375 0.39086538437499996 0.5259615375 0.37043269218749997
4 0.4919871791666666 0.3084134609375 0.4615384625 0.3084134609375 0.4615384625 0.330528846875 0.4919871791666666 0.330528846875 0.4919871791666666 0.3084134609375
5 0.5564102562500001 0.2918269234375 0.5275641020833334 0.2918269234375 0.5275641020833334 0.31298076875 0.5564102562500001 0.31298076875 0.5564102562500001 0.2918269234375
3 0.2634615375 0.353846153125 0.23846153750000001 0.353846153125 0.23846153750000001 0.3733173078125 0.2634615375 0.3733173078125 0.2634615375 0.353846153125
3 0.21410256458333335 0.4125 0.19519230833333331 0.4125 0.19519230833333331 0.431490384375 0.21410256458333335 0.431490384375 0.21410256458333335 0.4125
3 0.21810897499999998 0.397115384375 0.1947115375 0.397115384375 0.1947115375 0.4137019234375 0.21810897499999998 0.4137019234375 0.21810897499999998 0.397115384375
4 0.7118589750000001 0.6746394234374999 0.675 0.6746394234374999 0.675 0.7118990390625 0.7118589750000001 0.7118990390625 0.7118589750000001 0.6746394234374999