4 0.89384920625 0.15550595312499998 0.8548280416666666 0.15550595312499998 0.8548280416666666 0.18402777812499999 0.89384920625 0.18402777812499999 0.89384920625 0.15550595312499998
4 0.8402777770833333 0.19469246093749998 0.7976190479166667 0.19469246093749998 0.7976190479166667 0.2304067453125 0.8402777770833333 0.2304067453125 0.8402777770833333 0.19469246093749998
4 0.9307209000000001 0.1331845234375 0.8916997354166667 0.1331845234375 0.8916997354166667 0.162450396875 0.9307209000000001 0.162450396875 0.9307209000000001 0.1331845234375
4 0.5428240750000001 0.2919146828125 0.5028108458333334 0.2919146828125 0.5028108458333334 0.3606150796875 0.5428240750000001 0.3606150796875 0.5428240750000001 0.2919146828125
4 0.6028439145833333 0.40190972187499996 0.5152116395833334 0.40190972187499996 0.5152116395833334 0.467137896875 0.6028439145833333 0.467137896875 0.6028439145833333 0.40190972187499996
4 0.5033068791666666 0.35590277812500004 0.4110449729166667 0.35590277812500004 0.4110449729166667 0.415178571875 0.5033068791666666 0.415178571875 0.5033068791666666 0.35590277812500004
4 0.44642857083333337 0.42919146875 0.3789682541666667 0.42919146875 0.3789682541666667 0.4847470234375 0.44642857083333337 0.4847470234375 0.44642857083333337 0.42919146875
4 0.48693783124999995 0.43353174531249994 0.4350198416666667 0.43353174531249994 0.4350198416666667 0.46453372968749995 0.48693783124999995 0.46453372968749995 0.48693783124999995 0.43353174531249994
4 0.49173280416666665 0.45721726250000005 0.4203042333333334 0.45721726250000005 0.4203042333333334 0.507068453125 0.49173280416666665 0.507068453125 0.49173280416666665 0.45721726250000005
4 0.5006613750000001 0.5114087296875 0.46329365 0.5114087296875 0.46329365 0.540674603125 0.5006613750000001 0.540674603125 0.5006613750000001 0.5114087296875
4 0.41931216875000005 0.5013640875 0.3753306875 0.5013640875 0.3753306875 0.536334325 0.41931216875000005 0.536334325 0.41931216875000005 0.5013640875
4 0.35234788333333333 0.536334325 0.31299603125 0.536334325 0.31299603125 0.5663442453124999 0.35234788333333333 0.5663442453124999 0.35234788333333333 0.536334325
4 0.3998015875 0.5993303578125 0.35449735416666667 0.5993303578125 0.35449735416666667 0.6318204359374999 0.3998015875 0.6318204359374999 0.3998015875 0.5993303578125
4 0.4307209 0.6839037703125 0.39136904791666666 0.6839037703125 0.39136904791666666 0.711185515625 0.4307209 0.711185515625 0.4307209 0.6839037703125
4 0.5405092583333333 0.6046626984375 0.4952050270833333 0.6046626984375 0.4952050270833333 0.6369047625 0.5405092583333333 0.6369047625 0.5405092583333333 0.6046626984375
4 0.3359788354166667 0.556299603125 0.3111772479166667 0.556299603125 0.3111772479166667 0.574652778125 0.3359788354166667 0.574652778125 0.3359788354166667 0.556299603125