5 0.6008597874999999 0.26909722187499996 0.46891534375 0.26909722187499996 0.46891534375 0.3802083328125 0.6008597874999999 0.3802083328125 0.6008597874999999 0.26909722187499996
5 0.44560185208333336 0.0814732140625 0.33779761875 0.0814732140625 0.33779761875 0.19208829375 0.44560185208333336 0.19208829375 0.44560185208333336 0.0814732140625
5 0.42311507916666663 0.28819444375000003 0.294146825 0.28819444375000003 0.294146825 0.391369046875 0.42311507916666663 0.391369046875 0.42311507916666663 0.28819444375000003
4 0.37301587291666666 0.3773561515625 0.3115079375 0.3773561515625 0.3115079375 0.41356646875 0.37301587291666666 0.41356646875 0.37301587291666666 0.3773561515625
4 0.2924933854166667 0.31299603125000003 0.268353175 0.31299603125000003 0.268353175 0.3293650796875 0.2924933854166667 0.3293650796875 0.2924933854166667 0.31299603125000003
4 0.30654761875 0.4125744046875 0.24371693125 0.4125744046875 0.24371693125 0.458457340625 0.30654761875 0.458457340625 0.30654761875 0.4125744046875
4 0.1246693125 0.4033978171875 0.03240740833333333 0.4033978171875 0.03240740833333333 0.469866071875 0.1246693125 0.469866071875 0.1246693125 0.4033978171875
4 0.18799603125 0.4279513890625 0.11689814791666667 0.4279513890625 0.11689814791666667 0.46812996093750003 0.18799603125 0.46812996093750003 0.18799603125 0.4279513890625
4 0.19080687916666667 0.509424603125 0.14285714375 0.509424603125 0.14285714375 0.543402778125 0.19080687916666667 0.543402778125 0.19080687916666667 0.509424603125
4 0.13525132291666667 0.5187251984375 0.04596560833333333 0.5187251984375 0.04596560833333333 0.580233134375 0.13525132291666667 0.580233134375 0.13525132291666667 0.5187251984375
4 0.54332010625 0.49305555625 0.40641534375 0.49305555625 0.40641534375 0.591269840625 0.54332010625 0.591269840625 0.54332010625 0.49305555625
4 0.5186838625 0.625744046875 0.40360449791666664 0.625744046875 0.40360449791666664 0.7132936515625 0.5186838625 0.7132936515625 0.5186838625 0.625744046875
4 0.43171296249999996 0.5803571421875 0.32490079375 0.5803571421875 0.32490079375 0.66220238125 0.43171296249999996 0.66220238125 0.43171296249999996 0.5803571421875
4 0.37764550208333336 0.6432291671875 0.28968253958333334 0.6432291671875 0.28968253958333334 0.7198660718750001 0.37764550208333336 0.7198660718750001 0.37764550208333336 0.6432291671875
4 0.5168650791666667 0.7476438484375 0.41931216875000005 0.7476438484375 0.41931216875000005 0.8193204359375 0.5168650791666667 0.8193204359375 0.5168650791666667 0.7476438484375
4 0.42063492083333337 0.7462797625 0.36177248749999996 0.7462797625 0.36177248749999996 0.8035714281249999 0.42063492083333337 0.8035714281249999 0.42063492083333337 0.7462797625
4 0.5097552916666667 0.8344494046875001 0.4333664020833333 0.8344494046875001 0.4333664020833333 0.899181546875 0.5097552916666667 0.899181546875 0.5097552916666667 0.8344494046875001
4 0.43584656041666664 0.8153521828124999 0.3852513229166667 0.8153521828124999 0.3852513229166667 0.8590029765624999 0.43584656041666664 0.8590029765624999 0.43584656041666664 0.8153521828124999
4 0.96891534375 0.025545634374999997 0.912367725 0.025545634374999997 0.912367725 0.0744047625 0.96891534375 0.0744047625 0.96891534375 0.025545634374999997
4 0.8849206354166667 0.053819443749999994 0.8333333333333334 0.053819443749999994 0.8333333333333334 0.096478175 0.8849206354166667 0.096478175 0.8849206354166667 0.053819443749999994
4 0.78141534375 0.0353422625 0.7334656083333333 0.0353422625 0.7334656083333333 0.07353670625 0.78141534375 0.07353670625 0.78141534375 0.0353422625
4 0.9136904770833334 0.2017609125 0.8554894187500001 0.2017609125 0.8554894187500001 0.245659721875 0.9136904770833334 0.245659721875 0.9136904770833334 0.2017609125
4 0.9024470895833333 0.166790675 0.8402777770833333 0.166790675 0.8402777770833333 0.2149057546875 0.9024470895833333 0.2149057546875 0.9024470895833333 0.166790675
4 0.9659391541666668 0.2535962296875 0.9229497354166667 0.2535962296875 0.9229497354166667 0.2848462296875 0.9659391541666668 0.2848462296875 0.9659391541666668 0.2535962296875
4 0.9148478833333333 0 0.9148478833333333 0.03075396875 0.9783399479166667 0.03075396875 0.9783399479166667 0 0.9148478833333333 0
4 0.9512235458333334 0.11235119062500001 0.9072420625 0.11235119062500001 0.9072420625 0.14012896875 0.9512235458333334 0.14012896875 0.9512235458333334 0.11235119062500001
4 0.8333333333333334 0.0009920640625 0.78207671875 0.0009920640625 0.78207671875 0.037450396875 0.8333333333333334 0.037450396875 0.8333333333333334 0.0009920640625
4 0.9036044979166667 0.3307291671875 0.8573082020833334 0.3307291671875 0.8573082020833334 0.361483134375 0.9036044979166667 0.361483134375 0.9036044979166667 0.3307291671875
4 0.8366402125000001 0.2558283734375 0.7774470895833333 0.2558283734375 0.7774470895833333 0.2997271828125 0.8366402125000001 0.2997271828125 0.8366402125000001 0.2558283734375
4 0.7786044979166667 0.2601686515625 0.72404100625 0.2601686515625 0.72404100625 0.302579365625 0.7786044979166667 0.302579365625 0.7786044979166667 0.2601686515625
4 0.7007275125 0.2007688484375 0.6478174604166667 0.2007688484375 0.6478174604166667 0.24739583281250002 0.7007275125 0.24739583281250002 0.7007275125 0.2007688484375
4 0.6577380958333333 0.22371031718749998 0.5995370375 0.22371031718749998 0.5995370375 0.268601190625 0.6577380958333333 0.268601190625 0.6577380958333333 0.22371031718749998
4 0.762896825 0.3808283734375 0.7129629625 0.3808283734375 0.7129629625 0.417038690625 0.762896825 0.417038690625 0.762896825 0.3808283734375
4 0.6605489416666667 0.40029761875 0.6271494708333333 0.40029761875 0.6271494708333333 0.4270833328125 0.6605489416666667 0.4270833328125 0.6605489416666667 0.40029761875
4 0.6911375666666667 0.34821428593750003 0.6471560854166667 0.34821428593750003 0.6471560854166667 0.3856646828125 0.6911375666666667 0.3856646828125 0.6911375666666667 0.34821428593750003
4 0.9882605812499999 0.087053571875 0.9664351854166667 0.087053571875 0.9664351854166667 0.10342261875 0.9882605812499999 0.10342261875 0.9882605812499999 0.087053571875
4 0.95601851875 0.33246527812500004 0.9384920625 0.33246527812500004 0.9384920625 0.3495783734375 0.95601851875 0.3495783734375 0.95601851875 0.33246527812500004
4 0.7364417979166666 0.078373015625 0.7146164020833333 0.078373015625 0.7146164020833333 0.09474206406249999 0.7364417979166666 0.09474206406249999 0.7364417979166666 0.078373015625
4 0.8197751312499999 0.21044146874999997 0.7668650791666667 0.21044146874999997 0.7668650791666667 0.24913194375 0.8197751312499999 0.24913194375 0.8197751312499999 0.21044146874999997
4 0.887896825 0.3139880953125 0.8366402125000001 0.3139880953125 0.8366402125000001 0.35590277812500004 0.887896825 0.35590277812500004 0.887896825 0.3139880953125
5 0.3343253958333333 0.6319444437499999 0.2701719583333333 0.6319444437499999 0.2701719583333333 0.6758432546875001 0.3343253958333333 0.6758432546875001 0.3343253958333333 0.6319444437499999
5 0.27843915416666665 0.6639384921875 0.21924603125 0.6639384921875 0.21924603125 0.70634920625 0.27843915416666665 0.70634920625 0.27843915416666665 0.6639384921875
5 0.2637235458333333 0.62822420625 0.19758597916666665 0.62822420625 0.19758597916666665 0.6763392859375 0.2637235458333333 0.6763392859375 0.2637235458333333 0.62822420625
5 0.2245370375 0.89248511875 0.16104497291666667 0.89248511875 0.16104497291666667 0.941840278125 0.2245370375 0.941840278125 0.2245370375 0.89248511875
4 0.6975859791666666 0.499751984375 0.6827050270833334 0.499751984375 0.6827050270833334 0.51240079375 0.6975859791666666 0.51240079375 0.6975859791666666 0.499751984375
4 0.8650793645833333 0.0952380953125 0.8224206354166667 0.0952380953125 0.8224206354166667 0.1292162703125 0.8650793645833333 0.1292162703125 0.8650793645833333 0.0952380953125
4 0.8386243395833334 0.3128720234375 0.7886904770833334 0.3128720234375 0.7886904770833334 0.351810515625 0.8386243395833334 0.351810515625 0.8386243395833334 0.3128720234375
4 0.7076719583333334 0.2849702375 0.6636904770833334 0.2849702375 0.6636904770833334 0.31597222187499996 0.7076719583333334 0.31597222187499996 0.7076719583333334 0.2849702375
4 0.7157738104166668 0.2476438484375 0.6698082020833334 0.2476438484375 0.6698082020833334 0.2836061515625 0.7157738104166668 0.2836061515625 0.7157738104166668 0.2476438484375