4 0.7267628208333333 0.8751201921874999 0.5770833333333333 0.8751201921874999 0.5770833333333333 0.9921875 0.7267628208333333 0.9921875 0.7267628208333333 0.8751201921874999
4 0.6591346145833333 0.7543269234375 0.47868589791666666 0.7543269234375 0.47868589791666666 0.896153846875 0.6591346145833333 0.896153846875 0.6591346145833333 0.7543269234375
4 0.26955128125 0.7729567312500001 0.18878205208333335 0.7729567312500001 0.18878205208333335 0.8354567312500001 0.26955128125 0.8354567312500001 0.26955128125 0.7729567312500001
4 0.4025641020833334 0.690865384375 0.29871794791666667 0.690865384375 0.29871794791666667 0.771634615625 0.4025641020833334 0.771634615625 0.4025641020833334 0.690865384375
4 0.5158653854166667 0.67608173125 0.46362179583333335 0.67608173125 0.46362179583333335 0.71983173125 0.5158653854166667 0.71983173125 0.5158653854166667 0.67608173125
4 0.6400641020833333 0.688221153125 0.5205128208333334 0.688221153125 0.5205128208333334 0.7725961531250001 0.6400641020833333 0.7725961531250001 0.6400641020833333 0.688221153125
4 0.47996794791666664 0.6118990390625 0.38317307708333337 0.6118990390625 0.38317307708333337 0.6808894234375 0.47996794791666664 0.6808894234375 0.47996794791666664 0.6118990390625
5 0.71858974375 0.5782451921875 0.561858975 0.5782451921875 0.561858975 0.7006009609375 0.71858974375 0.7006009609375 0.71858974375 0.5782451921875
5 0.6551282041666667 0.49579326874999996 0.4910256416666667 0.49579326874999996 0.4910256416666667 0.623197115625 0.6551282041666667 0.623197115625 0.6551282041666667 0.49579326874999996
4 0.5072115375 0.5109375 0.45176282083333336 0.5109375 0.45176282083333336 0.5808894234374999 0.5072115375 0.5808894234374999 0.5072115375 0.5109375
3 0.5759615375 0.4230769234375 0.44487179583333336 0.4230769234375 0.44487179583333336 0.5240384609375 0.5759615375 0.5240384609375 0.5759615375 0.4230769234375
3 0.8075320520833333 0.4243990390625 0.6347756416666667 0.4243990390625 0.6347756416666667 0.5441105765625001 0.8075320520833333 0.5441105765625001 0.8075320520833333 0.4243990390625
3 0.8134615375 0.30012019218749997 0.68076923125 0.30012019218749997 0.68076923125 0.403966346875 0.8134615375 0.403966346875 0.8134615375 0.30012019218749997
5 0.35705128125 0.410697115625 0.29230769166666665 0.410697115625 0.29230769166666665 0.46165865312500004 0.35705128125 0.46165865312500004 0.35705128125 0.410697115625
5 0.17692307708333335 0.41045673125000004 0.1259615375 0.41045673125000004 0.1259615375 0.44507211562500004 0.17692307708333335 0.44507211562500004 0.17692307708333335 0.41045673125000004
4 0.21923076875 0.440625 0.1871794875 0.440625 0.1871794875 0.465625 0.21923076875 0.465625 0.21923076875 0.440625
4 0.24567307708333336 0.40384615312500005 0.21939102500000002 0.40384615312500005 0.21939102500000002 0.42115384687499996 0.24567307708333336 0.42115384687499996 0.24567307708333336 0.40384615312500005
4 0.18669871875000002 0.44110576874999996 0.143108975 0.44110576874999996 0.143108975 0.477884615625 0.18669871875000002 0.477884615625 0.18669871875000002 0.44110576874999996
4 0.15977564166666666 0.477403846875 0.13830128125 0.477403846875 0.13830128125 0.4947115390625 0.15977564166666666 0.4947115390625 0.15977564166666666 0.477403846875
3 0.14967948749999999 0.43509615312500005 0.09903846250000001 0.43509615312500005 0.09903846250000001 0.4701923078125 0.14967948749999999 0.4701923078125 0.14967948749999999 0.43509615312500005
5 0.04807692291666667 0.540625 0.0022435895833333333 0.540625 0.0022435895833333333 0.5769230765625 0.04807692291666667 0.5769230765625 0.04807692291666667 0.540625
5 0.10176282083333334 0.4756009609375 0.0559294875 0.4756009609375 0.0559294875 0.507572115625 0.10176282083333334 0.507572115625 0.10176282083333334 0.4756009609375
4 0.08285256458333333 0.40913461562500003 0.03701923125 0.40913461562500003 0.03701923125 0.4389423078125 0.08285256458333333 0.4389423078125 0.08285256458333333 0.40913461562500003
4 0.10128205208333334 0.37848557656250004 0.049679487499999994 0.37848557656250004 0.049679487499999994 0.4121394234375 0.10128205208333334 0.4121394234375 0.10128205208333334 0.37848557656250004
4 0.05416666666666667 0.38173076875 0.0048076916666666665 0.38173076875 0.0048076916666666665 0.4177884609375 0.05416666666666667 0.4177884609375 0.05416666666666667 0.38173076875