1 0.6586538458333333 0.1384615390625 0.5275641020833334 0.1384615390625 0.5275641020833334 0.252403846875 0.6586538458333333 0.252403846875 0.6586538458333333 0.1384615390625
1 0.6108974354166666 0.217908653125 0.4897435895833333 0.217908653125 0.4897435895833333 0.3162259609375 0.6108974354166666 0.3162259609375 0.6108974354166666 0.217908653125
1 0.7078525645833333 0.2657451921875 0.5854166666666667 0.2657451921875 0.5854166666666667 0.370552884375 0.7078525645833333 0.370552884375 0.7078525645833333 0.2657451921875
1 0.62580128125 0.30420673125 0.5427884625 0.30420673125 0.5427884625 0.3921875 0.62580128125 0.3921875 0.62580128125 0.30420673125
1 0.6998397437499999 0.36225961562500003 0.57516025625 0.36225961562500003 0.57516025625 0.4545673078125 0.6998397437499999 0.4545673078125 0.6998397437499999 0.36225961562500003
1 0.5605769229166667 0.44230769218750005 0.349358975 0.44230769218750005 0.349358975 0.5855769234375 0.5605769229166667 0.5855769234375 0.5605769229166667 0.44230769218750005
1 0.7158653854166667 0.5118990390625 0.5392628208333333 0.5118990390625 0.5392628208333333 0.658533653125 0.7158653854166667 0.658533653125 0.7158653854166667 0.5118990390625
1 0.56875 0.56670673125 0.4815705125 0.56670673125 0.4815705125 0.6566105765625 0.56875 0.6566105765625 0.56875 0.56670673125
1 0.5150641020833333 0.5764423078124999 0.42980769166666666 0.5764423078124999 0.42980769166666666 0.6293269234375 0.5150641020833333 0.6293269234375 0.5150641020833333 0.5764423078124999
1 0.5988782041666667 0.76875 0.48477564166666665 0.76875 0.48477564166666665 0.8747596156249999 0.5988782041666667 0.8747596156249999 0.5988782041666667 0.76875
2 0.48782051249999997 0.801802884375 0.37243589791666665 0.801802884375 0.37243589791666665 0.9006009609375001 0.48782051249999997 0.9006009609375001 0.48782051249999997 0.801802884375
1 0.5653846145833333 0.8588942312500001 0.44967948750000003 0.8588942312500001 0.44967948750000003 0.9584134609375001 0.5653846145833333 0.9584134609375001 0.5653846145833333 0.8588942312500001