3 0 0.7340275453125 0.14857165970772443 0.75363450625 0.17591092066805844 0.63759028125 0.020862267223382046 0.6171285531249999 0 0.70568053125 0 0.7340275453125
3 0.29735407098121086 0.63730089375 0.1651627139874739 0.6198556359375 0.1415179478079332 0.720218209375 0.2737093048016701 0.7376634671875 0.29735407098121086 0.63730089375
3 0.25121970563674323 0.54301684375 0.0946472338204593 0.52235401875 0.06925597912317327 0.6301297359375 0.22582845093945722 0.6507925625000001 0.25121970563674323 0.54301684375
5 0.41406038204592904 0.5304045421875 0.2761547014613778 0.5122051671875 0.2517710375782881 0.6157040703125001 0.3896767181628392 0.6339034453125 0.41406038204592904 0.5304045421875
4 0.3192980104384134 0.36826005624999997 0.19624956993736953 0.3520213875 0.17394825678496867 0.44668154062500004 0.2969966972860125 0.462920209375 0.3192980104384134 0.36826005624999997
3 0.22693502922755743 0.21510479531249999 0.14464876617954073 0.2042455 0.13074403131524007 0.2632655359375 0.2130302943632568 0.27412483125 0.22693502922755743 0.21510479531249999
3 0.2983152630480167 0.20306386875000002 0.21602900208768266 0.1922045734375 0.2015197139874739 0.253790696875 0.2838059749478079 0.26464999218749996 0.2983152630480167 0.20306386875000002
4 0.3492980292275574 0.2809365890625 0.2601545782881002 0.269172353125 0.243831630480167 0.33845674375 0.33297508141962423 0.3502209796875 0.3492980292275574 0.2809365890625
4 0.42176918371607514 0.2909415671875 0.3371971920668059 0.279780625 0.31953078914405014 0.35476743437499997 0.40410278079331946 0.3659283765625 0.42176918371607514 0.2909415671875
4 0.4111244070981211 0.2269178234375 0.33150483089770355 0.21641045 0.3171970584551148 0.2771412125 0.396816636743215 0.2876485859375 0.4111244070981211 0.2269178234375
4 0.5842279916492693 0.51420239375 0.4573700020876827 0.49746097968749997 0.4334565469728601 0.5989640390625001 0.5603145344467642 0.6157054515625 0.5842279916492693 0.51420239375
4 0.6700131565762004 0.48186656250000004 0.5511552192066806 0.46618091406250006 0.5321453653444677 0.5468701421875 0.6510033027139874 0.562555790625 0.6700131565762004 0.48186656250000004
4 0.8083403549060543 0.5374577484375 0.6251010375782882 0.51327570625 0.5931268643006263 0.6489932781250001 0.7763661816283924 0.6731753203124999 0.8083403549060543 0.5374577484375
4 0.7780069164926932 0.699556575 0.6035295615866388 0.676530846875 0.5722942881002088 0.8091120859375 0.7467716430062631 0.8321378140625001 0.7780069164926932 0.699556575
4 0.7849986638830898 1 0.8015451315240083 0.9297668609375 0.6141153110647182 0.9050317984375 0.5917414237995825 1 0.7849986638830898 1