4 0.15337945511482257 1 0.1529282087682672 0.980651521875 0.04228298538622129 0.9820969937499999 0.04270051983298538 1 0.15337945511482257 1
4 0.1007643903966597 1 0.09965766597077244 0.9525459171874999 0.030546958246346553 0.95344878125 0.03163262630480167 1 0.1007643903966597 1
4 0.06245245511482255 1 0.060549215031315246 0.9183930406249999 0.009697096033402923 0.9190573734375 0.011584839248434238 1 0.06245245511482255 1
4 0.07149863256784968 0.957119321875 0.16988777035490607 0.9558339640625 0.16803370354906055 0.8763353687500001 0.06964456576200417 0.8776207265625 0.07149863256784968 0.957119321875
4 0.08097697494780794 0.8597584625 0.15383259916492695 0.858806675 0.15264409603340293 0.8078460390625001 0.07978847181628392 0.8087978281250001 0.08097697494780794 0.8597584625
4 0.008110442588726513 0.8510249234374999 0.030024580375782883 0.8507386359375 0.02934713152400835 0.8216910734375 0.0074329937369519835 0.821977359375 0.008110442588726513 0.8510249234374999
4 0.03855069519832985 0.8001608484375 0.08008520876826723 0.799618240625 0.07939587682672233 0.7700610718750001 0.03786136325678497 0.7706036796875 0.03855069519832985 0.8001608484375
4 0.0921549686847599 0.7841677109375 0.14288154697286015 0.78350501875 0.14209119206680584 0.7496161953125 0.09136461169102297 0.7502788875 0.0921549686847599 0.7841677109375
4 0.007040787056367432 0.8051603500000001 0.019081966597077244 0.80500304375 0.018327265135699374 0.7726430390625 0.006286087682672233 0.7728003453125 0.007040787056367432 0.8051603500000001
4 0.005810686847599165 0.7524160906249999 0.02585236534446764 0.752154265625 0.02518086012526096 0.7233615062500001 0.005139181628392484 0.72362333125 0.005810686847599165 0.7524160906249999
5 0.40090593528183716 0.7421569390625 0.5445745052192066 0.74028005 0.5419300814196243 0.6268926328125 0.3982615135699374 0.628769521875 0.40090593528183716 0.7421569390625
5 0.5174695803757828 0.6951379249999999 0.6444562546972861 0.6934789671875 0.6419960501043841 0.5879904484375 0.5150093778705637 0.5896494062500001 0.5174695803757828 0.6951379249999999
4 0.3047451231732777 0.6637629328125 0.43207224425887264 0.662099528125 0.4299032233820459 0.5690963640625 0.30257610229645093 0.57075976875 0.3047451231732777 0.6637629328125
4 0.43390357620041753 0.6311075828125 0.584040636743215 0.6291461890625001 0.581253592901879 0.5096434953125 0.43111653444676407 0.5116048890625 0.43390357620041753 0.6311075828125
4 0.5371342025052193 0.5745772796875 0.6007977620041753 0.5737455765624999 0.5990922567849687 0.5006170625 0.5354286993736952 0.501448765625 0.5371342025052193 0.5745772796875
4 0.3623848121085595 0.5652631328125 0.4556672442588727 0.5640444875 0.45385477661795404 0.48632951718750006 0.3605723423799583 0.4875481609375 0.3623848121085595 0.5652631328125
4 0.41002071607515655 0.5123902484375 0.5622004551148225 0.51040216875 0.5595857453027139 0.3982887671875 0.407406006263048 0.40027684687500004 0.41002071607515655 0.5123902484375
3 0.6048573006263048 0.2878437046875 0.7267372713987473 0.2862514625 0.7245028830897703 0.190445465625 0.6026229123173278 0.1920377078125 0.6048573006263048 0.2878437046875
5 0.4906858747390397 0.2330065828125 0.6071186931106471 0.2314855015625 0.6045574676409187 0.121665328125 0.48812464718162835 0.123186409375 0.4906858747390397 0.2330065828125
4 0.6245876764091859 0.192005640625 0.7488507724425887 0.190382265625 0.7465569582463465 0.09202823593750001 0.6222938622129436 0.09365161250000001 0.6245876764091859 0.192005640625
4 0.5927776450939457 0.13494558437499998 0.6925285699373696 0.1336424359375 0.6905140563674321 0.04726415625 0.5907631294363257 0.0485673046875 0.5927776450939457 0.13494558437499998
4 0.5964450083507307 0.0585608671875 0.6812162734864301 0.0574534140625 0.68018227348643 0.013117660937500001 0.5954110104384133 0.014225114062499999 0.5964450083507307 0.0585608671875
4 0.5957603528183716 0 0.5967842066805846 0.0439007890625 0.7074294300626305 0.0424553171875 0.706439286012526 0 0.5957603528183716 0