3 0.6814319145833333 0.0325577609375 0.4194815916666667 0.00843516875 0.38225071666666666 0.235851028125 0.6442010395833333 0.25997361875 0.6814319145833333 0.0325577609375
4 0.6285018041666667 0.24061084375 0.44261257708333335 0.22349259843749997 0.42033268333333335 0.3595839796875 0.6062219104166666 0.376702225 0.6285018041666667 0.24061084375
4 0.46798451666666663 0.33709657656249997 0.28721150625 0.3204494765625 0.2640102645833333 0.46216869374999997 0.44478327291666664 0.4788157953125 0.46798451666666663 0.33709657656249997
4 0.5208605416666666 0.42544894062500005 0.3765832125 0.41216266875 0.35740240208333335 0.5293240453125 0.5016797291666667 0.5426103171875 0.5208605416666666 0.42544894062500005
4 0.4364362895833333 0.49596419062499997 0.2733995 0.480950390625 0.25245975 0.608855821875 0.4154965395833334 0.6238696234375001 0.4364362895833333 0.49596419062499997
4 0.5458399 0.8216648203125001 0.44863177083333333 0.8127130765624999 0.43514657291666664 0.895084175 0.5323547000000001 0.90403591875 0.5458399 0.8216648203125001
4 0.62969055 0.6785196874999999 0.47790943750000003 0.664542403125 0.45889614375 0.7806805359375 0.61067725625 0.79465781875 0.62969055 0.6785196874999999
4 0.6566590833333333 0.754878575 0.5400093291666667 0.7441364828125 0.5247651916666667 0.8372516375 0.6414149458333332 0.8479937296875001 0.6566590833333333 0.754878575
5 0.77990333125 0.6735266515625 0.6407422208333333 0.660711525 0.6233622291666666 0.7668730328125 0.7625233375 0.7796881609375 0.77990333125 0.6735266515625
5 0.81206055625 0.5701541265625 0.6715351208333333 0.5572133609375001 0.6540294916666666 0.664142303125 0.794554925 0.67708306875 0.81206055625 0.5701541265625
4 0.8529754500000001 0.0706863359375 0.7799840833333334 0.0639646765625 0.7696398458333333 0.1271499609375 0.8426312125000001 0.1338716203125 0.8529754500000001 0.0706863359375
3 0.9348360854166666 0.32036467968750004 0.8911776979166667 0.316344246875 0.8859427604166666 0.34832060625 0.9296011479166667 0.3523410375 0.9348360854166666 0.32036467968750004
4 0.91848743125 0.092429115625 0.9277846791666666 0.035639103125 0.8513824999999999 0.028603346875 0.8420852520833333 0.085393359375 0.91848743125 0.092429115625
4 0.8313612625 0.0546738765625 0.8358633104166666 0.027174209375 0.7546859958333333 0.01969871875 0.75018395 0.0471983859375 0.8313612625 0.0546738765625
4 0.8955698395833332 0.2144397265625 0.83963253125 0.2092885484375 0.8324292583333333 0.2532880171875 0.8883665666666667 0.2584391953125 0.8955698395833332 0.2144397265625