1 0.5878402791666667 0.2675139671875 0.7128985333333334 0.2441285734375 0.67267565625 0.12313471250000001 0.5476174020833333 0.14652010625 0.5878402791666667 0.2675139671875
1 0 0.3578864765625 0.05757069375 0.3471209859375 0.037381304166666664 0.28638957187499997 0 0.2933797265625 0 0.3578864765625
1 0.49394910208333337 0.40063545625 0.6974814104166666 0.362575728125 0.6514121854166667 0.2239955515625 0.44787987916666666 0.26205527968750003 0.49394910208333337 0.40063545625
1 0 0.531481859375 0.017171131250000003 0.5282709265625 0.0071154125 0.4980224609375 0 0.49935301406250004 0 0.531481859375
1 0.23152207083333334 0.44983279375 0.33188131666666665 0.431066015625 0.3069368979166667 0.3560310640625 0.20657765 0.3747978421875 0.23152207083333334 0.44983279375
1 0.16640363958333332 0.520165378125 0.3042803625 0.4943829828125 0.26670783124999997 0.3813615859375 0.12883110625 0.40714398125000006 0.16640363958333332 0.520165378125
1 0.27859478125 0.51051835 0.3783287395833333 0.4918684984375 0.3559567125 0.424571525 0.25622275625 0.4432213765625 0.27859478125 0.51051835
1 0.59291586875 0.8746468187499999 0.71015798125 0.8527230125 0.6733649625000001 0.7420464578125 0.55612285 0.7639702640625 0.59291586875 0.8746468187499999
1 0.4727926 0.8379574468750001 0.58784619375 0.816442884375 0.55814674375 0.7271043953125 0.44309315208333333 0.74861895625 0.4727926 0.8379574468750001
1 0.5202382604166667 0.9197434328125 0.6259124854166667 0.899982775 0.5971484520833333 0.8134580953125001 0.4914742270833333 0.8332187531249999 0.5202382604166667 0.9197434328125
2 0.5040056958333333 0.9857912421874999 0.56684746875 0.9740400828125001 0.5485289104166667 0.9189362890625 0.48568713750000003 0.93068745 0.5040056958333333 0.9857912421874999
2 0.18774666041666668 0.8345985640625001 0.24371022916666665 0.8241336015625 0.22975694375 0.782160925 0.173793375 0.7926258875000001 0.18774666041666668 0.8345985640625001
1 0.15423191041666667 0.8676397250000001 0.21175870624999998 0.85688244375 0.19733771458333335 0.8135028625 0.13981091874999999 0.8242601437499999 0.15423191041666667 0.8676397250000001
1 0.20143509791666667 0.8662847421875 0.25333427291666666 0.8565798046875001 0.24171952708333333 0.8216416546875 0.18982035208333334 0.83134659375 0.20143509791666667 0.8662847421875
1 0.09276561874999999 0.6847417140625 0.1837455 0.6677288406249999 0.16386791458333333 0.6079353625 0.07288803541666668 0.6249482359375 0.09276561874999999 0.6847417140625
2 0.10464100833333334 0.7349483625000001 0.1384067375 0.72863430625 0.12881872708333333 0.6997927484375001 0.09505299791666667 0.7061068046875 0.10464100833333334 0.7349483625000001
1 0.06517265 0.7385928765625 0.10550393749999999 0.7310510875 0.09653953541666667 0.7040854015625 0.05620824791666667 0.7116271921874999 0.06517265 0.7385928765625