3 0.18531542916666668 0.8116231375 0.1204487875 0.8210797359375 0.13343026041666667 0.8711676468749999 0.1982969 0.8617110484375001 0.18531542916666668 0.8116231375
5 0.17176110833333333 0.7657224578124999 0.10625538958333333 0.7752722234375 0.11842939999999999 0.8222446187499999 0.18393512083333335 0.8126948515624999 0.17176110833333333 0.7657224578124999
4 0.14665058125 0.7155374578125 0.08977244375 0.72382945 0.10207068125 0.7712811546875 0.15894881875 0.7629891625 0.14665058125 0.7155374578125
4 0.4891616541666667 0.6705786046875 0.36038699375 0.6893520484375 0.3939276375 0.8187657875 0.5227022979166667 0.7999923453125 0.4891616541666667 0.6705786046875
4 0.6702947020833334 0.5045213421875 0.5450349833333333 0.5227823593750001 0.5682649854166667 0.6124133578125 0.6935247041666667 0.594152340625 0.6702947020833334 0.5045213421875
4 0.41137669791666664 0.5636568359374999 0.23914458541666667 0.588765734375 0.2728715666666667 0.7188984390625001 0.44510367916666665 0.693789540625 0.41137669791666664 0.5636568359374999
4 0.6067562166666666 0.391791996875 0.4310091625 0.41741332187499997 0.46759331041666663 0.5585701609375 0.6433403645833333 0.532948834375 0.6067562166666666 0.391791996875
4 0.42178739375 0.412539965625 0.2968472145833333 0.4307543984375 0.3220026979166667 0.5278147046874999 0.446942875 0.509600271875 0.42178739375 0.412539965625
4 0.5250960708333333 0.3486075453125 0.41709151666666666 0.3643530140625 0.43771280208333335 0.4439185 0.54571735625 0.42817303124999995 0.5250960708333333 0.3486075453125
4 0.6377061562499999 0.23867565000000002 0.5220326416666666 0.25553913906250003 0.5459458770833333 0.34780634374999997 0.66161939375 0.330942853125 0.6377061562499999 0.23867565000000002
4 0.503070125 0.24251050156249998 0.37717132708333334 0.2608646859375 0.40356905625 0.36271809374999997 0.5294678541666666 0.3443639078125 0.503070125 0.24251050156249998
4 0 0.262626728125 0.08635871875 0.2500369015625 0.06760080208333334 0.1776610703125 0 0.18751626875 0 0.262626728125