1 0.7283399479166667 0.0006200390624999999 0.5682870375 0.0006200390624999999 0.5682870375 0.0378224203125 0.7283399479166667 0.0378224203125 0.7283399479166667 0.0006200390624999999
1 0.61193783125 0.3562748015625 0.48792989374999995 0.3562748015625 0.48792989374999995 0.45696924531249994 0.61193783125 0.45696924531249994 0.61193783125 0.3562748015625
1 0.5613425916666667 0.4583333328125 0.44990079375 0.4583333328125 0.44990079375 0.53720238125 0.5613425916666667 0.53720238125 0.5613425916666667 0.4583333328125
1 0.5175264541666666 0.3880208328125 0.3875661375 0.3880208328125 0.3875661375 0.4874751984375 0.5175264541666666 0.4874751984375 0.5175264541666666 0.3880208328125
2 0.5051256604166666 0.4861111109375 0.39897486875 0.4861111109375 0.39897486875 0.5734126984375 0.5051256604166666 0.5734126984375 0.5051256604166666 0.4861111109375
1 0.511574075 0.563244046875 0.374338625 0.563244046875 0.374338625 0.6552579359374999 0.511574075 0.6552579359374999 0.511574075 0.563244046875
2 0.6349206354166667 0.5071924609375 0.49272486875 0.5071924609375 0.49272486875 0.6185515875 0.6349206354166667 0.6185515875 0.6349206354166667 0.5071924609375
2 0.12814153541666667 0.8515625 0.05307539583333333 0.8515625 0.05307539583333333 0.9061259921874999 0.12814153541666667 0.9061259921874999 0.12814153541666667 0.8515625
2 0.06944444375 0.8567708328125001 0.0013227520833333332 0.8567708328125001 0.0013227520833333332 0.920262896875 0.06944444375 0.920262896875 0.06944444375 0.8567708328125001
2 0.5667989416666667 0.7845982140625 0.4546957666666666 0.7845982140625 0.4546957666666666 0.89521329375 0.5667989416666667 0.89521329375 0.5667989416666667 0.7845982140625
1 0.15062830624999998 0.36049107187499996 0.07622354583333334 0.36049107187499996 0.07622354583333334 0.41207837343750003 0.15062830624999998 0.41207837343750003 0.15062830624999998 0.36049107187499996