4 0 0.12203577968749998 0.040818672233820456 0.1177422265625 0.031405315240083505 0.0676122515625 0 0.0709156515625 0 0.12203577968749998
4 0 0.1850474890625 0.025200146137787056 0.1823967859375 0.017246615866388308 0.140040978125 0 0.14185508125 0 0.1850474890625
3 0.2487669561586639 0.34887260468750003 0.3207609707724426 0.34129984062499996 0.3104415177453027 0.28634451875 0.23844750104384133 0.29391728437500003 0.2487669561586639 0.34887260468750003
4 0.30620147181628393 0.34351471875 0.3588538121085595 0.337976428125 0.3515546868475992 0.2991055921875 0.2989023465553236 0.3046438828125 0.30620147181628393 0.34351471875
4 0.3820754258872651 0.296305290625 0.42684782254697284 0.2915958609375 0.4208575052192067 0.2596949671875 0.37608510855949895 0.2644043984375 0.3820754258872651 0.296305290625
4 0.4132428517745303 0.3669734109375 0.4483444112734864 0.3632812171875 0.4429581607515658 0.3345972203125 0.40785659916492695 0.3382894140625 0.4132428517745303 0.3669734109375
5 0.196539630480167 0.45879340468749996 0.2466847139874739 0.45351884218749994 0.2380767807933194 0.40767806249999994 0.18793169519832986 0.41295262499999996 0.196539630480167 0.45879340468749996
4 0.3347803382045929 0.441245346875 0.3856417807933194 0.4358954328125 0.3788460438413361 0.39970534375 0.32798459916492695 0.4050552578125 0.3347803382045929 0.441245346875
5 0.41548489561586643 0.46255365 0.5207895762004175 0.45147706718749997 0.5062920020876827 0.37427154375 0.4009873215031315 0.38534812500000004 0.41548489561586643 0.46255365
4 0.5566355490605428 0.3963130734375 0.649403956158664 0.3865551328125 0.6367689185803758 0.31926837343750003 0.544000509394572 0.3290263140625 0.5566355490605428 0.3963130734375
5 0.5681079624217119 0.475887075 0.6698308496868476 0.4651872484375 0.6551822588726515 0.3871774984375 0.553459369519833 0.3978773265625 0.5681079624217119 0.475887075
5 0.6236363674321502 0.42439352656249996 0.6838104718162838 0.41806405 0.6736420334029227 0.3639129546875 0.6134679290187891 0.3702424296875 0.6236363674321502 0.42439352656249996
4 0.7207358810020876 0.521340925 0.806698885177453 0.5122988187499999 0.7947182505219207 0.44849703124999996 0.7087552463465553 0.4575391390625 0.7207358810020876 0.521340925
5 0.7799535469728601 0.5099180296875 0.837262217118998 0.503889959375 0.8262883569937369 0.4454496671875 0.7689796889352819 0.45147773906250005 0.7799535469728601 0.5099180296875
5 0.6054428455114822 0.5453597234374999 0.7107475260960334 0.5342831421875001 0.6963506283924843 0.4576137671875 0.5910459478079333 0.46869034843749996 0.6054428455114822 0.5453597234374999
4 0.7412818288100209 0.5607319687500001 0.8154249227557412 0.55293315 0.8066156325678497 0.5060200734375 0.7324725386221295 0.513818890625 0.7412818288100209 0.5607319687500001
4 0.780065878914405 0.60777255625 0.8377327286012526 0.601706809375 0.8291247933194155 0.55586603125 0.7714579436325678 0.5619317781250001 0.780065878914405 0.60777255625
4 0.6035503173277661 0.579046575 0.6927369352818371 0.5696653890625 0.6817630772442588 0.511225096875 0.592576459290188 0.520606284375 0.6035503173277661 0.579046575
4 0.5976936137787056 0.604265890625 0.667180375782881 0.596956853125 0.6588744739039666 0.552724521875 0.5893877098121085 0.5600335578125 0.5976936137787056 0.604265890625
4 0.6273915177453027 0.62820568125 0.6639257974947809 0.6243627859374999 0.6586905615866389 0.5964830140624999 0.6221562839248435 0.600325909375 0.6273915177453027 0.62820568125
4 0.6892113194154489 0.6442561015625 0.7687270981210856 0.6358921515625 0.7566961252609603 0.571822290625 0.677180344467641 0.5801862390625 0.6892113194154489 0.6442561015625
4 0.695045776617954 0.6685190375000001 0.7673979728601252 0.6609085968749999 0.760350540709812 0.623378134375 0.6879983444676409 0.630988575 0.695045776617954 0.6685190375000001
4 0.46721856784968685 0.4900530359375 0.5521070354906055 0.4811239546875 0.5399250438413361 0.41624986875000003 0.45503657828810024 0.42517895 0.46721856784968685 0.4900530359375
5 0.44336583089770354 0.6470158734375 0.5490286889352818 0.6359016171875 0.5336753528183716 0.5541388234375 0.42801249478079334 0.5652530812500001 0.44336583089770354 0.6470158734375
4 0.4787916576200418 0.570163184375 0.5661873799582463 0.560970375 0.5536026784968685 0.49395169218749996 0.46620695824634656 0.5031445015625 0.4787916576200418 0.570163184375
4 0.5247906033402923 0.6332571031249999 0.5731447954070982 0.6281709171875 0.5634797453027139 0.5767005671875001 0.5151255532359081 0.5817867531250001 0.5247906033402923 0.6332571031249999
4 0.5163879415448852 0.705217059375 0.6127381440501044 0.6950823640625 0.5993480229645094 0.6237744843749999 0.5029978204592902 0.6339091796874999 0.5163879415448852 0.705217059375
4 0.49980135699373696 0.7433199046875 0.5800334926931107 0.7348806046874999 0.5693616680584551 0.678048759375 0.48912953027139877 0.686488059375 0.49980135699373696 0.7433199046875
4 0.4109873590814196 0.5455843687499999 0.4858468100208768 0.5377102 0.474268885177453 0.47605301093749997 0.3994094342379958 0.48392717812499997 0.4109873590814196 0.5455843687499999
4 0.3339004300626305 0.5795262703125 0.42165433194154484 0.5702957859375 0.40846556576200416 0.5000602062499999 0.3207116638830898 0.509290690625 0.3339004300626305 0.5795262703125
4 0.35383070981210857 0.6448155078125 0.43621192275574117 0.63615015625 0.4238285782881002 0.5702037703125 0.341447363256785 0.5788691234375001 0.35383070981210857 0.6448155078125
4 0.32770591231732776 0.699230340625 0.3925363465553236 0.692411084375 0.3823679081419624 0.6382599875 0.3175374759916493 0.6450792437499999 0.32770591231732776 0.699230340625
5 0.30876690814196245 0.6022626375 0.38613361377870564 0.594124740625 0.37445501043841334 0.5319314015625001 0.2970883068893528 0.5400692984375 0.30876690814196245 0.6022626375
5 0.33473389561586636 0.5071323234375 0.40135522338204593 0.500124690625 0.3908847536534447 0.44436514374999997 0.32426342379958245 0.451372778125 0.33473389561586636 0.5071323234375
4 0.24559567014613778 0.48370405937500005 0.2885771711899791 0.47918300468749997 0.28273787056367433 0.448086334375 0.2397563674321503 0.4526073890625 0.24559567014613778 0.48370405937500005