4 0.4969346041666666 0.04679866875 0.5321462 0.04910913125 0.5355120562500001 0.0202551859375 0.5003004625 0.017944725 0.4969346041666666 0.04679866875
4 0.5249363708333333 0.0207932296875 0.5474326666666667 0.0222693578125 0.5497146041666666 0.0027073609374999997 0.5272183083333333 0.0012312328125 0.5249363708333333 0.0207932296875
5 0.5532445145833333 0.042855234375 0.5969329729166667 0.04572191875 0.6015824208333334 0.0058643484375 0.5578939625 0.002997665625 0.5532445145833333 0.042855234375
3 0.67572735625 0.341886540625 0.7288707833333333 0.345373625 0.7332635125 0.30771678125 0.6801200854166667 0.3042296953125 0.67572735625 0.341886540625
5 0.7421183604166667 0.375440884375 0.7880890541666666 0.3784573203125 0.7921965416666666 0.3432457265625 0.7462258479166667 0.340229290625 0.7421183604166667 0.375440884375
4 0.7567159604166667 0.3404248203125 0.79192755625 0.3427352828125 0.7951793166666667 0.3148594375 0.7599677208333334 0.312548975 0.7567159604166667 0.3404248203125
4 0.7341193854166667 0.31023690625 0.7725913125 0.3127612984375 0.7754152104166666 0.288553328125 0.7369432833333334 0.2860289359375 0.7341193854166667 0.31023690625
4 0.48608468958333334 0.37638140781249996 0.6001963395833333 0.38386901562500003 0.6093526125000001 0.30537650156249996 0.4952409625 0.29788889531249996 0.48608468958333334 0.37638140781249996
5 0.5920361958333333 0.3059650359375 0.6197490229166667 0.3077834546875 0.6223447270833333 0.28553168281249997 0.5946318979166667 0.2837132640625 0.5920361958333333 0.3059650359375
4 0.44352892083333334 0.355355696875 0.527319475 0.360853740625 0.5361049354166667 0.2855400515625 0.45231437916666667 0.2800420078125 0.44352892083333334 0.355355696875
4 0.3416208333333334 0.33055869375 0.44432131875 0.33729753906250004 0.45319235 0.2612502765625 0.35049186458333337 0.2545114296875 0.3416208333333334 0.33055869375
3 0.5668074125 0.3096071375 0.59419420625 0.3114041640625 0.5961909020833333 0.29428741718749996 0.5688041062500001 0.2924903921875 0.5668074125 0.3096071375
4 0.2700451479166667 0.38228697500000003 0.39230762916666667 0.3903094109375 0.40274749374999996 0.300813275 0.28048501249999996 0.2927908390625 0.2700451479166667 0.38228697500000003
4 0.4860942979166667 0.4734623078125 0.6086828104166667 0.4815061359375 0.6195505354166666 0.3883421265625 0.4969620229166667 0.380298296875 0.4860942979166667 0.4734623078125
4 0.3037726708333333 0.4789931625 0.4449450833333334 0.48825640156250005 0.4573816416666666 0.3816435171875 0.31620922916666666 0.37238027812499996 0.3037726708333333 0.4789931625
5 0.45734210833333333 0.5988395453125 0.5965583208333334 0.607974425 0.6088237333333333 0.502828690625 0.46960752083333335 0.49369381093750003 0.45734210833333333 0.5988395453125