5 0.5469717395833332 0.6415205375 0.41141607291666665 0.61804891875 0.37627727499999997 0.7322010609375 0.5118329416666667 0.7556726796875 0.5469717395833332 0.6415205375
5 0.32797169791666664 0.8071704265624999 0.21721694166666666 0.7879931140624999 0.18223501458333333 0.9016356468750001 0.29298977083333333 0.920812959375 0.32797169791666664 0.8071704265624999
5 0.36789185416666664 0.598435328125 0.23539383333333333 0.5754931453125 0.20276495 0.6814915625 0.33526297083333334 0.7044337453125 0.36789185416666664 0.598435328125
4 0.3234413875 0.5667182234375 0.26025002291666666 0.5557765671875 0.24879853958333334 0.5929779359375 0.3119899020833333 0.6039195921875 0.3234413875 0.5667182234375
4 0.21408643749999998 0.6388999859375 0.18928552499999998 0.6346056796874999 0.18410882708333334 0.6514227359375 0.20890973958333334 0.6557170421875 0.21408643749999998 0.6388999859375
4 0.26935064583333335 0.508774671875 0.20480032708333334 0.4975977109375 0.19028988541666667 0.5447364296874999 0.25484020416666664 0.555913390625 0.26935064583333335 0.508774671875
4 0 0.5217177625 0.06508193125 0.5329867734375 0.0861024625 0.46469933125 0.0021870500000000003 0.45016928125 0 0.457274146875 0 0.5217177625
4 0.15061334583333333 0.4777481578125 0.07756956458333333 0.46510054375000004 0.064863125 0.5063787750000001 0.13790690416666665 0.5190263890625 0.15061334583333333 0.4777481578125
4 0.17730608958333333 0.4009152 0.12804400416666667 0.3923854140625 0.11729843541666667 0.4272935484375 0.16656051875 0.43582333437500004 0.17730608958333333 0.4009152
4 0.13187758958333334 0.3531940375 0.040148189583333334 0.3373109875 0.020696354166666667 0.40050235 0.11242575625 0.4163854015625 0.13187758958333334 0.3531940375
4 0.5546052666666667 0.4144466859375 0.4139535208333333 0.3900926765625 0.38289333333333336 0.490995015625 0.5235450791666667 0.5153490265625 0.5546052666666667 0.4144466859375
4 0.5678846770833333 0.2847006296875 0.449655675 0.2642291421875 0.4219681833333333 0.3541749140625 0.5401971875 0.3746464015625 0.5678846770833333 0.2847006296875
4 0.46237587708333333 0.3217189625 0.3526403354166667 0.30271812656249997 0.32675684583333336 0.3868034109375 0.4364923875 0.40580424531250003 0.46237587708333333 0.3217189625
4 0.42506472500000003 0.25285898906250004 0.3346942770833333 0.23721124218749998 0.31045791875 0.31594564531249997 0.4008283645833333 0.33159339062500004 0.42506472500000003 0.25285898906250004
4 0.5995469999999999 0.1754484234375 0.49932413750000004 0.1580947203125 0.476656475 0.23173304374999998 0.5768793375 0.249086746875 0.5995469999999999 0.1754484234375
4 0.49570248125000005 0.174510071875 0.435229025 0.16403902343750001 0.41711058333333334 0.22289872187499998 0.4775840375 0.2333697703125 0.49570248125000005 0.174510071875
4 0.6174986333333333 0.09213680937499999 0.5390190374999999 0.078547978125 0.51854755 0.14505179375 0.5970271479166667 0.158640625 0.6174986333333333 0.09213680937499999
4 0.5288606354166666 0.1202674046875 0.47688064166666666 0.111267009375 0.46307611249999997 0.1561124921875 0.51505610625 0.1651128875 0.5288606354166666 0.1202674046875
4 0.7440133166666667 1 0.7490776979166667 0.9835478156249999 0.6960784875 0.9743709421875 0.6881892416666666 1 0.7440133166666667 1
4 0.6320073208333333 1 0.63548431875 0.9887046015625 0.5862222354166666 0.980174815625 0.5801195625 1 0.6320073208333333 1
4 0.8258134895833333 0.8354011484375 0.7660195104166667 0.825047753125 0.7521365479166667 0.8701480406250001 0.8119305270833334 0.8805014375000001 0.8258134895833333 0.8354011484375
4 0.8045364625 0.8649967437500001 0.7406656208333333 0.8539374343749999 0.7254492666666666 0.9033693890625001 0.78932010625 0.9144286984375001 0.8045364625 0.8649967437500001
4 0.8918848770833333 0.8044366625 0.84771886875 0.7967892671875 0.8378360833333333 0.8288945562500001 0.8820020895833333 0.8365419515625 0.8918848770833333 0.8044366625
4 0.8309997958333334 0.9504969687499999 0.7858145729166667 0.9426730953125 0.777029875 0.9712111296874999 0.8222150979166667 0.9790350015625 0.8309997958333334 0.9504969687499999
4 0.852080525 0.7146135390625 0.80451713125 0.7063778828125 0.7947912145833332 0.7379735640625 0.84235460625 0.7462092203124999 0.852080525 0.7146135390625
4 0.7637532041666667 0.7661474187499999 0.7029400104166666 0.75561754375 0.6890570479166667 0.8007178328125001 0.7498702416666667 0.81124770625 0.7637532041666667 0.7661474187499999
4 0.7050310958333333 0.752893190625 0.6489742395833333 0.7431868828125 0.6355618854166667 0.7867583453125 0.6916187416666666 0.7964646546874999 0.7050310958333333 0.752893190625
4 0.6075709270833334 0.7957335062500001 0.5532127666666666 0.786321328125 0.5384670208333334 0.8342244578125 0.5928251833333333 0.8436366359375 0.6075709270833334 0.7957335062500001
4 0.5701110979166667 0.7663003796875001 0.51031711875 0.7559469828125 0.4961204166666667 0.8020664875 0.5559143958333334 0.8124198828125 0.5701110979166667 0.7663003796875001
4 0.7250911833333333 0.6325069562500001 0.6737906687499999 0.6236242140625 0.6623391854166666 0.66082558125 0.7136397 0.6697083234375001 0.7250911833333333 0.6325069562500001
4 0.6231187229166667 0.6039807171875 0.5888051333333333 0.5980392796875 0.5803341729166667 0.6255581 0.6146477625000001 0.6314995375 0.6231187229166667 0.6039807171875
4 0.6414459229166667 0.65197438125 0.5962607 0.644150509375 0.5844170437499999 0.6826258953125001 0.6296022645833333 0.6904497671875001 0.6414459229166667 0.65197438125
4 0.8558403854166666 1 0.8574421583333333 0.9947964671875 0.8350194145833334 0.9909139437500001 0.83222250625 1 0.8558403854166666 1
4 0.9021642062499999 0.7361680625 0.8841580645833333 0.733050278125 0.8787460625 0.7506317484375 0.8967522041666667 0.7537495328125 0.9021642062499999 0.7361680625
4 0.5959860583333333 0.95891851875 0.5735633166666666 0.9550359953124999 0.5683866187500001 0.971853053125 0.5908093604166668 0.9757355750000001 0.5959860583333333 0.95891851875
4 0.7304258375 0.8151272796875 0.6760676770833334 0.8057151015624999 0.6638318437499999 0.8454645078125 0.71819000625 0.8548766859375 0.7304258375 0.8151272796875
4 0.8341781604166666 0.7175523859374999 0.7815186895833333 0.7084343375000001 0.76826320625 0.7514961953125 0.8209226770833333 0.7606142421875 0.8341781604166666 0.7175523859374999
5 0.36663679791666665 0.2903804578125 0.300727525 0.2789681921875 0.2868445625 0.3240684796875 0.35275383541666666 0.3354807453125 0.36663679791666665 0.2903804578125
5 0.31886847083333336 0.2490979671875 0.25805527708333337 0.23856809218750002 0.24464292291666664 0.2821395578125 0.30545611874999995 0.29266943125 0.31886847083333336 0.2490979671875
5 0.29425949375 0.277311475 0.22631179166666668 0.265546253125 0.2110954375 0.31497820781249997 0.2790431395833333 0.3267434296875 0.29425949375 0.277311475
5 0.26851131666666667 0 0.25712662708333334 0.0369843796875 0.3223564229166667 0.04827899375 0.33721786875 0 0.26851131666666667 0
4 0.6881510145833333 0.522916703125 0.67286278125 0.5202695281249999 0.6688626041666667 0.5332645265625 0.6841508375 0.5359117015625 0.6881510145833333 0.522916703125
4 0.73904678125 0.9463841359374999 0.6952205104166667 0.9387955671875 0.6844749416666667 0.9737037015625001 0.7283012104166667 0.9812922703125 0.73904678125 0.9463841359374999
4 0.7822629479166667 0.7129915578125 0.7309624312499999 0.7041088156249999 0.7186481666666666 0.7441130265625 0.76994868125 0.75299576875 0.7822629479166667 0.7129915578125
4 0.6363926645833333 0.7265155796875 0.5912074395833333 0.71869170625 0.5814030875 0.7505421921875 0.6265883124999999 0.758366065625 0.6363926645833333 0.7265155796875
4 0.6344805145833334 0.7612087265625 0.5872568604166666 0.7530318968749999 0.5758838125000001 0.7899784609375 0.6231074645833333 0.7981552890625 0.6344805145833334 0.7612087265625