3 0.5418320104166666 0.08209325468749999 0.31200396875 0.08209325468749999 0.31200396875 0.25967261875 0.5418320104166666 0.25967261875 0.5418320104166666 0.08209325468749999
4 0.88740079375 0.2278025796875 0.66848545 0.2278025796875 0.66848545 0.397693453125 0.88740079375 0.397693453125 0.88740079375 0.2278025796875
4 0.9029431208333333 0.23648313437500001 0.83779761875 0.23648313437500001 0.83779761875 0.333209325 0.9029431208333333 0.333209325 0.9029431208333333 0.23648313437500001
4 0.8602843916666667 0.40414186562500004 0.6397156083333333 0.40414186562500004 0.6397156083333333 0.5502232140625 0.8602843916666667 0.5502232140625 0.8602843916666667 0.40414186562500004
4 0.7655423270833333 0.47705853125 0.6173941791666666 0.47705853125 0.6173941791666666 0.5648561515625 0.7655423270833333 0.5648561515625 0.7655423270833333 0.47705853125
4 0.78174603125 0.5613839281249999 0.5697751312499999 0.5613839281249999 0.5697751312499999 0.7191220234375 0.78174603125 0.7191220234375 0.78174603125 0.5613839281249999
4 0.6512896833333334 0.5577876984375 0.5689484125 0.5577876984375 0.5689484125 0.615575396875 0.6512896833333334 0.615575396875 0.6512896833333334 0.5577876984375
4 0.58068783125 0.689980159375 0.51785714375 0.689980159375 0.51785714375 0.7435515875 0.58068783125 0.7435515875 0.58068783125 0.689980159375
4 0.5077711645833333 0.29228670625 0.30902777708333334 0.29228670625 0.30902777708333334 0.44729662656249997 0.5077711645833333 0.44729662656249997 0.5077711645833333 0.29228670625
4 0.5449735458333334 0.338913690625 0.450396825 0.338913690625 0.450396825 0.4443204359375 0.5449735458333334 0.4443204359375 0.5449735458333334 0.338913690625
4 0.45800264583333333 0.44134424531249994 0.2516534395833333 0.44134424531249994 0.2516534395833333 0.573040675 0.45800264583333333 0.573040675 0.45800264583333333 0.44134424531249994
4 0.4270833333333333 0.573040675 0.25843253958333334 0.573040675 0.25843253958333334 0.698784721875 0.4270833333333333 0.698784721875 0.4270833333333333 0.573040675