4 0.7949591670146138 0 0.8146183486430062 0.0637319015625 0.8753412505219207 0.053239565625 0.8589186075156576 0 0.7949591670146138 0
4 0.5504463674321504 0.075448703125 0.6008263590814196 0.0667435234375 0.587423592901879 0.023293910937500002 0.5370436012526095 0.031999090625 0.5504463674321504 0.075448703125
4 0.8717077724425887 0.24311029843749998 0.9307624634655532 0.2329062140625 0.9002596137787057 0.13402088750000002 0.8412049227557411 0.144224971875 0.8717077724425887 0.24311029843749998
4 0.8585604446764091 0.29219959375000004 0.9444733402922756 0.27735466875000003 0.9217502567849687 0.20369009531249999 0.8358373611691023 0.21853501875 0.8585604446764091 0.29219959375000004
4 0.8816959144050104 0.3797329734375 0.9712788747390396 0.364253896875 0.9509436409185804 0.29833034375 0.8613606805845512 0.31380942031250003 0.8816959144050104 0.3797329734375
4 0.9312374008350731 0.4383742921875 0.990959375782881 0.42805490781250005 0.9654633068893529 0.34540075937500003 0.9057413319415449 0.35572014375 0.9312374008350731 0.4383742921875
4 1 0.457363159375 0.9880708475991649 0.4186907671875 0.9068289436325678 0.4327285890625 0.9269330939457202 0.497903009375 1 0.48527774843750004 1 0.457363159375
4 1 0.5849608265625 0.9923362171189979 0.5601160734375 0.934949739039666 0.57003190625 0.9455024926931106 0.6042422328125 1 0.594825584375 1 0.5849608265625
3 0.40090070354906054 0.43256247343750004 0.49598876409185805 0.4161321671875 0.472726490605428 0.34071962031249997 0.3776384300626305 0.357149925 0.40090070354906054 0.43256247343750004
3 0.3968153590814196 0.4984973453125 0.510253745302714 0.47889627968750004 0.4745900605427975 0.3632803546875 0.3611516743215031 0.38288141875 0.3968153590814196 0.4984973453125
3 0.30004020668058456 0.569269778125 0.4401699791231733 0.5450566968749999 0.409281993736952 0.44492281718750004 0.2691522192066806 0.46913589843750003 0.30004020668058456 0.569269778125
4 0.3132265887265136 0.6268283515624999 0.39563624217119 0.612588753125 0.3723739686847599 0.5371762062500001 0.28996431524008354 0.551415803125 0.3132265887265136 0.6268283515624999
3 0.3945666576200418 0.679186121875 0.5557158956158663 0.651341078125 0.524365745302714 0.5497089374999999 0.36321650730688937 0.5775539796875 0.3945666576200418 0.679186121875
3 0.623942745302714 0.6156173125 0.7470567599164927 0.594344390625 0.7162458016701462 0.494460221875 0.5931317849686847 0.51573314375 0.623942745302714 0.6156173125
3 0.7246748329853862 0.580457921875 0.8611345407098121 0.5568789921875 0.8324803486430062 0.46398671562500005 0.6960206409185804 0.4875656453125 0.7246748329853862 0.580457921875
3 0.7518172275574113 0.6929433921875 0.9032908392484342 0.6667702046875 0.8687055365344468 0.5546502249999999 0.7172319248434239 0.5808234125 0.7518172275574113 0.6929433921875
3 0.5919761670146138 0.7147759546875 0.7344414363256785 0.6901593218750001 0.7010115448851775 0.581785 0.5585462755741126 0.6064016328124999 0.5919761670146138 0.7147759546875
4 0.6687886764091858 0.7860644265625 0.7445254822546973 0.7729778328125 0.7176429206680585 0.6858288953125 0.641906114822547 0.6989154890625 0.6687886764091858 0.7860644265625
4 0.5880573235908142 0.8803666453125001 0.7148414029227558 0.858459571875 0.6824128684759917 0.7533314843750001 0.5556287891440501 0.7752385578125 0.5880573235908142 0.8803666453125001
4 0.5336461607515658 0.8754337812499999 0.5983727703549061 0.86424964375 0.5723375093945721 0.7798475203125 0.5076108997912318 0.7910316578125001 0.5336461607515658 0.8754337812499999
4 0.7284791106471816 0.728932928125 0.8065514133611691 0.7154427828125 0.7876796993736952 0.6542637296875 0.7096073966597077 0.667753875 0.7284791106471816 0.728932928125