1 0.6330553250000001 0.7325900234375 0.58230643125 0.7299284921875 0.5786881395833333 0.7687364718749999 0.6294370354166666 0.7713980031250001 0.6330553250000001 0.7325900234375
1 0.6370864104166666 0.6750547828125 0.38533209166666665 0.6618515 0.3643877541666667 0.8864899890625001 0.6161420729166667 0.8996932703124999 0.6370864104166666 0.6750547828125
1 0.3867107229166667 0.8544126453124999 0.34160059375 0.8520468390625 0.33881729375 0.88189913125 0.3839274229166667 0.8842649359375001 0.3867107229166667 0.8544126453124999
1 0.561578775 0.6412215078125 0.4086687083333333 0.6332021234375 0.4013857375 0.7113156171874999 0.5542958041666667 0.7193350015625 0.561578775 0.6412215078125
1 0.4861569958333333 0.3472828125 0.37935213333333334 0.3416814203125 0.3716748625 0.42402398750000003 0.47847972499999997 0.42962538125 0.4861569958333333 0.3472828125
1 0.07344345833333334 0.2336433359375 0.0238554875 0.231042690625 0.02183759375 0.2526856015625 0.07142556666666668 0.2552862484375 0.07344345833333334 0.2336433359375
1 0.5307774645833333 0.294126153125 0.4694144229166667 0.2909079625 0.46556418958333334 0.33220363124999996 0.5269272333333334 0.33542182343750004 0.5307774645833333 0.294126153125
1 0.47603196666666664 0.27713083906249997 0.40538154583333336 0.27342557031250003 0.4012065958333333 0.3182040046875 0.47185701666666663 0.321909275 0.47603196666666664 0.27713083906249997
1 0.4669157291666667 0.160409475 0.34054103125 0.15378173906249998 0.33019643125000003 0.264732753125 0.4565711291666667 0.2713604890625 0.4669157291666667 0.160409475
1 0.63505710625 0.2034756828125 0.4758448916666667 0.19512578125 0.46559306666666667 0.3050817171875 0.6248052833333334 0.31343161875000003 0.63505710625 0.2034756828125
1 0.7381218708333334 0.24025410625000002 0.60876194375 0.23346981093750002 0.5997857999999999 0.32974344843750003 0.7291457270833334 0.33652774375 0.7381218708333334 0.24025410625000002
1 0.7810756145833333 0.153137 0.65934460625 0.146752803125 0.6501365208333334 0.24551413281249998 0.7718675270833334 0.251898328125 0.7810756145833333 0.153137
1 0.8259876895833334 0.2166138765625 0.7284702041666667 0.21149956093750003 0.7215583416666667 0.2856327484375 0.819075825 0.2907470640625 0.8259876895833334 0.2166138765625