4 0.9655448708333334 0.150240384375 0.8793269229166667 0.150240384375 0.8793269229166667 0.2084134609375 0.9655448708333334 0.2084134609375 0.9655448708333334 0.150240384375
4 0.9958333333333333 0.23581730781250002 0.9083333333333333 0.23581730781250002 0.9083333333333333 0.2987980765625 0.9958333333333333 0.2987980765625 0.9958333333333333 0.23581730781250002
4 0.9987179479166667 0.2947115390625 0.9589743583333333 0.2947115390625 0.9589743583333333 0.350240384375 0.9987179479166667 0.350240384375 0.9987179479166667 0.2947115390625
3 0.31506410208333335 0.14891826875 0.22019230833333334 0.14891826875 0.22019230833333334 0.23401442343749998 0.31506410208333335 0.23401442343749998 0.31506410208333335 0.14891826875
5 0.43108974375000003 0.1925480765625 0.32083333333333336 0.1925480765625 0.32083333333333336 0.2834134609375 0.43108974375000003 0.2834134609375 0.43108974375000003 0.1925480765625
4 0.30977564166666666 0.23329326875 0.20432692291666665 0.23329326875 0.20432692291666665 0.3150240390625 0.30977564166666666 0.3150240390625 0.30977564166666666 0.23329326875
4 0.3347756416666667 0.3087740390625 0.24983974375 0.3087740390625 0.24983974375 0.37415865312499996 0.3347756416666667 0.37415865312499996 0.3347756416666667 0.3087740390625
4 0.33301282083333333 0.3719951921875 0.24455128125 0.3719951921875 0.24455128125 0.43449519218750005 0.33301282083333333 0.43449519218750005 0.33301282083333333 0.3719951921875
4 0.38493589791666666 0.42451923125 0.3137820520833333 0.42451923125 0.3137820520833333 0.47956730781249995 0.38493589791666666 0.47956730781249995 0.38493589791666666 0.42451923125
4 0.32067307708333337 0.44326923125000006 0.24919871875000002 0.44326923125000006 0.24919871875000002 0.4918269234375 0.32067307708333337 0.4918269234375 0.32067307708333337 0.44326923125000006
4 0.3725961541666667 0.477884615625 0.31266025625 0.477884615625 0.31266025625 0.52235576875 0.3725961541666667 0.52235576875 0.3725961541666667 0.477884615625
4 0.33782051249999995 0.4996394234375 0.29647435833333335 0.4996394234375 0.29647435833333335 0.53016826875 0.33782051249999995 0.53016826875 0.33782051249999995 0.4996394234375
4 0.9985576916666666 0.591346153125 0.9600961541666667 0.591346153125 0.9600961541666667 0.62139423125 0.9985576916666666 0.62139423125 0.9985576916666666 0.591346153125
3 0.16730769166666667 0.6043269234374999 0.09166666666666666 0.6043269234374999 0.09166666666666666 0.6574519234375 0.16730769166666667 0.6574519234375 0.16730769166666667 0.6043269234374999
5 0.13878205208333333 0.6426682687499999 0.05544871875 0.6426682687499999 0.05544871875 0.7044471156250001 0.13878205208333333 0.7044471156250001 0.13878205208333333 0.6426682687499999
3 0.49391025625 0.6462740390625 0.40897435833333334 0.6462740390625 0.40897435833333334 0.70733173125 0.49391025625 0.70733173125 0.49391025625 0.6462740390625
3 0.5700320520833333 0.6808894234375 0.47067307708333334 0.6808894234375 0.47067307708333334 0.7618990390625 0.5700320520833333 0.7618990390625 0.5700320520833333 0.6808894234375
4 0.6309294875 0.7806490390625 0.5658653854166666 0.7806490390625 0.5658653854166666 0.8356971156249999 0.6309294875 0.8356971156249999 0.6309294875 0.7806490390625
4 0.70048076875 0.7829326921875001 0.6299679479166667 0.7829326921875001 0.6299679479166667 0.8338942312500001 0.70048076875 0.8338942312500001 0.70048076875 0.7829326921875001
5 0.68173076875 0.8133413468749999 0.6112179479166666 0.8133413468749999 0.6112179479166666 0.866466346875 0.68173076875 0.866466346875 0.68173076875 0.8133413468749999
3 0.6107371791666666 0.8097355765625001 0.5261217958333334 0.8097355765625001 0.5261217958333334 0.882091346875 0.6107371791666666 0.882091346875 0.6107371791666666 0.8097355765625001