3 0.66266025625 0.45204326874999995 0.47291666666666665 0.45204326874999995 0.47291666666666665 0.5909855765625001 0.66266025625 0.5909855765625001 0.66266025625 0.45204326874999995
3 0.5036858979166666 0.5847355765625 0.34182692291666666 0.5847355765625 0.34182692291666666 0.7669471156250001 0.5036858979166666 0.7669471156250001 0.5036858979166666 0.5847355765625
3 0.5766025645833334 0.6032451921875001 0.38141025624999997 0.6032451921875001 0.38141025624999997 0.742427884375 0.5766025645833334 0.742427884375 0.5766025645833334 0.6032451921875001
3 0.6416666666666667 0.620552884375 0.4910256416666667 0.620552884375 0.4910256416666667 0.7652644234375 0.6416666666666667 0.7652644234375 0.6416666666666667 0.620552884375
4 0.6427884625 0.75420673125 0.49214743541666667 0.75420673125 0.49214743541666667 0.8659855765625 0.6427884625 0.8659855765625 0.6427884625 0.75420673125
5 0.5397435895833333 0.7765625 0.36057692291666665 0.7765625 0.36057692291666665 0.9253605765625 0.5397435895833333 0.9253605765625 0.5397435895833333 0.7765625
3 0.08878205208333334 0.7431490390625 0.03397435833333333 0.7431490390625 0.03397435833333333 0.7792067312500001 0.08878205208333334 0.7792067312500001 0.08878205208333334 0.7431490390625
3 0.07259615416666666 0.7853365390625 0.01875 0.7853365390625 0.01875 0.8264423078125 0.07259615416666666 0.8264423078125 0.07259615416666666 0.7853365390625
3 0.045032052083333336 0.7921875 0.00048076875 0.7921875 0.00048076875 0.8340144234375 0.045032052083333336 0.8340144234375 0.045032052083333336 0.7921875
5 0.042948718749999996 0.7603365390625 0.0016025645833333334 0.7603365390625 0.0016025645833333334 0.7918269234374999 0.042948718749999996 0.7918269234374999 0.042948718749999996 0.7603365390625
4 0.8209935895833333 0.0358173078125 0.7376602562500001 0.0358173078125 0.7376602562500001 0.102884615625 0.8209935895833333 0.102884615625 0.8209935895833333 0.0358173078125
4 0.7831730770833333 0.11778846093749999 0.72451923125 0.11778846093749999 0.72451923125 0.159375 0.7831730770833333 0.159375 0.7831730770833333 0.11778846093749999