4 0 0.42648357968750006 0.08066135625 0.42542761875 0.07847944375 0.3316763140625 0 0.3327037109375 0 0.42648357968750006
4 0.17676236666666664 0.3322602703125 0.062066620833333336 0.33376178749999996 0.06388875 0.41205410000000003 0.17858449583333333 0.410552584375 0.17676236666666664 0.3322602703125
3 0 0.0633360015625 0.07237847291666667 0.0623884734375 0.07105539791666667 0.005539278125 0 0.0064694859375 0 0.0633360015625
4 0.26092695416666667 0.29062858281250004 0.18845253958333333 0.2915773671875 0.18984525 0.3514186265625 0.26231966458333333 0.35046984375 0.26092695416666667 0.29062858281250004
4 0.28152115625 0.268161084375 0.22932627916666667 0.2688443828125 0.23031858541666667 0.3114812796875 0.2825134625 0.31079798125 0.28152115625 0.268161084375
4 0.2933511833333334 0.37637683437499997 0.23251256874999998 0.377173290625 0.23361513125 0.42454762031250004 0.29445374583333334 0.4237511625 0.2933511833333334 0.37637683437499997
4 0.342622875 0.3358254765625 0.27314052499999997 0.336735090625 0.27432432916666666 0.3876001609375 0.3438066791666667 0.38669054687500004 0.342622875 0.3358254765625
3 0.41185518125 0.6242400078125 0.2103896083333333 0.6268774546875 0.21399905208333334 0.7819660500000001 0.4154646229166667 0.7793286046875 0.41185518125 0.6242400078125
3 0.7618092645833333 0.600329028125 0.5330826770833333 0.60332335625 0.5369938729166667 0.77137755625 0.7657204604166666 0.768383228125 0.7618092645833333 0.600329028125
3 0.94314904375 0.38308442343750004 0.9973386291666666 0.3823750125 0.9949129895833334 0.2781514859375 0.94072340625 0.2788608984375 0.94314904375 0.38308442343750004
4 0.5027157708333333 0.505950396875 0.3354926979166667 0.5081395640624999 0.3383941770833333 0.632808853125 0.50561725 0.6306196859375001 0.5027157708333333 0.505950396875
4 0.7167404479166667 0.41423224843749995 0.5279080333333334 0.41670431093750004 0.5310126166666667 0.55010045 0.71984503125 0.5476283890625 0.7167404479166667 0.41423224843749995
4 0.5127021041666667 0.29917971250000003 0.3604393458333333 0.30117302968750004 0.36314932916666665 0.41761414375 0.5154120875 0.4156208265625 0.5127021041666667 0.29917971250000003
4 0.6685925229166667 0.2244345640625 0.5093482854166667 0.2265192765625 0.5120756770833333 0.34370840937499997 0.6713199145833334 0.3416236953125 0.6685925229166667 0.2244345640625
4 0.5002690333333333 0.136474778125 0.35133078958333336 0.13842457187499999 0.35398854583333333 0.25262164062500003 0.5029267895833333 0.250671846875 0.5002690333333333 0.136474778125
4 0.45178755833333334 0.103812621875 0.3596985104166667 0.10501818593750001 0.36092293541666665 0.15762862500000002 0.45301198125000003 0.1564230609375 0.45178755833333334 0.103812621875
4 0.5404343479166667 0.1118804578125 0.4490102041666667 0.11307731875 0.4510296354166667 0.19984714374999998 0.5424537791666667 0.1986502828125 0.5404343479166667 0.1118804578125
4 0.62543325625 0.1418198234375 0.4974394541666667 0.143495428125 0.49963297291666664 0.237745409375 0.627626775 0.2360698046875 0.62543325625 0.1418198234375