1 0.8264764613778706 0.6877697359375 0.7538289519832986 0.7003225296875 0.7696830793319416 0.7517190609375 0.8423305908141963 0.73916626875 0.8264764613778706 0.6877697359375
1 0.9565339979123173 0.6509082687500001 0.8712364217118999 0.665646871875 0.8941831878914405 0.740036590625 0.979480764091858 0.7252979875000001 0.9565339979123173 0.6509082687500001
1 1 0.62459263125 0.9262687912317328 0.637332678125 0.9449599749478079 0.697926484375 1 0.6884160953125 1 0.62459263125
1 0.9405420375782881 0.608938115625 0.8729545511482255 0.620616584375 0.8883080250521921 0.67039006875 0.955895509394572 0.6587116 0.9405420375782881 0.608938115625
2 0.868875382045929 0.46176276562499996 0.8020107557411273 0.47331633125000006 0.816446356993737 0.5201142265625001 0.8833109832985386 0.508560659375 0.868875382045929 0.46176276562499996
1 0.89770078914405 0.4120486 0.823968987473904 0.42478874843750003 0.8429105010438412 0.48619407968750006 0.9166423006263048 0.47345393125 0.89770078914405 0.4120486
1 0.8082741920668058 0.4245089328125 0.7193623110647182 0.4398720546875 0.7384707077244258 0.5018184015625 0.8273825887265136 0.48645528125000004 0.8082741920668058 0.4245089328125
1 0.7824250626304802 0.4851058734375 0.70760896868476 0.49803337656249996 0.7239637536534447 0.5510529578125001 0.7987798475991649 0.5381254546875 0.7824250626304802 0.4851058734375
2 0.8566647223382046 0.3098700484375 0.7991972881002087 0.3197998703125 0.8107958350730688 0.357400490625 0.8682632693110647 0.34747066875 0.8566647223382046 0.3098700484375
1 0.8423704384133611 0.281425471875 0.7852644363256784 0.29129284218749996 0.796445770354906 0.3275409234375 0.8535517724425887 0.317673553125 0.8423704384133611 0.281425471875
1 0.41684145511482257 0.352673390625 0.33298960125260957 0.3671621859375 0.351180127348643 0.426132946875 0.43503198329853865 0.41164415 0.41684145511482257 0.352673390625
1 0.3714081419624217 0.3263326890625 0.31574786012526096 0.335950253125 0.3273464070981211 0.373550875 0.38300668893528184 0.3639333125 0.3714081419624217 0.3263326890625
2 0.45264235490605426 0.27867490625 0.3496346910229645 0.29647364375 0.3753350668058455 0.37979012968750003 0.478342732776618 0.3619913921875 0.45264235490605426 0.27867490625
1 0.35962190605427974 0.23320389375 0.26058997286012525 0.2503156625 0.2897949478079332 0.3449934859375 0.3888268810020877 0.32788171718750003 0.35962190605427974 0.23320389375
1 0.2177771043841336 0.7224279171875 0.0771806764091858 0.7467216328124999 0.10963992066805846 0.8519492718749999 0.25023634655532356 0.8276555578125 0.2177771043841336 0.7224279171875
1 0.4439027306889353 0.8674178921875001 0.38462814613778706 0.8776599718749999 0.40048227348643006 0.92905650625 0.45975686012526096 0.9188144250000001 0.4439027306889353 0.8674178921875001
1 0.4269500167014614 0.8130769953125 0.39803558455114824 0.81807313125 0.40429379331941545 0.8383612375 0.4332082254697286 0.8333651 0.4269500167014614 0.8130769953125
1 0.4785128872651357 0.8315203390624999 0.4134554154488518 0.8427616468749999 0.42989364300626304 0.8960517359375 0.49495111691022964 0.8848104296875 0.4785128872651357 0.8315203390624999