3 0.32270682708333337 0 0.31178940625 0.15623757031250002 0.5207378687499999 0.1644504640625 0.53218871875 0.00057903125 0.5174572854166667 0 0.32270682708333337 0
3 0.42039792708333334 0.2588555875 0.6873475958333334 0.2693482671875 0.70154551875 0.066163903125 0.43459584791666667 0.055671225000000005 0.42039792708333334 0.2588555875
3 0.31411554166666666 0.3271529359375 0.5234242583333333 0.3353799890625 0.5350922312499999 0.16840135 0.3257835145833334 0.1601742953125 0.31411554166666666 0.3271529359375
4 0.44708675833333333 0.45592541875 0.60704040625 0.4622125296875 0.6163105937500001 0.329548271875 0.45635694375 0.323261159375 0.44708675833333333 0.45592541875
4 0.22809222291666667 0.5216890609375 0.40894071875000004 0.5287974609375 0.4188905916666667 0.386406290625 0.23804209791666667 0.3792978890625 0.22809222291666667 0.5216890609375
4 0.33099943541666665 0.7395009 0.48626975624999996 0.7456039296875 0.49518121875 0.6180733187499999 0.33991089583333334 0.6119702890625 0.33099943541666665 0.7395009
4 0.15304168333333334 0.8254365109374999 0.3169581458333333 0.8318793843750001 0.326473775 0.695702628125 0.16255731250000002 0.6892597546875 0.15304168333333334 0.8254365109374999
4 0.23029211458333335 0.9373884015625 0.3787175729166667 0.9432223875 0.38742135208333334 0.8186638875 0.23899589375 0.8128299015625 0.23029211458333335 0.9373884015625
4 0.38286 0.909789384375 0.48373166875 0.9137542296875001 0.49077398958333335 0.8129726234374999 0.3899023208333333 0.809007778125 0.38286 0.909789384375
5 0.8539801145833333 0.7694043171875 0.981510725 0.7744170140625 0.9883076020833333 0.6771479046875 0.8607769916666667 0.6721352078125 0.8539801145833333 0.7694043171875
4 0.7687571166666667 0.7224341703125 0.8905236333333334 0.7272203046875 0.8962443375 0.6453521375 0.7744778208333333 0.640566003125 0.7687571166666667 0.7224341703125
3 0.7800742916666666 0.650946003125 0.9068843916666667 0.6559303796875 0.91403999375 0.5535276234375 0.78722989375 0.548543246875 0.7800742916666666 0.650946003125
3 0.8395693375000001 0.6396023359375 0.9905165875 0.6455354437499999 0.997351225 0.5477259484375 0.846403975 0.541792840625 0.8395693375000001 0.6396023359375
3 0.79231301875 0.5223269703125 0.9335333583333333 0.5278777531250001 0.9403113541666667 0.4308788359375 0.7990910166666667 0.4253280515625 0.79231301875 0.5223269703125