3 0.5239305260960334 0.35199542031250003 0.647485382045929 0.3422761078125 0.6352343089770356 0.25503734375 0.5116794509394572 0.2647566578125 0.5239305260960334 0.35199542031250003
3 0.5187820271398748 0.42722552656249996 0.62252148434238 0.41906497031249995 0.6114138434237996 0.3399684921875 0.5076743862212943 0.34812904843750003 0.5187820271398748 0.42722552656249996
5 0.6103233966597077 0.42031852968749994 0.7047379561586639 0.4128915078125 0.6941611962421712 0.3375753734375 0.5997466346555324 0.345002396875 0.6103233966597077 0.42031852968749994
3 0.6343328496868477 0.3605102203125 0.7404035302713988 0.35216628125 0.7286833361169102 0.26870786562500004 0.6226126534446764 0.2770518046875 0.6343328496868477 0.3605102203125
5 0.45287959707724423 0.3076031625 0.515822636743215 0.30265181406249997 0.5101463068893528 0.26223118749999996 0.44720326722338205 0.2671825359375 0.45287959707724423 0.3076031625
5 0.48351817745302716 0.1817095359375 0.5421873089770355 0.17709439062500001 0.5356534029227558 0.13056705156249998 0.47698427139874744 0.135182196875 0.48351817745302716 0.1817095359375
4 0.4819906764091858 0.34706234375 0.5371629707724426 0.3427222734375 0.5312824551148225 0.3008476671875 0.47611016075156576 0.3051877375 0.4819906764091858 0.34706234375
5 0.6984268371607515 0.42529529843749997 0.7963382338204593 0.4175932015625 0.7867415594989561 0.349256171875 0.6888301628392485 0.35695826875000003 0.6984268371607515 0.42529529843749997
4 0.7103203507306889 0.46243377968750005 0.8078432108559499 0.45476224531250004 0.8002067077244259 0.4003834171875 0.7026838475991649 0.40805495 0.7103203507306889 0.46243377968750005
5 0.6260363340292275 0.47906017343749996 0.7150113736951984 0.47206104531250004 0.7061089269311065 0.40866754531250005 0.6171338872651356 0.4156666734375 0.6260363340292275 0.47906017343749996
4 0.7086628810020877 0.5163676749999999 0.7646122505219206 0.5119664765625 0.7562406826722338 0.452353321875 0.7002913131524009 0.4567545203125 0.7086628810020877 0.5163676749999999
4 0.7550446805845512 0.4997827359375 0.8175991837160751 0.4948619515625 0.8096768225469728 0.4384475515625 0.7471223194154489 0.4433683359375 0.7550446805845512 0.4997827359375
4 0.6568718935281838 0.53499516875 0.746624006263048 0.5279349125 0.7370273319415449 0.45959788125 0.6472752192066805 0.46665813749999996 0.6568718935281838 0.53499516875
4 0.7921895970772442 0.5516933125000001 0.8461962818371607 0.5474449328125 0.8382330835073069 0.49073973750000005 0.7842263987473904 0.4949881171875 0.7921895970772442 0.5516933125000001
4 0.7285167160751566 0.5752245921875 0.8159376075156576 0.5683477203125 0.8071576701461378 0.5058266062500001 0.7197367787056368 0.5127034796875 0.7285167160751566 0.5752245921875
5 0.5667738392484343 0.5339974093750001 0.663519624217119 0.5263870046875 0.6532287223382046 0.45310644218749996 0.5564829373695198 0.46071684843750005 0.5667738392484343 0.5339974093750001
4 0.4983108329853862 0.48425642968749993 0.5915597828810022 0.47692110000000004 0.5822081294363257 0.41032884375 0.4889591795407098 0.41766417499999997 0.4983108329853862 0.48425642968749993
4 0.4290449979123173 0.5085216828125 0.508695139874739 0.5022560890625 0.5000785511482254 0.440898159375 0.42042840918580376 0.447163753125 0.4290449979123173 0.5085216828125
4 0.432265248434238 0.5594258046875 0.5126924655532359 0.5530990828125 0.5049742881002088 0.4981386609375 0.42454707098121086 0.5044653828125 0.432265248434238 0.5594258046875
4 0.5032199498956159 0.5751598265625 0.5894752275574112 0.5683746453125 0.5800010626304802 0.500910003125 0.49374578496868476 0.5076951828125 0.5032199498956159 0.5751598265625
3 0.3052124926931107 0.47710168125 0.38952508559498955 0.47046931875000003 0.38123519206680584 0.41143775624999995 0.2969225991649269 0.4180701171875 0.3052124926931107 0.47710168125
3 0.3131348559498956 0.5335160796875 0.4032755073068894 0.5264252593750001 0.3949447766179541 0.4671029015625 0.3048041252609603 0.47419372187500003 0.3131348559498956 0.5335160796875
5 0.2714808643006263 0.530618575 0.31693972651356994 0.5270425999999999 0.31016079958246345 0.478770484375 0.2647019373695198 0.48234645781249996 0.2714808643006263 0.530618575
4 0.2882614300626305 0.568989665625 0.3496503194154489 0.564160571875 0.34340227348643004 0.519668803125 0.282013382045929 0.5244978953125 0.2882614300626305 0.568989665625
5 0.32260966179540707 0.5492352171875 0.4034254175365345 0.5428779296874999 0.39836164091858034 0.5068192421875 0.31754588308977033 0.513176528125 0.32260966179540707 0.5492352171875
3 0.47357083716075155 0.6633425578125001 0.5260233716075157 0.659216434375 0.5195303027139875 0.6129798906249999 0.4670777682672234 0.6171060140625 0.47357083716075155 0.6633425578125001
3 0.4710878872651357 0.7044050265624999 0.5390819123173277 0.699056346875 0.5322213110647181 0.6502026390625 0.4642272860125261 0.65555131875 0.4710878872651357 0.7044050265624999
5 0.4826016054279749 0.74862958125 0.5467102567849687 0.743586540625 0.5400538413361169 0.6961868124999999 0.4759451878914405 0.701229853125 0.4826016054279749 0.74862958125
5 0.5306500918580376 0.78027789375 0.5963128935281837 0.7751125984375 0.5892072713987474 0.724514115625 0.5235444697286012 0.7296794109375 0.5306500918580376 0.78027789375
5 0.5430920855949894 0.737402978125 0.5885509478079333 0.7338270046875001 0.5836913549060543 0.6992222953125 0.5382324926931106 0.70279826875 0.5430920855949894 0.737402978125
3 0.31812994363256786 0.9453227390625001 0.3802959102296451 0.94043251875 0.3732719603340292 0.890415628125 0.31110599373695197 0.8953058484374999 0.31812994363256786 0.9453227390625001
3 0.3848195344467641 0.91949609375 0.4287242463465553 0.916042375 0.42276205845511483 0.873586178125 0.3788573444676409 0.877039896875 0.3848195344467641 0.91949609375
3 0.3845167766179541 0.9005563765625 0.4396890730688935 0.89621630625 0.4340127411273486 0.8557956796875 0.3788404446764092 0.8601357500000001 0.3845167766179541 0.9005563765625