1 0.7152777770833333 0.3220486109375 0.561838625 0.3220486109375 0.561838625 0.435887896875 0.7152777770833333 0.435887896875 0.7152777770833333 0.3220486109375
1 0.6084656083333333 0.22594246093749998 0.44642857083333337 0.22594246093749998 0.44642857083333337 0.3519345234375 0.6084656083333333 0.3519345234375 0.6084656083333333 0.22594246093749998
1 0.6036706354166667 0.31200396874999997 0.4085648145833333 0.31200396874999997 0.4085648145833333 0.4734623015625 0.6036706354166667 0.4734623015625 0.6036706354166667 0.31200396874999997
1 0.5057870375 0.42547122968749995 0.32225529166666667 0.42547122968749995 0.32225529166666667 0.5636160718750001 0.5057870375 0.5636160718750001 0.5057870375 0.42547122968749995
1 0.41534391458333336 0.3048115078125 0.20998677291666665 0.3048115078125 0.20998677291666665 0.4541170640625 0.41534391458333336 0.4541170640625 0.41534391458333336 0.3048115078125
1 0.28290343958333336 0.391369046875 0.24983465625 0.391369046875 0.24983465625 0.41220238125 0.28290343958333336 0.41220238125 0.28290343958333336 0.391369046875
1 0.4968584645833333 0.61123511875 0.39302248749999996 0.61123511875 0.39302248749999996 0.682663690625 0.4968584645833333 0.682663690625 0.4968584645833333 0.61123511875
1 0.905588625 0.0839533734375 0.8450727520833333 0.0839533734375 0.8450727520833333 0.1484375 0.905588625 0.1484375 0.905588625 0.0839533734375
1 0.8835978833333333 0.11259920625 0.79365079375 0.11259920625 0.79365079375 0.180803571875 0.8835978833333333 0.180803571875 0.8835978833333333 0.11259920625
1 0.9277447083333333 0.0193452375 0.84904100625 0.0193452375 0.84904100625 0.0853174609375 0.9277447083333333 0.0853174609375 0.9277447083333333 0.0193452375
1 0.85615079375 0.042038690625 0.8277116395833333 0.042038690625 0.8277116395833333 0.07155257968749999 0.85615079375 0.07155257968749999 0.85615079375 0.042038690625
0 0.4545304229166666 0.56063988125 0.31233465625 0.56063988125 0.31233465625 0.6640625 0.4545304229166666 0.6640625 0.4545304229166666 0.56063988125
0 0.3265542333333334 0.5380704359374999 0.21114417916666667 0.5380704359374999 0.21114417916666667 0.620163690625 0.3265542333333334 0.620163690625 0.3265542333333334 0.5380704359374999
2 0.41352513125 0.528769840625 0.31531084583333335 0.528769840625 0.31531084583333335 0.5833333328125 0.41352513125 0.5833333328125 0.41352513125 0.528769840625
2 0.188161375 0.752480159375 0.10416666666666667 0.752480159375 0.10416666666666667 0.806299603125 0.188161375 0.806299603125 0.188161375 0.752480159375