3 0.6027243583333333 0.3183894234375 0.47516025624999997 0.3183894234375 0.47516025624999997 0.44170673125000004 0.6027243583333333 0.44170673125000004 0.6027243583333333 0.3183894234375
3 0.5107371791666666 0.4271634609375 0.36330128125 0.4271634609375 0.36330128125 0.5543269234375 0.5107371791666666 0.5543269234375 0.5107371791666666 0.4271634609375
5 0.5597756416666667 0.40733173125000005 0.44951923125 0.40733173125000005 0.44951923125 0.504447115625 0.5597756416666667 0.504447115625 0.5597756416666667 0.40733173125000005
5 0.5421474354166667 0.5048076921875 0.42868589791666667 0.5048076921875 0.42868589791666667 0.58701923125 0.5421474354166667 0.58701923125 0.5421474354166667 0.5048076921875
5 0.4447115375 0.5213942312500001 0.3091346145833333 0.5213942312500001 0.3091346145833333 0.6362980765625 0.4447115375 0.6362980765625 0.4447115375 0.5213942312500001
4 0.47868589791666666 0.5777644234375 0.36907051249999995 0.5777644234375 0.36907051249999995 0.67295673125 0.47868589791666666 0.67295673125 0.47868589791666666 0.5777644234375
4 0.3471153854166667 0.5790865390625 0.22724358958333332 0.5790865390625 0.22724358958333332 0.6978365390625 0.3471153854166667 0.6978365390625 0.3471153854166667 0.5790865390625
4 0.42163461458333334 0.6493990390625 0.3149038458333333 0.6493990390625 0.3149038458333333 0.744591346875 0.42163461458333334 0.744591346875 0.42163461458333334 0.6493990390625
3 0.718108975 0.789302884375 0.6850961541666667 0.789302884375 0.6850961541666667 0.8299278843750001 0.718108975 0.8299278843750001 0.718108975 0.789302884375
3 0.7028846145833333 0.821875 0.66923076875 0.821875 0.66923076875 0.8598557687499999 0.7028846145833333 0.8598557687499999 0.7028846145833333 0.821875
3 0.7661858979166667 0.8341346156249999 0.7283653854166666 0.8341346156249999 0.7283653854166666 0.8552884609375001 0.7661858979166667 0.8552884609375001 0.7661858979166667 0.8341346156249999
3 0.7286858979166666 0.8014423078125 0.6956730770833333 0.8014423078125 0.6956730770833333 0.8384615390624999 0.7286858979166666 0.8384615390624999 0.7286858979166666 0.8014423078125
3 0.8198717958333333 0.819591346875 0.7846153854166666 0.819591346875 0.7846153854166666 0.8599759609375001 0.8198717958333333 0.8599759609375001 0.8198717958333333 0.819591346875
5 0.8256410249999999 0.8566105765625001 0.7900641020833333 0.8566105765625001 0.7900641020833333 0.8905048078125001 0.8256410249999999 0.8905048078125001 0.8256410249999999 0.8566105765625001
5 0.7956730770833332 0.8734375 0.7604166666666666 0.8734375 0.7604166666666666 0.90516826875 0.7956730770833332 0.90516826875 0.7956730770833332 0.8734375
3 0 0.5243990390625 0.036217947916666667 0.5243990390625 0.036217947916666667 0.47584134687499996 0 0.47584134687499996 0 0.5243990390625
3 0 0.549278846875 0.039743589583333336 0.549278846875 0.039743589583333336 0.5177884609375 0 0.5177884609375 0 0.549278846875
3 0.08108974375 0.470552884375 0.01794871875 0.470552884375 0.01794871875 0.5171875 0.08108974375 0.5171875 0.08108974375 0.470552884375
3 0.05993589791666667 0.508533653125 0.03173076875 0.508533653125 0.03173076875 0.5481971156250001 0.05993589791666667 0.5481971156250001 0.05993589791666667 0.508533653125
5 0.16602564166666667 0.0400240390625 0.11826923125 0.0400240390625 0.11826923125 0.083533653125 0.16602564166666667 0.083533653125 0.16602564166666667 0.0400240390625
4 0.14839743541666667 0.07860576875 0.10096153749999999 0.07860576875 0.10096153749999999 0.1137019234375 0.14839743541666667 0.1137019234375 0.14839743541666667 0.07860576875
3 0.7987179479166666 0.5240384609375 0.7477564104166666 0.5240384609375 0.7477564104166666 0.56875 0.7987179479166666 0.56875 0.7987179479166666 0.5240384609375
3 0.8527243583333333 0.473197115625 0.7969551291666667 0.473197115625 0.7969551291666667 0.5193509609375 0.8527243583333333 0.5193509609375 0.8527243583333333 0.473197115625
4 0.400641025 0.09903846093749999 0.36987179583333335 0.09903846093749999 0.36987179583333335 0.1358173078125 0.400641025 0.1358173078125 0.400641025 0.09903846093749999
4 0.3733974354166667 0.1287259609375 0.3413461541666667 0.1287259609375 0.3413461541666667 0.16045673124999998 0.3733974354166667 0.16045673124999998 0.3733974354166667 0.1287259609375
4 0.4134615375 0.126802884375 0.3836538458333333 0.126802884375 0.3836538458333333 0.15973557656249998 0.4134615375 0.15973557656249998 0.4134615375 0.126802884375
4 0.20817307708333335 0.13701923124999998 0.168108975 0.13701923124999998 0.168108975 0.1759615390625 0.20817307708333335 0.1759615390625 0.20817307708333335 0.13701923124999998
4 0.38701923125 0.15192307656249998 0.3584935895833333 0.15192307656249998 0.3584935895833333 0.181971153125 0.38701923125 0.181971153125 0.38701923125 0.15192307656249998
4 0.7780448708333334 0.5638221156250001 0.7418269229166667 0.5638221156250001 0.7418269229166667 0.5974759609375 0.7780448708333334 0.5974759609375 0.7780448708333334 0.5638221156250001