5 0.471952225 0 0.5021985104166666 0.1614101375 0.7600160083333333 0.1342347234375 0.7348620604166667 0 0.471952225 0
4 0.8266142604166667 0.12672681875 0.6610111895833334 0.14418231406249998 0.6856305020833333 0.2755639390625 0.8512335708333333 0.25810844374999997 0.8266142604166667 0.12672681875
4 0.4622254708333333 0.30753138281250003 0.30332310208333335 0.32428058593750003 0.33354790208333335 0.4855760625 0.49245027291666665 0.4688268578125 0.4622254708333333 0.30753138281250003
4 0.7044985770833333 0.36496721718749997 0.5589976125 0.38030383749999996 0.57895315625 0.48679714062499996 0.7244541208333334 0.4714605203125 0.7044985770833333 0.36496721718749997
4 0.6384928083333333 0.4476982703125 0.5191564895833333 0.4602769890625 0.5330132625 0.534224025 0.6523495791666666 0.52164530625 0.6384928083333333 0.4476982703125
4 0.43722511458333335 0.5127177656249999 0.3306520416666666 0.5239511671875 0.3422217708333333 0.585693353125 0.44879484583333334 0.5744599499999999 0.43722511458333335 0.5127177656249999
4 0.6531395041666667 0.4789774828125 0.4288255166666667 0.5026214390625 0.46035079166666665 0.670856928125 0.6846647770833333 0.6472129718749999 0.6531395041666667 0.4789774828125
4 0.48362555208333335 0.53894169375 0.3317429666666667 0.5549509718750001 0.35577930625 0.6832215578125 0.5076618916666666 0.667212278125 0.48362555208333335 0.53894169375
4 0.3629361833333334 0.61462473125 0.3166694291666667 0.6195015078125 0.32604180833333335 0.6695174625 0.3723085625 0.6646406859375 0.3629361833333334 0.61462473125
4 0.62369873125 0.6457079140624999 0.5123394416666667 0.657445809375 0.5268240291666666 0.734743196875 0.63818331875 0.7230053015625 0.62369873125 0.6457079140624999
4 0.5294094125000001 0.6408822640625 0.43304693125 0.6510394109375001 0.44250899791666665 0.7015339890625001 0.5388714791666666 0.6913768421875 0.5294094125000001 0.6408822640625
4 0.4088847479166667 0.6922662015625 0.35272648333333334 0.6981855984374999 0.3601257291666667 0.737671878125 0.4162839958333333 0.73175248125 0.4088847479166667 0.6922662015625
3 0.23386790416666667 0.65080273125 0.02742245625 0.67256324375 0.05912710625 0.8417559750000001 0.26557255416666664 0.8199954640625 0.23386790416666667 0.65080273125
4 0.66681091875 0.6969262374999999 0.47791493125 0.7168369375 0.5058526916666667 0.8659275640624999 0.6947486791666667 0.8460168640625 0.66681091875 0.6969262374999999
4 0.28433556249999997 1 0.2660520666666667 0.902429628125 0.14384402083333334 0.91531104375 0.15971369791666667 1 0.28433556249999997 1
4 0.16036446666666665 1 0.1509172875 0.949584875 0.08135761458333332 0.95691685625 0.08943086875 1 0.16036446666666665 1