1 0.6714743583333332 0 0.6714743583333332 0.05240384687500001 0.7996794875000001 0.05240384687500001 0.7996794875000001 0 0.6714743583333332 0
1 0.5573717958333333 0 0.5573717958333333 0.0887019234375 0.6224358979166666 0.0887019234375 0.6224358979166666 0 0.5573717958333333 0
1 0.8532051291666666 0 0.8532051291666666 0.027884615624999998 0.9987179479166667 0.027884615624999998 0.9987179479166667 0 0.8532051291666666 0
1 0.6171474354166667 0.17079326875 0.5610576916666666 0.17079326875 0.5610576916666666 0.21838942343749998 0.6171474354166667 0.21838942343749998 0.6171474354166667 0.17079326875
1 0.6815705125 0.173197115625 0.63798076875 0.173197115625 0.63798076875 0.22271634687500003 0.6815705125 0.22271634687500003 0.6815705125 0.173197115625
1 0.5387820520833333 0.5509615390625 0.3028846145833333 0.5509615390625 0.3028846145833333 0.70673076875 0.5387820520833333 0.70673076875 0.5387820520833333 0.5509615390625
1 0.33557692291666663 0.6433894234374999 0.22788461458333334 0.6433894234374999 0.22788461458333334 0.6953125 0.33557692291666663 0.6953125 0.33557692291666663 0.6433894234374999
1 0.28205128125 0.5092548078125 0.1128205125 0.5092548078125 0.1128205125 0.6532451921875 0.28205128125 0.6532451921875 0.28205128125 0.5092548078125
0 0.56923076875 0.677884615625 0.47948717916666667 0.677884615625 0.47948717916666667 0.73701923125 0.56923076875 0.73701923125 0.56923076875 0.677884615625
2 0.8290064104166667 0.8233173078125 0.5174679479166666 0.8233173078125 0.5174679479166666 0.9995192312500001 0.8290064104166667 0.9995192312500001 0.8290064104166667 0.8233173078125
2 0.9641025645833333 0.9305288468749999 0.7993589750000001 0.9305288468749999 0.7993589750000001 0.999278846875 0.9641025645833333 0.999278846875 0.9641025645833333 0.9305288468749999