3 0.6046626979166666 0.491939484375 0.4323743395833333 0.491939484375 0.4323743395833333 0.6149553578125 0.6046626979166666 0.6149553578125 0.6046626979166666 0.491939484375
3 0.5714285708333333 0.31436011875 0.45965608541666664 0.31436011875 0.45965608541666664 0.395957340625 0.5714285708333333 0.395957340625 0.5714285708333333 0.31436011875
5 0.5109126979166666 0.5270337296875 0.4021164020833333 0.5270337296875 0.4021164020833333 0.6230158734375 0.5109126979166666 0.6230158734375 0.5109126979166666 0.5270337296875
4 0.42939814791666664 0.2678571421875 0.30505952291666666 0.2678571421875 0.30505952291666666 0.3685515875 0.42939814791666664 0.3685515875 0.42939814791666664 0.2678571421875
4 0.5658068791666667 0.395461309375 0.4510582020833333 0.395461309375 0.4510582020833333 0.47333829375 0.5658068791666667 0.47333829375 0.5658068791666667 0.395461309375
4 0.39831349166666663 0.38380456406249996 0.2911706354166667 0.38380456406249996 0.2911706354166667 0.4594494046875 0.39831349166666663 0.4594494046875 0.39831349166666663 0.38380456406249996
4 0.4517195770833334 0.43836805625 0.36011904791666666 0.43836805625 0.36011904791666666 0.50830853125 0.4517195770833334 0.50830853125 0.4517195770833334 0.43836805625
4 0.43634259166666667 0.5159970234375 0.343088625 0.5159970234375 0.343088625 0.5904017859375 0.43634259166666667 0.5904017859375 0.43634259166666667 0.5159970234375
4 0.4976851854166667 0.6026785718750001 0.4014550270833333 0.6026785718750001 0.4014550270833333 0.666170634375 0.4976851854166667 0.666170634375 0.4976851854166667 0.6026785718750001
4 0.58151455 0.627108134375 0.42542989374999995 0.627108134375 0.42542989374999995 0.7540922625 0.58151455 0.7540922625 0.58151455 0.627108134375
4 0.5861441791666666 0.74541170625 0.4588293645833333 0.74541170625 0.4588293645833333 0.835689484375 0.5861441791666666 0.835689484375 0.5861441791666666 0.74541170625
4 0.6886574083333333 0.5823412703125 0.5791997354166667 0.5823412703125 0.5791997354166667 0.6626984125 0.6886574083333333 0.6626984125 0.6886574083333333 0.5823412703125
4 0.6917989416666667 0.65625 0.5978835979166667 0.65625 0.5978835979166667 0.7274305562500001 0.6917989416666667 0.7274305562500001 0.6917989416666667 0.65625
4 0.78720238125 0.6540178578125 0.6846891541666668 0.6540178578125 0.6846891541666668 0.730902778125 0.78720238125 0.730902778125 0.78720238125 0.6540178578125
4 0.7794312166666667 0.4594494046875 0.6722883604166667 0.4594494046875 0.6722883604166667 0.539806546875 0.7794312166666667 0.539806546875 0.7794312166666667 0.4594494046875
4 0.912367725 0.377976190625 0.7344576729166667 0.377976190625 0.7344576729166667 0.50595238125 0.912367725 0.50595238125 0.912367725 0.377976190625