1 0.5346011541666668 0.506632528125 0.25972585416666666 0.51743673125 0.27367833125 0.7171086 0.5485536333333333 0.706304396875 0.5346011541666668 0.506632528125
1 0.26142 0.39951381874999997 0.11551633333333333 0.40524868437499995 0.12327610208333332 0.516297584375 0.26917976666666665 0.5105627187499999 0.26142 0.39951381874999997
1 0.6054228937499999 0.2070405390625 0.21022210000000002 0.22257423593749998 0.2301784875 0.5081671515624999 0.62537928125 0.4926334546875 0.6054228937499999 0.2070405390625
1 0.1695657375 0.2068324875 0.07589918749999999 0.2105141296875 0.08082692291666667 0.2810342359375 0.17449347499999998 0.27735259375 0.1695657375 0.2068324875
1 0.23006832916666667 0.20933119531250002 0.15837739166666667 0.21214906875 0.16241775833333336 0.26997015156250004 0.23410869375 0.2671522796875 0.23006832916666667 0.20933119531250002
1 0.21625155208333335 0.1589386703125 0.13051063333333335 0.1623087890625 0.13468316041666667 0.22202121406250003 0.22042408125000001 0.218651096875 0.21625155208333335 0.1589386703125
2 0.21165728541666665 0.082851309375 0.20662570833333332 0.0108451484375 0.047392570833333335 0.0171039390625 0.05242414791666667 0.0891101 0.21165728541666665 0.082851309375
2 0.057055181249999996 0.041650078125000004 0.05531820208333334 0.016792415625 0.008484927083333335 0.0186332375 0.010221908333333333 0.043490898437499995 0.057055181249999996 0.041650078125000004
1 0.049887825 0.0424736640625 0.007737875 0.044130403125 0.01124959375 0.094386109375 0.05339954375 0.092729371875 0.049887825 0.0424736640625
1 0.034042418750000004 0.08712326875000001 0.00522194375 0.08825608124999999 0.008053975 0.128784878125 0.03687445208333333 0.12765206406250001 0.034042418750000004 0.08712326875000001
1 0.09561149166666666 0.07386588125 0.03220644375 0.0763580703125 0.03571816458333333 0.12661377812500002 0.09912321249999999 0.1241215890625 0.09561149166666666 0.07386588125
1 1 0.490180278125 0.9987672416666666 0.4725384484375 0.9791332916666666 0.47331017812500004 0.9827960541666666 0.525727421875 1 0.52505120625 1 0.490180278125
1 0.6789314062499999 0.3724012875 0.6292160833333333 0.374355390625 0.6319537145833334 0.4135332265625 0.6816690375000001 0.4115791234375 0.6789314062499999 0.3724012875
1 0.7144306541666666 0.355698184375 0.6744422416666667 0.3572699625 0.67667010625 0.389152615625 0.7166585208333333 0.3875808390625 0.7144306541666666 0.355698184375