4 0.2694997833333333 0.5066601390625001 0.3993943625 0.48772342812499997 0.37574750416666663 0.396484025 0.245852925 0.41542073593750006 0.2694997833333333 0.5066601390625001
4 0.29556481458333334 0.59138851875 0.41556894375000003 0.5738936890625 0.39313967499999997 0.4873522515625 0.2731355458333333 0.50484708125 0.29556481458333334 0.59138851875
4 0.33504641875 0.6697987000000001 0.45439118333333334 0.6523999953125 0.43317950208333333 0.57055651875 0.31383473749999996 0.5879552234375 0.33504641875 0.6697987000000001
4 0.39687607083333337 0.70902634375 0.4865494854166667 0.695953284375 0.4707849145833333 0.635127015625 0.3811115 0.6482000765625 0.39687607083333337 0.70902634375
4 0.4854272625 0.70086405625 0.57740845 0.6874545578125 0.55908053125 0.6167378390625 0.46709934583333335 0.6301473375 0.4854272625 0.70086405625
4 0.43733497708333335 0.65193559375 0.5016229062500001 0.6425633640624999 0.48419215833333334 0.575308303125 0.41990423125000004 0.5846805328125 0.43733497708333335 0.65193559375
4 0.36209103541666665 0.5913126171875 0.44714890625 0.5789124359375 0.42952591041666666 0.510915590625 0.34446803958333333 0.5233157734375 0.36209103541666665 0.5913126171875
5 0.4041747458333333 0.48702651875 0.5334099625000001 0.46818593281250004 0.5063025895833333 0.3635944203125 0.37706737291666664 0.3824350078125 0.4041747458333333 0.48702651875
4 0.44660787291666665 0.4210517328125 0.5610074145833334 0.40437396875 0.5385781458333334 0.31783252968750003 0.42417860416666664 0.3345102921875 0.44660787291666665 0.4210517328125
4 0.47704251875000003 0.48897705468749997 0.5683643416666667 0.47566368125 0.5504850104166666 0.406677790625 0.45916318749999996 0.41999116406250003 0.47704251875000003 0.48897705468749997
4 0.4745406583333333 0.5664512015625001 0.5853137 0.5503021265625 0.56557594375 0.4741456609375 0.45480290208333335 0.49029473437500004 0.4745406583333333 0.5664512015625001
4 0.5180764041666667 0.5667760281249999 0.59720000625 0.5552409765624999 0.58335794375 0.50183254375 0.5042343395833334 0.513367596875 0.5180764041666667 0.5667760281249999
4 0.5222693166666666 0.6383987062500001 0.6119427291666667 0.625325646875 0.5934225625 0.55386714375 0.5037491479166667 0.5669402031249999 0.5222693166666666 0.6383987062500001