3 0.3621958083333333 0.7766522140625 0.15811928958333335 0.7819970953125 0.165475275 0.9399829890625 0.36955179375 0.9346381062500001 0.3621958083333333 0.7766522140625
5 0.24708846041666668 0.7223717656249999 0.11858231666666666 0.725737415625 0.12415348541666667 0.845390509375 0.25265963125 0.8420248593749999 0.24708846041666668 0.7223717656249999
5 0.3251749291666667 0.6095742359375 0.14081242083333334 0.614402796875 0.1469190375 0.7455557296875 0.3312815458333333 0.74072716875 0.3251749291666667 0.6095742359375
5 0.7045143604166667 0.7219053796875 0.5289136333333333 0.7265044640625 0.5359254041666667 0.877097603125 0.71152613125 0.87249851875 0.7045143604166667 0.7219053796875
4 0.85550905 0.553878190625 0.6875748833333333 0.5582764828125 0.6939492208333333 0.6951793359375 0.8618833875 0.69078104375 0.85550905 0.553878190625
4 0.6103043062500001 0.559066615625 0.44054476875 0.563512715625 0.4464984 0.69137998125 0.6162579375 0.68693388125 0.6103043062500001 0.559066615625
4 0.4501143458333334 0.545305940625 0.2854658479166667 0.5496181796874999 0.2906418104166667 0.660783296875 0.45529030833333334 0.65647105625 0.4501143458333334 0.545305940625
4 0.13253857083333334 0.6525878296875 0.006953020833333334 0.6558769875 0.012881154166666665 0.7831966390625 0.13846670416666665 0.77990748125 0.13253857083333334 0.6525878296875
4 0 0.5065456312500001 0.0051044625 0.616175159375 0.05858784375 0.6147743984375 0.0531059125 0.4970379453125 0 0.49842882031249996 0 0.5065456312500001
4 0.27110682291666666 0.46103595 0.11595025625000001 0.46509959062500006 0.1214321875 0.58283604375 0.2765887541666666 0.578772403125 0.27110682291666666 0.46103595
4 0.41731963125 0.33946359375 0.27348036458333336 0.34323082656250004 0.27856708541666664 0.45247930312499995 0.4224063520833334 0.44871206875 0.41731963125 0.33946359375
4 0.64821695625 0.43128409687499997 0.52299648125 0.43456369375000004 0.5278154791666666 0.5380622500000001 0.6530359541666667 0.534782653125 0.64821695625 0.43128409687499997
4 0.6114777270833333 0.38015979375 0.4479244520833333 0.3844433484375 0.45408206250000005 0.5166915046875 0.6176353375 0.51240795 0.6114777270833333 0.38015979375
4 0.4055978125 0.142664221875 0.285488375 0.1458099578125 0.2896826895833333 0.235892034375 0.409792125 0.2327462984375 0.4055978125 0.142664221875
4 0.64363611875 0.29364892187499997 0.5184156437499999 0.29692851875000004 0.5231454020833334 0.3985104359375 0.6483658770833334 0.3952308390625 0.64363611875 0.29364892187499997
4 0.6594832270833333 0.21400753125 0.5470403479166667 0.2169524765625 0.5514131437500001 0.31086783281249997 0.6638560229166667 0.3079228890625 0.6594832270833333 0.21400753125
4 0.6223991916666667 0.1005255015625 0.52054346875 0.1031931609375 0.5246102958333333 0.19053718125000002 0.62646601875 0.18786952031249998 0.6223991916666667 0.1005255015625
4 0.49770200000000003 0.16999610625 0.3932907583333333 0.172730696875 0.3968476395833333 0.24912248906249998 0.50125888125 0.2463878984375 0.49770200000000003 0.16999610625
4 0.79626498125 0.2941747859375 0.6787110645833334 0.2972535921875 0.6830201166666666 0.3897999203125 0.8005740333333333 0.386721115625 0.79626498125 0.2941747859375
4 0.8209434000000001 0.16084487812499998 0.7293097583333333 0.16324481562499998 0.73323635 0.247576975 0.8248699916666666 0.2451770359375 0.8209434000000001 0.16084487812499998
4 0.9461320291666666 0.286411728125 0.8158005104166667 0.2898251859375 0.8204410291666666 0.3894904640625 0.9507725458333333 0.38607700624999997 0.9461320291666666 0.286411728125