3 0.6153397916666666 0.3397411515625 0.7059412625 0.34330231875 0.7104960375 0.2781195953125 0.61989456875 0.27455842812500003 0.6153397916666666 0.3397411515625
3 0.772189375 0.3799751234375 0.8671531375 0.383707753125 0.87179584375 0.31726667656249996 0.7768320812499999 0.31353404687499997 0.772189375 0.3799751234375
3 1 0.3928410203125 0.99120590625 0.3924953625 0.9894648916666667 0.417410765625 1 0.4178248578125 1 0.3928410203125
3 0.63225118125 0.43239181093749995 0.7141280666666667 0.43561005 0.71829595 0.37596408124999997 0.6364190645833333 0.3727458421875 0.63225118125 0.43239181093749995
5 0.9422384874999999 0.4431881296875 0.9771368333333333 0.4445598390625 0.9788954333333333 0.4193927640625 0.9439970875 0.4180210546875 0.9422384874999999 0.4431881296875
5 1 0.44255633124999993 0.9872381208333334 0.44205471406249996 0.984969525 0.4745202421875 1 0.475111028125 1 0.44255633124999993
4 1 0.46867579687500005 0.9679687958333333 0.467416784375 0.9663508833333334 0.49057049375000006 0.9992358625000001 0.49186306562500004 1 0.48092760468750007 1 0.46867579687500005
4 1 0.480789171875 0.9760170354166667 0.4798465015625 0.9742232625 0.5055169171875 1 0.50653009375 1 0.480789171875
4 0.9501082625 0.50873303125 0.9688996770833334 0.50947164375 0.9697965645833333 0.49663643437499994 0.9510051479166666 0.49589782187500003 0.9501082625 0.50873303125
4 0.7495052791666666 0.47346688906249995 0.8320532875000001 0.47671150625000003 0.83595738125 0.4208406 0.7534093729166667 0.41759598125 0.7495052791666666 0.47346688906249995
4 0.6385289395833333 0.48942001093750004 0.7157079708333334 0.492453596875 0.7196120645833334 0.4365826890625 0.6424330333333333 0.433549103125 0.6385289395833333 0.48942001093750004
4 0.6474232145833334 0.5258573703125 0.71688434375 0.5285875984375 0.720049825 0.4832868640625 0.6505886958333333 0.4805566359375 0.6474232145833334 0.5258573703125
4 0.7269357270833333 0.5364273546875 0.8061281229166667 0.5395400765625 0.8100146291666667 0.4839208421875 0.7308222354166667 0.48080811875 0.7269357270833333 0.5364273546875
4 0.70762315 0.564816065625 0.7733931083333334 0.567401209375 0.7766289333333333 0.5210937906249999 0.7108589770833333 0.5185086484375 0.70762315 0.564816065625
4 0.6598057083333334 0.5629365609375 0.7108109812500001 0.564941365625 0.7135192250000001 0.526184071875 0.6625139541666666 0.5241792671875001 0.6598057083333334 0.5629365609375
3 0.6165646770833334 0.5389029015625 0.6712611208333333 0.541052790625 0.67363523125 0.5070772390625 0.6189387875 0.50492735 0.6165646770833334 0.5389029015625
5 0.56557841875 0.5414413609375 0.6135636416666667 0.543327459375 0.6159201666666667 0.509603578125 0.56793494375 0.507717478125 0.56557841875 0.5414413609375
4 0.59539915 0.5721398390625 0.6339886645833333 0.5736566328125 0.635923125 0.5459728515625 0.5973336104166667 0.5444560578125001 0.59539915 0.5721398390625
3 0.14015575624999999 0.5478108875000001 0.28981596249999997 0.5536934078125 0.2970086395833333 0.4507600703125 0.14734843333333333 0.4448775515625 0.14015575624999999 0.5478108875000001
3 0.30599847916666667 0.63029043125 0.47008780624999996 0.6367400984375 0.47807185208333336 0.5224815796875 0.313982525 0.5160319109375 0.30599847916666667 0.63029043125
3 0.48015749166666666 0.6467256531250001 0.525458225 0.6485062359375 0.5277619916666667 0.6155373671875 0.4824612583333333 0.613756784375 0.48015749166666666 0.6467256531250001
3 0.5425725499999999 0.6515763671875 0.5982756770833333 0.653765825 0.6010015083333333 0.614756859375 0.54529838125 0.6125674015625 0.5425725499999999 0.6515763671875
5 0.53044293125 0.6927393296875 0.5844682520833333 0.694862840625 0.5870709812499999 0.65761556875 0.5330456604166667 0.6554920578125001 0.53044293125 0.6927393296875
4 0.47908665208333334 0.69816540625 0.5210317791666667 0.6998140937499999 0.5232476145833334 0.66810358125 0.4813024895833333 0.6664548921875 0.47908665208333334 0.69816540625
4 0.5203069520833333 0.7270406984375 0.571312225 0.7290455031249999 0.57389736875 0.692049903125 0.5228920958333333 0.6900450984375001 0.5203069520833333 0.7270406984375
5 0.26634028541666666 0.7764895734375 0.42271171041666666 0.7826358828125 0.43022093541666667 0.6751724718750001 0.27384951041666666 0.6690261625 0.26634028541666666 0.7764895734375
4 0.11774973958333333 0.774560709375 0.25465862708333337 0.7799420265625 0.2620095791666667 0.674743653125 0.12510068958333334 0.6693623359374999 0.11774973958333333 0.774560709375
4 0.2376222625 0.8311327859375 0.3658065645833333 0.8361711765625 0.37148684374999996 0.7548815249999999 0.24330254375000002 0.749843134375 0.2376222625 0.8311327859375
3 0.28083778750000005 0.47271085937499996 0.31070271666666666 0.473884725 0.31219752708333337 0.45249271249999995 0.28233259791666665 0.451318846875 0.28083778750000005 0.47271085937499996