3 0.39246794791666667 0.259615384375 0.30592948750000004 0.259615384375 0.30592948750000004 0.321875 0.39246794791666667 0.321875 0.39246794791666667 0.259615384375
3 0.24038461458333332 0.290865384375 0.14967948749999999 0.290865384375 0.14967948749999999 0.3543269234375 0.24038461458333332 0.3543269234375 0.24038461458333332 0.290865384375
3 0.030929487500000002 0.358052884375 0.00080128125 0.358052884375 0.00080128125 0.3818509609375 0.030929487500000002 0.3818509609375 0.030929487500000002 0.358052884375
3 0.37019230833333333 0.3525240390625 0.29198717916666667 0.3525240390625 0.29198717916666667 0.4094951921875 0.37019230833333333 0.4094951921875 0.37019230833333333 0.3525240390625
5 0.07419871875 0.384134615625 0.040865385416666664 0.384134615625 0.040865385416666664 0.4081730765625 0.07419871875 0.4081730765625 0.07419871875 0.384134615625
5 0 0.43641826874999995 0.031410256250000004 0.43641826874999995 0.031410256250000004 0.405408653125 0 0.405408653125 0 0.43641826874999995
4 0.04807692291666667 0.4302884609375 0.016666666666666666 0.4302884609375 0.016666666666666666 0.45240384687499996 0.04807692291666667 0.45240384687499996 0.04807692291666667 0.4302884609375
4 0.03958333333333333 0.44182692343749996 0.00048076875 0.44182692343749996 0.00048076875 0.46634615312500005 0.03958333333333333 0.46634615312500005 0.03958333333333333 0.44182692343749996
4 0.062339743749999996 0.45805288437499997 0.044391025 0.45805288437499997 0.044391025 0.4703125 0.062339743749999996 0.4703125 0.062339743749999996 0.45805288437499997
4 0.25576923125 0.39086538437499996 0.17692307708333335 0.39086538437499996 0.17692307708333335 0.44423076874999995 0.25576923125 0.44423076874999995 0.25576923125 0.39086538437499996
4 0.36041666666666666 0.41021634687499997 0.28669871875 0.41021634687499997 0.28669871875 0.46358173125 0.36041666666666666 0.46358173125 0.36041666666666666 0.41021634687499997
4 0.34951923125 0.4546875 0.28317307708333334 0.4546875 0.28317307708333334 0.49795673125000006 0.34951923125 0.49795673125000006 0.34951923125 0.4546875
4 0.27307692291666663 0.4519230765625 0.19743589791666669 0.4519230765625 0.19743589791666669 0.5050480765625001 0.27307692291666663 0.5050480765625001 0.27307692291666663 0.4519230765625
4 0.28958333333333336 0.48858173125000004 0.22676282083333332 0.48858173125000004 0.22676282083333332 0.5328125 0.28958333333333336 0.5328125 0.28958333333333336 0.48858173125000004
4 0.3352564104166667 0.49579326874999996 0.28653846250000004 0.49579326874999996 0.28653846250000004 0.5328125 0.3352564104166667 0.5328125 0.3352564104166667 0.49579326874999996
3 0.3780448708333333 0.4790865390625 0.32580128125 0.4790865390625 0.32580128125 0.5115384609375 0.3780448708333333 0.5115384609375 0.3780448708333333 0.4790865390625
5 0.42644230833333335 0.48365384687499996 0.380608975 0.48365384687499996 0.380608975 0.515865384375 0.42644230833333335 0.515865384375 0.42644230833333335 0.48365384687499996
4 0.3959935895833333 0.5175480765625 0.35913461458333334 0.5175480765625 0.35913461458333334 0.543990384375 0.3959935895833333 0.543990384375 0.3959935895833333 0.5175480765625
3 0.83125 0.43954326874999994 0.68830128125 0.43954326874999994 0.68830128125 0.5378605765625 0.83125 0.5378605765625 0.83125 0.43954326874999994
3 0.6677884625 0.50108173125 0.5110576916666667 0.50108173125 0.5110576916666667 0.6102163468749999 0.6677884625 0.6102163468749999 0.6677884625 0.50108173125
3 0.50080128125 0.5878605765625 0.45753205208333336 0.5878605765625 0.45753205208333336 0.6193509609375 0.50080128125 0.6193509609375 0.50080128125 0.5878605765625
3 0.44102564166666663 0.584375 0.3878205125 0.584375 0.3878205125 0.621634615625 0.44102564166666663 0.621634615625 0.44102564166666663 0.584375
5 0.44983974375 0.625721153125 0.3982371791666666 0.625721153125 0.3982371791666666 0.6612980765625001 0.44983974375 0.6612980765625001 0.44983974375 0.625721153125
4 0.4983974354166667 0.6381009609375 0.4583333333333333 0.6381009609375 0.4583333333333333 0.6683894234375 0.4983974354166667 0.6683894234375 0.4983974354166667 0.6381009609375
4 0.4572115375 0.6590144234374999 0.4084935895833333 0.6590144234374999 0.4084935895833333 0.6943509609375 0.4572115375 0.6943509609375 0.4572115375 0.6590144234374999
5 0.6958333333333333 0.6483173078125 0.5464743583333332 0.6483173078125 0.5464743583333332 0.7509615390625 0.6958333333333333 0.7509615390625 0.6958333333333333 0.6483173078125
4 0.8375 0.6542067312500001 0.7067307687500001 0.6542067312500001 0.7067307687500001 0.7546875 0.8375 0.7546875 0.8375 0.6542067312500001
4 0.71955128125 0.7264423078125 0.5971153854166666 0.7264423078125 0.5971153854166666 0.8040865390624999 0.71955128125 0.8040865390624999 0.71955128125 0.7264423078125
3 0.7022435895833333 0.440625 0.6737179479166666 0.440625 0.6737179479166666 0.46105769218750003 0.7022435895833333 0.46105769218750003 0.7022435895833333 0.440625
5 0.655608975 0.9461538468749999 0.59919871875 0.9461538468749999 0.59919871875 0.9978365390624999 0.655608975 0.9978365390624999 0.655608975 0.9461538468749999