4 0.4018778520833333 0.44818897968750004 0.6075913687500001 0.4153946609375 0.56500876875 0.2651431234375 0.35929525208333335 0.29793744218749996 0.4018778520833333 0.44818897968750004
4 0.5865771895833334 0.45405232656249994 0.7381732604166668 0.4298852734375 0.7063792041666667 0.31770081875 0.5547831333333334 0.34186787343749997 0.5865771895833334 0.45405232656249994
4 0.6754786 0.3010207453125 0.7023692583333333 0.29673390624999996 0.6962962354166666 0.27530541406250003 0.6694055791666667 0.2795922546875 0.6754786 0.3010207453125
4 0.9483758854166666 0.391237259375 0.9789640041666666 0.38636098125 0.9707475645833333 0.3573694921875 0.9401594437499999 0.362245771875 0.9483758854166666 0.391237259375
4 0.9600754499999999 0.4188830078125 0.9869661041666667 0.41459617031249996 0.9803929520833333 0.391402978125 0.9535022958333333 0.39568981718749996 0.9600754499999999 0.4188830078125
4 0.9863270145833333 0.43775341250000005 0.9932177437499999 0.43665490937499996 0.9860730125 0.4114449203125 0.9791822833333333 0.41254342343749995 0.9863270145833333 0.43775341250000005
4 0.35071349375 0.5924379734375 0.5510488791666667 0.5605010234375001 0.5106096979166667 0.41781248125000003 0.3102743125 0.44974943125 0.35071349375 0.5924379734375
4 0.5328603083333333 0.569460865625 0.6720194520833334 0.5472764734375 0.638153425 0.427781121875 0.49899428125 0.4499655140625 0.5328603083333333 0.569460865625
4 0.33919009583333337 0.735242071875 0.5294414854166667 0.7049126859375 0.48971677708333333 0.56474514375 0.29946538749999996 0.5950745296875 0.33919009583333337 0.735242071875
4 0.5085778416666666 0.6753024828124999 0.6406781875 0.6542433859375001 0.6097415 0.54508413125 0.47764115416666664 0.566143228125 0.5085778416666666 0.6753024828124999
4 0.42930035208333334 0.7687003328124999 0.5634174958333333 0.7473197234375 0.5359817270833334 0.6505133640625 0.40186458125 0.6718939734375 0.42930035208333334 0.7687003328124999
4 0.25837000625 0.8207176531249999 0.417024875 0.795425303125 0.3819442416666667 0.671644253125 0.22328937499999998 0.6969366031249999 0.25837000625 0.8207176531249999
4 0.3671032375 0.838691321875 0.4729851958333333 0.82181189375 0.4458352145833333 0.72601393125 0.3399532583333333 0.742893359375 0.3671032375 0.838691321875
4 0.8709284958333333 0.80843586875 0.9126090125 0.8017912687500001 0.9031779666666666 0.76851408125 0.86149745 0.77515868125 0.8709284958333333 0.80843586875
4 0.9020969604166668 0.8396969249999999 0.9420968104166667 0.8333202515625 0.9334516854166667 0.8028161640624999 0.8934518354166666 0.8091928375 0.9020969604166668 0.8396969249999999
4 0.9370181958333333 0.8507297328125001 0.9776903125 0.8442458890625 0.9687593979166667 0.8127334015625 0.9280872812500001 0.8192172453125 0.9370181958333333 0.8507297328125001
4 1 0.849779734375 0.97091158125 0.8544169359374999 0.9788422333333333 0.8824000249999999 1 0.8790271078125 1 0.849779734375
4 0.8396373479166667 0.79471644375 0.8752674666666667 0.7890363828125 0.86769405 0.7623137921875001 0.83206393125 0.767993853125 0.8396373479166667 0.79471644375
4 0.8476264791666667 0.8179473921874999 0.8798952666666667 0.8128031859375 0.8731077729166666 0.7888536953124999 0.8408389833333333 0.793997903125 0.8476264791666667 0.8179473921874999
4 0.8277449041666666 0.8599816140625001 0.8566523583333333 0.8553732625 0.8504364416666667 0.8334405703125001 0.8215289875 0.838048921875 0.8277449041666666 0.8599816140625001
4 0.8785423312499999 0.8712501218750001 0.9054329854166667 0.8669632828125 0.8988598333333333 0.8437700921875001 0.8719691770833333 0.84805693125 0.8785423312499999 0.8712501218750001