3 0.6964694425887265 0.3007795984375 0.40800612317327767 0.2704372859375 0.37085630688935284 0.46827527187499995 0.6593196263048017 0.498617584375 0.6964694425887265 0.3007795984375
5 0.3534455824634655 0.3321758703125 0.12260289770354905 0.30789444375 0.09279194154488517 0.4666499953125 0.32363462421711897 0.49093142187499994 0.3534455824634655 0.3321758703125
4 0.5240123528183716 0.483835434375 0.3151375365344468 0.4618647203125 0.28881886638830895 0.602022421875 0.4976936826722338 0.623993134375 0.5240123528183716 0.483835434375
4 0.3286890793319415 0.5041065375 0.10756987891440502 0.48084788593749994 0.0771009540709812 0.6431073796875 0.29822015657620043 0.66636603125 0.3286890793319415 0.5041065375
4 0.3761452985386221 0.5672306953125 0.28575292275574116 0.5577226796875 0.2707715240083507 0.63750475625 0.36116389979123176 0.647012771875 0.3761452985386221 0.5672306953125
3 0.4914994196242171 0.7352087109375 0.35140924217119 0.72047318125 0.33070859498956157 0.8307126046875 0.4707987724425887 0.845448134375 0.4914994196242171 0.7352087109375
4 0.3835414718162839 0.8182666984375 0.25461529436325675 0.8047054656249999 0.23502812943632567 0.909015140625 0.3639543068893528 0.9225763734375001 0.3835414718162839 0.8182666984375
4 0.41805642379958247 0.836876940625 0.3629566889352819 0.8310812171874999 0.34954428810020877 0.9025077390625 0.4046440229645094 0.9083034609375 0.41805642379958247 0.836876940625
3 0.8394259958246347 0.4635527 0.6734065302713987 0.446089771875 0.6519973048016702 0.5601026703125 0.818016770354906 0.5775655984375 0.8394259958246347 0.4635527
3 0.8545844613778706 0.586222021875 0.6737997077244259 0.567205990625 0.6478859373695198 0.7052074203124999 0.8286706931106472 0.7242234515625 0.8545844613778706 0.586222021875
3 0.9020221628392485 0.7110498078124999 0.78498024217119 0.6987386328125 0.7687335240083508 0.785259059375 0.8857754446764091 0.797570234375 0.9020221628392485 0.7110498078124999
4 0.8028173235908143 0.72109175 0.6645277912317328 0.7065456234374999 0.6453455302713988 0.8086990249999999 0.7836350605427975 0.8232451515625 0.8028173235908143 0.72109175
5 0.8616059290187892 0.7815599078125001 0.7557280041753653 0.7704230296875 0.7434290876826722 0.8359197999999999 0.8493070104384134 0.847056678125 0.8616059290187892 0.7815599078125001
3 0.8404312776617954 0.8796557281249999 0.9318173862212944 0.8892682703125001 0.9484690062630481 0.8005915703125 0.8570828977035491 0.790979028125 0.8404312776617954 0.8796557281249999
3 0.8734998935281837 0.8453411359375 0.734490102296451 0.8307192484374999 0.7140931315240083 0.9393414671875 0.8531029248434238 0.9539633546875 0.8734998935281837 0.8453411359375