4 0.512666325 1 0.514214225 0.9833979984375001 0.37845701875 0.976278196875 0.3767342020833333 0.9947562609375 0.47671948333333336 1 0.512666325 1
4 0.6748557645833333 1 0.6820955249999999 0.9223499343749999 0.5352766229166667 0.9146500015625 0.5273189520833333 1 0.6748557645833333 1
4 0.1570853958333333 0.8415104687499999 0.1439357375 0.9825471203125 0.3004755270833333 0.990756865625 0.3136251854166667 0.8497202156249999 0.1570853958333333 0.8415104687499999
4 0.24349285 0.8685263234375 0.13321107083333333 0.8627425828125 0.12467902916666666 0.9542529953125 0.23496080833333333 0.9600367343749999 0.24349285 0.8685263234375
5 0 0.9296510359375001 0.14814315833333333 0.93742041875 0.161386575 0.795378159375 0 0.7869142234375001 0 0.9296510359375001
4 0.14246522708333334 0.80322793125 0.07173739999999999 0.7995186015625 0.06646347291666667 0.8560841046875 0.1371913 0.8597934328125 0.14246522708333334 0.80322793125
4 0.40874392291666667 0.7670455875 0.28706524375 0.7606641359374999 0.27722057916666665 0.8662530734375 0.39889925833333334 0.8726345249999999 0.40874392291666667 0.7670455875
4 0.12358425625 0.9334797953124999 0.07967266666666667 0.9311768468749999 0.07634423333333333 0.9668759640625 0.12025582083333333 0.9691789109375 0.12358425625 0.9334797953124999
4 0.54840644375 0.793696515625 0.4149956583333333 0.7866997734375001 0.4054557125 0.8890204796875001 0.5388664958333333 0.8960172234374999 0.54840644375 0.793696515625
4 0.6748986083333333 0.78277251875 0.55489594375 0.7764789671875 0.54641078125 0.867486575 0.6664134458333333 0.8737801265625 0.6748986083333333 0.78277251875
4 0.5612117104166666 0.696094425 0.45931000625 0.6907501796875 0.45227810208333336 0.7661708484374999 0.55417980625 0.7715150937499999 0.5612117104166666 0.696094425
4 0.4333864604166667 0.5966748468749999 0.3536081520833333 0.5924908640625 0.3484514229166667 0.6477993546875 0.42822973125 0.6519833375 0.4333864604166667 0.5966748468749999
4 0.3811134854166667 0.5792807546875001 0.31708971875 0.575923021875 0.3126127395833333 0.6239408484375 0.37663650625 0.62729858125 0.3811134854166667 0.5792807546875001
4 0.4293978020833333 0.547328828125 0.3683908604166667 0.5441293125 0.36421859791666666 0.5888789109375 0.42522553958333337 0.5920784265625 0.4293978020833333 0.547328828125
3 0.32776795208333337 0.528230421875 0.21312853333333334 0.5222181453125 0.20490120625000002 0.6104603281250001 0.319540625 0.6164726046875 0.32776795208333337 0.528230421875
3 0.4442435458333333 0.44048638437500004 0.3346321729166667 0.4347378046875 0.3268267625 0.518454746875 0.43643813333333337 0.5242033265625 0.4442435458333333 0.44048638437500004
3 0.7573255770833334 0.482169159375 0.6440269729166667 0.47622720156250004 0.6363856375 0.5581843281250001 0.74968424375 0.5641262859375 0.7573255770833334 0.482169159375
3 0.7447279541666667 0.35355060781250003 0.6508711229166667 0.348628275 0.64308915 0.43209381562500004 0.7369459833333334 0.437016146875 0.7447279541666667 0.35355060781250003
3 0.8358281729166667 0.36274941875 0.7074454333333333 0.356016371875 0.6983274 0.45381184062499996 0.8267101375 0.46054488750000006 0.8358281729166667 0.36274941875
3 0.8115911354166666 0.25600464375 0.7006389520833333 0.25018574375 0.6928804187500001 0.33339988125 0.8038326041666667 0.33921878125 0.8115911354166666 0.25600464375
3 0.6881107354166667 0.1804339765625 0.5992819458333333 0.175775340625 0.5928125958333333 0.24516235625 0.6816413854166666 0.2498209921875 0.6881107354166667 0.1804339765625
3 0.6042068875 0.184370471875 0.5234229708333333 0.18013375 0.5183131229166666 0.23493943593750002 0.5990970395833333 0.23917615625000002 0.6042068875 0.184370471875
3 0.6229077770833332 0.149982828125 0.5437998770833333 0.14583400468750002 0.5396510541666667 0.1903322 0.61875895625 0.194481021875 0.6229077770833332 0.149982828125
3 0.2784224583333333 0.1777688796875 0.1547325625 0.1712819484375 0.14608332083333334 0.264049371875 0.26977321875 0.2705363015625 0.2784224583333333 0.1777688796875
5 0.40621437916666664 0.158323578125 0.2795076541666666 0.1516784296875 0.2710693708333333 0.24218323281249998 0.39777609583333334 0.24882838125 0.40621437916666664 0.158323578125
5 0.3037135791666667 0.11063213125 0.18940936458333332 0.10463743437499999 0.18176803125 0.1865945609375 0.29607224375 0.1925892578125 0.3037135791666667 0.11063213125
4 0.60780939375 0.10599099999999999 0.55149529375 0.1030376015625 0.54678391875 0.15356945 0.60309801875 0.1565228484375 0.60780939375 0.10599099999999999
4 0.6897102187499999 0.100054721875 0.6072502875 0.0957301015625 0.6010387749999999 0.1623516921875 0.6834987041666667 0.16667631249999998 0.6897102187499999 0.100054721875
4 0.67434105 0.046322378125 0.6250662145833333 0.0437381546875 0.6207064333333334 0.09049896874999999 0.6699812708333333 0.09308319375 0.67434105 0.046322378125
4 0.3503782604166667 0.10688999375 0.27495759166666667 0.10293454843750001 0.26876951666666665 0.1693047359375 0.34419018749999997 0.17326018125 0.3503782604166667 0.10688999375
4 0.36531094999999997 0.0496942046875 0.27178932083333335 0.044789453125 0.26651539375 0.1013549546875 0.36003702291666667 0.10625970625 0.36531094999999997 0.0496942046875
4 0.4410725645833333 0.026509640625000004 0.37168555 0.022870631250000002 0.36533339791666664 0.09100063750000001 0.4347204125 0.09463964687500001 0.4410725645833333 0.026509640625000004
4 0.37786001458333335 0 0.37541498958333336 0.026224115625 0.47999831666666665 0.031709 0.48295473125000005 0 0.37786001458333335 0
5 0.2704074041666667 0 0.26274251875 0.0822097203125 0.40788540833333337 0.0898217546875 0.41626000625 0 0.2704074041666667 0