3 0.33307929583333334 1 0.2997722416666667 0.8583297390625001 0.12609716875 0.8812974390624999 0.15400445416666667 1 0.33307929583333334 1
3 0.26903795625 1 0.24281169583333334 0.8884476093749999 0.08841221875000001 0.9088662046874999 0.10983801458333334 1 0.26903795625 1
3 0 0.4769867125 0.04509872916666667 0.4710226203125 0.021547393749999998 0.370847928125 0 0.37369746875 0 0.4769867125
3 0.15033255416666666 0.38152110625 0.03506838333333333 0.39676424374999997 0.05511791458333334 0.48204415625 0.1703820875 0.46680101875 0.15033255416666666 0.38152110625
4 0 0.3706861203125 0.049482106250000005 0.36414234687499997 0.032659725 0.292588996875 0 0.2969080890625 0 0.3706861203125
4 0.18926817083333333 0.2798583484375 0.08451796041666666 0.29371106406249997 0.10243894583333332 0.3699372875 0.20718915625 0.3560845703125 0.18926817083333333 0.2798583484375
4 0.10721042708333334 0.2083497203125 0.020372889583333335 0.21983357187500002 0.036096666666666666 0.28671405 0.12293420416666666 0.2752302 0.10721042708333334 0.2083497203125
4 0.28227741666666667 0.029059540625 0.13118788958333333 0.0490404109375 0.15741707291666665 0.160605228125 0.3085066 0.1406243578125 0.28227741666666667 0.029059540625
5 0.4004564291666667 0.0441466828125 0.15707768333333333 0.0763323609375 0.20012924791666667 0.259450528125 0.44350799375 0.2272648484375 0.4004564291666667 0.0441466828125
4 0.43843004583333334 0.065624715625 0.36522171875 0.0753061671875 0.38664450624999996 0.1664271703125 0.4598528333333334 0.15674571718750002 0.43843004583333334 0.065624715625
3 0.41430514999999996 0.340438725 0.20285769791666666 0.3684016421875 0.23863100833333334 0.5205620343749999 0.4500784604166667 0.49259911562500003 0.41430514999999996 0.340438725
5 0.6098025229166667 0.2924517203125 0.43651685625 0.315367925 0.46205941250000004 0.42401219531249995 0.6353450791666667 0.40109599218750003 0.6098025229166667 0.2924517203125
4 0.46472979166666667 0.16724275156249999 0.31052502083333333 0.1876355984375 0.33702885416666667 0.30036863281250004 0.4912336270833333 0.2799757859375 0.46472979166666667 0.16724275156249999
3 0.641933025 0.3872759703125 0.43126438333333333 0.41513589375000004 0.4677243208333334 0.5702168296875 0.6783929625 0.54235690625 0.641933025 0.3872759703125