5 0.48461538541666666 0.28641826875 0.3400641020833334 0.28641826875 0.3400641020833334 0.40829326874999994 0.48461538541666666 0.40829326874999994 0.48461538541666666 0.28641826875
5 0.5165064104166667 0.29399038437499997 0.444391025 0.29399038437499997 0.444391025 0.3790865390625 0.5165064104166667 0.3790865390625 0.5165064104166667 0.29399038437499997
5 0.38381410208333333 0.3183894234375 0.2825320520833333 0.3183894234375 0.2825320520833333 0.4118990390625 0.38381410208333333 0.4118990390625 0.38381410208333333 0.3183894234375
4 0.5408653854166666 0.380408653125 0.44375 0.380408653125 0.44375 0.466466346875 0.5408653854166666 0.466466346875 0.5408653854166666 0.380408653125
4 0.58798076875 0.4381009609375 0.5036858979166666 0.4381009609375 0.5036858979166666 0.507572115625 0.58798076875 0.507572115625 0.58798076875 0.4381009609375
4 0.5706730770833333 0.48834134687499997 0.47708333333333336 0.48834134687499997 0.47708333333333336 0.582572115625 0.5706730770833333 0.582572115625 0.5706730770833333 0.48834134687499997
4 0.349358975 0.43269230781249995 0.23108974375000002 0.43269230781249995 0.23108974375000002 0.547596153125 0.349358975 0.547596153125 0.349358975 0.43269230781249995
4 0.7214743583333333 0.46514423125000004 0.63076923125 0.46514423125000004 0.63076923125 0.540625 0.7214743583333333 0.540625 0.7214743583333333 0.46514423125000004
4 0.64919871875 0.521033653125 0.6084935895833333 0.521033653125 0.6084935895833333 0.5734375 0.64919871875 0.5734375 0.64919871875 0.521033653125
4 0.46698717916666665 0.5266826921875001 0.36730769166666666 0.5266826921875001 0.36730769166666666 0.6307692312500001 0.46698717916666665 0.6307692312500001 0.46698717916666665 0.5266826921875001
4 0.31858974375 0.5362980765625001 0.20833333333333334 0.5362980765625001 0.20833333333333334 0.6358173078125 0.31858974375 0.6358173078125 0.31858974375 0.5362980765625001
4 0.49727564166666666 0.604927884375 0.41746794791666664 0.604927884375 0.41746794791666664 0.6808894234375 0.49727564166666666 0.6808894234375 0.49727564166666666 0.604927884375
4 0.3451923083333333 0.610096153125 0.2580128208333333 0.610096153125 0.2580128208333333 0.6875 0.3451923083333333 0.6875 0.3451923083333333 0.610096153125
4 0.3121794875 0.63798076875 0.2509615375 0.63798076875 0.2509615375 0.6987980765625 0.3121794875 0.6987980765625 0.3121794875 0.63798076875
4 0.26602564166666665 0.6717548078125 0.19807692291666665 0.6717548078125 0.19807692291666665 0.7371394234374999 0.26602564166666665 0.7371394234374999 0.26602564166666665 0.6717548078125
5 0.6772435895833334 0.5769230765625 0.6016025645833333 0.5769230765625 0.6016025645833333 0.6362980765625 0.6772435895833334 0.6362980765625 0.6772435895833334 0.5769230765625
4 0.6801282041666667 0.58954326875 0.6480769229166667 0.58954326875 0.6480769229166667 0.6263221156250001 0.6801282041666667 0.6263221156250001 0.6801282041666667 0.58954326875
4 0.7407051291666666 0.5362980765625001 0.6666666666666666 0.5362980765625001 0.6666666666666666 0.6009615390625 0.7407051291666666 0.6009615390625 0.7407051291666666 0.5362980765625001
4 0.7389423083333334 0.5918269234375 0.6767628208333334 0.5918269234375 0.6767628208333334 0.6512019234374999 0.7389423083333334 0.6512019234374999 0.7389423083333334 0.5918269234375
4 0.48108974375 0.6775240390625 0.4166666666666667 0.6775240390625 0.4166666666666667 0.7417067312500001 0.48108974375 0.7417067312500001 0.48108974375 0.6775240390625
4 0.42387820416666666 0.740625 0.37580128125 0.740625 0.37580128125 0.7978365390625 0.42387820416666666 0.7978365390625 0.42387820416666666 0.740625
4 0.3969551291666667 0.777403846875 0.35753205208333333 0.777403846875 0.35753205208333333 0.8146634609375001 0.3969551291666667 0.8146634609375001 0.3969551291666667 0.777403846875
4 0.41618589791666666 0.803125 0.37419871875 0.803125 0.37419871875 0.8415865390624999 0.41618589791666666 0.8415865390624999 0.41618589791666666 0.803125
4 0.6032051291666666 0.653966346875 0.55544871875 0.653966346875 0.55544871875 0.711658653125 0.6032051291666666 0.711658653125 0.6032051291666666 0.653966346875
5 0.5908653854166667 0.69110576875 0.5479166666666667 0.69110576875 0.5479166666666667 0.738221153125 0.5908653854166667 0.738221153125 0.5908653854166667 0.69110576875
4 0.5756410249999999 0.709375 0.5352564104166666 0.709375 0.5352564104166666 0.746634615625 0.5756410249999999 0.746634615625 0.5756410249999999 0.709375
3 0.6604166666666667 0.681971153125 0.5793269229166668 0.681971153125 0.5793269229166668 0.76298076875 0.6604166666666667 0.76298076875 0.6604166666666667 0.681971153125
4 0.6480769229166667 0.7454326921875001 0.5964743583333333 0.7454326921875001 0.5964743583333333 0.80360576875 0.6480769229166667 0.80360576875 0.6480769229166667 0.7454326921875001
4 0.6389423083333334 0.7842548078125 0.6036858979166666 0.7842548078125 0.6036858979166666 0.835216346875 0.6389423083333334 0.835216346875 0.6389423083333334 0.7842548078125
4 0.66875 0.802403846875 0.6100961541666667 0.802403846875 0.6100961541666667 0.8588942312500001 0.66875 0.8588942312500001 0.66875 0.802403846875
5 0.75544871875 0.646033653125 0.6891025645833333 0.646033653125 0.6891025645833333 0.724158653125 0.75544871875 0.724158653125 0.75544871875 0.646033653125
4 0.7559294875 0.707091346875 0.6841346145833334 0.707091346875 0.6841346145833334 0.7640625 0.7559294875 0.7640625 0.7559294875 0.707091346875
4 0.75048076875 0.7417067312500001 0.6831730770833333 0.7417067312500001 0.6831730770833333 0.8001201921875 0.75048076875 0.8001201921875 0.75048076875 0.7417067312500001
3 0.7863782041666667 0.6280048078125 0.7347756416666668 0.6280048078125 0.7347756416666668 0.6722355765625 0.7863782041666667 0.6722355765625 0.7863782041666667 0.6280048078125
3 0.8142628208333333 0.6157451921875 0.77419871875 0.6157451921875 0.77419871875 0.653966346875 0.8142628208333333 0.653966346875 0.8142628208333333 0.6157451921875
5 0.80544871875 0.6590144234374999 0.7772435895833334 0.6590144234374999 0.7772435895833334 0.69891826875 0.80544871875 0.69891826875 0.80544871875 0.6590144234374999
3 0.42083333333333334 0.642908653125 0.39166666666666666 0.642908653125 0.39166666666666666 0.6655048078125 0.42083333333333334 0.6655048078125 0.42083333333333334 0.642908653125
3 0.42003205208333333 0.6649038468749999 0.39278846250000005 0.6649038468749999 0.39278846250000005 0.684375 0.42003205208333333 0.684375 0.42003205208333333 0.6649038468749999
5 0.39855769166666666 0.6693509609375 0.37676282083333335 0.6693509609375 0.37676282083333335 0.69170673125 0.39855769166666666 0.69170673125 0.39855769166666666 0.6693509609375
4 0.3846153854166667 0.68329326875 0.3660256416666667 0.68329326875 0.3660256416666667 0.7010817312500001 0.3846153854166667 0.7010817312500001 0.3846153854166667 0.68329326875
4 0.4142628208333334 0.68389423125 0.39182692291666665 0.68389423125 0.39182692291666665 0.7012019234375 0.4142628208333334 0.7012019234375 0.4142628208333334 0.68389423125
4 0.39375 0.679447115625 0.37419871875 0.679447115625 0.37419871875 0.696033653125 0.39375 0.696033653125 0.39375 0.679447115625
4 0.3858974354166667 0.7076923078124999 0.3660256416666667 0.7076923078124999 0.3660256416666667 0.722596153125 0.3858974354166667 0.722596153125 0.3858974354166667 0.7076923078124999
4 0.4032051291666667 0.7051682687499999 0.39070512916666666 0.7051682687499999 0.39070512916666666 0.7188701921875 0.4032051291666667 0.7188701921875 0.4032051291666667 0.7051682687499999
4 0.040865385416666664 0.024278846875000003 0.004326922916666667 0.024278846875000003 0.004326922916666667 0.062740384375 0.040865385416666664 0.062740384375 0.040865385416666664 0.024278846875000003
4 0.05705128125 0.061418268750000005 0.023397435416666668 0.061418268750000005 0.023397435416666668 0.09266826875 0.05705128125 0.09266826875 0.05705128125 0.061418268750000005
4 0.05416666666666667 0.08233173125 0.024358975 0.08233173125 0.024358975 0.11045673125 0.05416666666666667 0.11045673125 0.05416666666666667 0.08233173125
4 0.05705128125 0.103125 0.029166666666666667 0.103125 0.029166666666666667 0.1300480765625 0.05705128125 0.1300480765625 0.05705128125 0.103125
4 0.11538461458333332 0.07728365312499999 0.08653846250000001 0.07728365312499999 0.08653846250000001 0.10757211562499999 0.11538461458333332 0.10757211562499999 0.11538461458333332 0.07728365312499999
4 0.105608975 0.09110576875000001 0.08285256458333333 0.09110576875000001 0.08285256458333333 0.11658653906250001 0.105608975 0.11658653906250001 0.105608975 0.09110576875000001
4 0.06602564166666666 0.1290865390625 0.04551282083333333 0.1290865390625 0.04551282083333333 0.15 0.06602564166666666 0.15 0.06602564166666666 0.1290865390625
4 0.11073717916666667 0.1103365390625 0.08798076875000001 0.1103365390625 0.08798076875000001 0.1324519234375 0.11073717916666667 0.1324519234375 0.11073717916666667 0.1103365390625
4 0.21826923125 0.46141826874999997 0.18525641041666668 0.46141826874999997 0.18525641041666668 0.48641826874999994 0.21826923125 0.48641826874999994 0.21826923125 0.46141826874999997
4 0.23942307708333335 0.48930288437499997 0.21121794791666665 0.48930288437499997 0.21121794791666665 0.5147836531250001 0.23942307708333335 0.5147836531250001 0.23942307708333335 0.48930288437499997
4 0.056891025 0.322716346875 0.02580128125 0.322716346875 0.02580128125 0.3433894234375 0.056891025 0.3433894234375 0.056891025 0.322716346875
4 0.052083333333333336 0.3498798078125 0.02548076875 0.3498798078125 0.02548076875 0.3691105765625 0.052083333333333336 0.3691105765625 0.052083333333333336 0.3498798078125
4 0.051282052083333335 0.372716346875 0.03333333333333333 0.372716346875 0.03333333333333333 0.385216346875 0.051282052083333335 0.385216346875 0.051282052083333335 0.372716346875