5 0.8836538458333333 0.7840144234374999 0.85 0.7840144234374999 0.85 0.8128605765625 0.8836538458333333 0.8128605765625 0.8836538458333333 0.7840144234374999
5 0.8602564104166667 0.7907451921875001 0.8208333333333333 0.7907451921875001 0.8208333333333333 0.8219951921875 0.8602564104166667 0.8219951921875 0.8602564104166667 0.7907451921875001
5 0.8286858979166667 0.7811298078125 0.79983974375 0.7811298078125 0.79983974375 0.8037259609375 0.8286858979166667 0.8037259609375 0.8286858979166667 0.7811298078125
5 0.8338141020833334 0.803365384375 0.79983974375 0.803365384375 0.79983974375 0.831009615625 0.8338141020833334 0.831009615625 0.8338141020833334 0.803365384375
4 0.8689102562500001 0.8134615390625 0.8368589750000001 0.8134615390625 0.8368589750000001 0.83125 0.8689102562500001 0.83125 0.8689102562500001 0.8134615390625
3 0.7144230770833333 0.7631009609375 0.6801282041666667 0.7631009609375 0.6801282041666667 0.79170673125 0.7144230770833333 0.79170673125 0.7144230770833333 0.7631009609375
5 0.7056089750000001 0.7824519234375 0.6719551291666667 0.7824519234375 0.6719551291666667 0.808653846875 0.7056089750000001 0.808653846875 0.7056089750000001 0.7824519234375
5 0.68173076875 0.7582932687499999 0.6538461541666667 0.7582932687499999 0.6538461541666667 0.791466346875 0.68173076875 0.791466346875 0.68173076875 0.7582932687499999
4 0.13429487083333333 0.41394230781249997 0.060897435416666666 0.41394230781249997 0.060897435416666666 0.46514423125000004 0.13429487083333333 0.46514423125000004 0.13429487083333333 0.41394230781249997
4 0.12339743541666667 0.45745192343749996 0.051282052083333335 0.45745192343749996 0.051282052083333335 0.5074519234375 0.12339743541666667 0.5074519234375 0.12339743541666667 0.45745192343749996
4 0.14519230833333333 0.490625 0.08846153749999999 0.490625 0.08846153749999999 0.5269230765625 0.14519230833333333 0.5269230765625 0.14519230833333333 0.490625
4 0.12131410208333333 0.528365384375 0.07163461458333333 0.528365384375 0.07163461458333333 0.5634615390625 0.12131410208333333 0.5634615390625 0.12131410208333333 0.528365384375
4 0.07083333333333333 0.5519230765625001 0.02307692291666667 0.5519230765625001 0.02307692291666667 0.5822115390625 0.07083333333333333 0.5822115390625 0.07083333333333333 0.5519230765625001
4 0.028365385416666666 0.48004807656250004 0.00048076875 0.48004807656250004 0.00048076875 0.5228365390625 0.028365385416666666 0.5228365390625 0.028365385416666666 0.48004807656250004
4 0.028044870833333332 0.5347355765625 0.00080128125 0.5347355765625 0.00080128125 0.567427884375 0.028044870833333332 0.567427884375 0.028044870833333332 0.5347355765625
4 0.66330128125 0.233533653125 0.5261217958333334 0.233533653125 0.5261217958333334 0.33305288437499997 0.66330128125 0.33305288437499997 0.66330128125 0.233533653125
4 0.7048076916666666 0.3506009609375 0.5503205125 0.3506009609375 0.5503205125 0.45829326875 0.7048076916666666 0.45829326875 0.7048076916666666 0.3506009609375
4 0.6293269229166667 0.43016826874999997 0.5033653854166666 0.43016826874999997 0.5033653854166666 0.5229567312500001 0.6293269229166667 0.5229567312500001 0.6293269229166667 0.43016826874999997
4 0.9615384625 0.389302884375 0.8051282041666667 0.389302884375 0.8051282041666667 0.5046875 0.9615384625 0.5046875 0.9615384625 0.389302884375
4 0.9038461541666667 0.503846153125 0.875 0.503846153125 0.875 0.5228365390625 0.9038461541666667 0.5228365390625 0.9038461541666667 0.503846153125
4 0.88205128125 0.5046875 0.749358975 0.5046875 0.749358975 0.6087740390625 0.88205128125 0.6087740390625 0.88205128125 0.5046875
4 0.9205128208333334 0.50360576875 0.8961538458333334 0.50360576875 0.8961538458333334 0.5221153843749999 0.9205128208333334 0.5221153843749999 0.9205128208333334 0.50360576875
4 0.8738782041666667 0.7134615390625 0.8376602562500001 0.7134615390625 0.8376602562500001 0.7394230765625001 0.8738782041666667 0.7394230765625001 0.8738782041666667 0.7134615390625
4 0.84294871875 0.6966346156250001 0.80705128125 0.6966346156250001 0.80705128125 0.7233173078124999 0.84294871875 0.7233173078124999 0.84294871875 0.6966346156250001
4 0.6969551291666666 0.5271634609375 0.57548076875 0.5271634609375 0.57548076875 0.621153846875 0.6969551291666666 0.621153846875 0.6969551291666666 0.5271634609375
4 0.8073717958333333 0.5716346156250001 0.68108974375 0.5716346156250001 0.68108974375 0.675 0.8073717958333333 0.675 0.8073717958333333 0.5716346156250001
4 0.31923076875 0.76875 0.29583333333333334 0.76875 0.29583333333333334 0.78798076875 0.31923076875 0.78798076875 0.31923076875 0.76875
4 0.3030448708333333 0.7853365390625 0.27836538541666667 0.7853365390625 0.27836538541666667 0.8048076921874999 0.3030448708333333 0.8048076921874999 0.3030448708333333 0.7853365390625
4 0.29358974375 0.802403846875 0.27339743541666667 0.802403846875 0.27339743541666667 0.8185096156249999 0.29358974375 0.8185096156249999 0.29358974375 0.802403846875
4 0.28798076875 0.81875 0.269391025 0.81875 0.269391025 0.8331730765625001 0.28798076875 0.8331730765625001 0.28798076875 0.81875
4 0.3233974354166667 0.8038461531250001 0.30769230833333333 0.8038461531250001 0.30769230833333333 0.81875 0.3233974354166667 0.81875 0.3233974354166667 0.8038461531250001
4 0.31730769166666667 0.7878605765625 0.3009615375 0.7878605765625 0.3009615375 0.8025240390624999 0.31730769166666667 0.8025240390624999 0.31730769166666667 0.7878605765625
3 0.6229166666666667 0.855408653125 0.6027243583333333 0.855408653125 0.6027243583333333 0.877283653125 0.6229166666666667 0.877283653125 0.6229166666666667 0.855408653125
5 0.2684294875 0.7712740390625 0.24567307708333336 0.7712740390625 0.24567307708333336 0.7873798078124999 0.2684294875 0.7873798078124999 0.2684294875 0.7712740390625
4 0.9184294875 0.28954326875 0.7527243583333333 0.28954326875 0.7527243583333333 0.41045673125000004 0.9184294875 0.41045673125000004 0.9184294875 0.28954326875
5 0.9996794875 0.8127403843750001 0.9788461541666666 0.8127403843750001 0.9788461541666666 0.8396634609375001 0.9996794875 0.8396634609375001 0.9996794875 0.8127403843750001