3 0.6552579375 0.49776785781250005 0.5216600520833333 0.49776785781250005 0.5216600520833333 0.6073908734375 0.6552579375 0.6073908734375 0.6552579375 0.49776785781250005
3 0.46825396875 0.3697916671875 0.2748015875 0.3697916671875 0.2748015875 0.516369046875 0.46825396875 0.516369046875 0.46825396875 0.3697916671875
4 0.281911375 0.0023561515625 0.14897486875 0.0023561515625 0.14897486875 0.10553075468749999 0.281911375 0.10553075468749999 0.281911375 0.0023561515625
4 0.23429232708333333 0.097222221875 0.11094576666666667 0.097222221875 0.11094576666666667 0.1914682546875 0.23429232708333333 0.1914682546875 0.23429232708333333 0.097222221875
4 0.0869709 0.0168650796875 0.0006613750000000001 0.0168650796875 0.0006613750000000001 0.12053571406250001 0.0869709 0.12053571406250001 0.0869709 0.0168650796875
4 0.10482804166666666 0.118303571875 0.009259258333333333 0.118303571875 0.009259258333333333 0.19618055625 0.10482804166666666 0.19618055625 0.10482804166666666 0.118303571875
5 0.3773148145833333 0.5736607140625 0.23048941875 0.5736607140625 0.23048941875 0.684771825 0.3773148145833333 0.684771825 0.3773148145833333 0.5736607140625
4 0.5543981479166666 0.61669146875 0.45651454999999996 0.61669146875 0.45651454999999996 0.7057291671875 0.5543981479166666 0.7057291671875 0.5543981479166666 0.61669146875
4 0.450396825 0.9154265875 0.38425925833333335 0.9154265875 0.38425925833333335 0.9742063484375001 0.450396825 0.9742063484375001 0.450396825 0.9154265875
4 0.32754629583333333 0.7064732140625 0.20882936458333334 0.7064732140625 0.20882936458333334 0.80419146875 0.32754629583333333 0.80419146875 0.32754629583333333 0.7064732140625
4 0.29034391458333336 0.8093998015625001 0.20734127083333334 0.8093998015625001 0.20734127083333334 0.8763640875 0.29034391458333336 0.8763640875 0.29034391458333336 0.8093998015625001
4 0.30274470833333333 0.8781001984374999 0.24388227499999998 0.8781001984374999 0.24388227499999998 0.9316716265625 0.30274470833333333 0.9316716265625 0.30274470833333333 0.8781001984374999