4 0.9951923083333334 0.1454326921875 0.8397435895833334 0.1454326921875 0.8397435895833334 0.26995192343749996 0.9951923083333334 0.26995192343749996 0.9951923083333334 0.1454326921875
3 0.35512820416666663 0.2581730765625 0.20320512916666666 0.2581730765625 0.20320512916666666 0.371153846875 0.35512820416666663 0.371153846875 0.35512820416666663 0.2581730765625
3 0.83044871875 0.2887019234375 0.6451923083333334 0.2887019234375 0.6451923083333334 0.4271634609375 0.83044871875 0.4271634609375 0.83044871875 0.2887019234375
5 0.23878205208333333 0.3563701921875 0.11121794791666666 0.3563701921875 0.11121794791666666 0.44579326874999997 0.23878205208333333 0.44579326874999997 0.23878205208333333 0.3563701921875
4 0.3528846145833333 0.38076923125 0.23044871875 0.38076923125 0.23044871875 0.4699519234375 0.3528846145833333 0.4699519234375 0.3528846145833333 0.38076923125
5 0.94326923125 0.3878605765625 0.7634615375 0.3878605765625 0.7634615375 0.517908653125 0.94326923125 0.517908653125 0.94326923125 0.3878605765625
4 0.3104166666666667 0.48701923125 0.19919871875 0.48701923125 0.19919871875 0.5677884609375 0.3104166666666667 0.5677884609375 0.3104166666666667 0.48701923125
4 0.8317307687500001 0.48088942343749996 0.7201923083333334 0.48088942343749996 0.7201923083333334 0.5808894234374999 0.8317307687500001 0.5808894234374999 0.8317307687500001 0.48088942343749996
4 0.7735576916666667 0.47860576874999994 0.6094551291666667 0.47860576874999994 0.6094551291666667 0.6052884609375 0.7735576916666667 0.6052884609375 0.7735576916666667 0.47860576874999994
4 0.80625 0.59014423125 0.6639423083333333 0.59014423125 0.6639423083333333 0.69014423125 0.80625 0.69014423125 0.80625 0.59014423125
4 0.8360576916666667 0.590865384375 0.7594551291666666 0.590865384375 0.7594551291666666 0.6764423078124999 0.8360576916666667 0.6764423078124999 0.8360576916666667 0.590865384375
3 0.19294871875 0.601322115625 0.09551282083333333 0.601322115625 0.09551282083333333 0.6724759609375 0.19294871875 0.6724759609375 0.19294871875 0.601322115625
3 0.11554487083333333 0.659375 0.0046474354166666666 0.659375 0.0046474354166666666 0.7401442312500001 0.11554487083333333 0.7401442312500001 0.11554487083333333 0.659375
3 0.20945512916666667 0.6451923078124999 0.10849358958333334 0.6451923078124999 0.10849358958333334 0.7115384609375 0.20945512916666667 0.7115384609375 0.20945512916666667 0.6451923078124999
5 0.24230769166666669 0.6891826921875001 0.14711538541666666 0.6891826921875001 0.14711538541666666 0.7586538468749999 0.24230769166666669 0.7586538468749999 0.24230769166666669 0.6891826921875001
4 0.22964743541666666 0.7515625 0.15272435833333334 0.7515625 0.15272435833333334 0.8061298078125001 0.22964743541666666 0.8061298078125001 0.22964743541666666 0.7515625
4 0.22051282083333332 0.8049278843750001 0.14423076875 0.8049278843750001 0.14423076875 0.8623798078125 0.22051282083333332 0.8623798078125 0.22051282083333332 0.8049278843750001
4 0.16506410208333333 0.7546875 0.07692307708333333 0.7546875 0.07692307708333333 0.82391826875 0.16506410208333333 0.82391826875 0.16506410208333333 0.7546875