5 0.4768347369519833 0.14404025781250002 0.2608793716075157 0.12989954374999998 0.24452910020876828 0.2697708734375 0.4604844655532359 0.2839115875 0.4768347369519833 0.14404025781250002
5 0.3206855657620042 0.3447065484375 0.1403766784968685 0.332899959375 0.1232391732776618 0.4795058359375 0.3035480584551148 0.491312425 0.3206855657620042 0.3447065484375
5 0.6056735260960334 0.21877150781250002 0.4219038162839248 0.20673830468749999 0.4047057536534447 0.3538622234375 0.5884754634655532 0.36589542656249996 0.6056735260960334 0.21877150781250002
5 0.6083773152400835 0.3641970546875 0.43360574530271395 0.3527530484375 0.41604434237995824 0.5029852171875 0.5908159123173278 0.5144292234375001 0.6083773152400835 0.3641970546875
5 0.5424235323590815 0.41677719843750005 0.4026062776617954 0.40762199375 0.3883149290187891 0.5298798984374999 0.5281321837160752 0.539035103125 0.5424235323590815 0.41677719843750005
5 0.2935092400835073 0.47277633906250005 0.13673395198329855 0.462510725 0.12350234446764093 0.5757028921875 0.28027763256784965 0.58596850625 0.2935092400835073 0.47277633906250005
5 0.3061948977035491 0.589492590625 0.18091310229645094 0.5812891640625 0.1691954070981211 0.681530284375 0.2944772045929019 0.6897337109375 0.3061948977035491 0.589492590625
5 0.651092204592902 0.48953520624999997 0.4991620647181628 0.4795868515625 0.4840834822546973 0.6085793015625 0.6360136200417537 0.6185276562500001 0.651092204592902 0.48953520624999997
4 0.5995556659707725 0.59330258125 0.48811716283924844 0.5860056109375 0.47688392066805846 0.6821023953124999 0.5883224258872651 0.689399365625 0.5995556659707725 0.59330258125
5 0.5033294885177453 0.57669206875 0.3707799603340292 0.5680127515625 0.357699745302714 0.6799098171875 0.49024927139874735 0.6885891328125 0.5033294885177453 0.57669206875
4 0.4506791670146138 0.6914791671875 0.35308395407098125 0.6850886515625 0.34484826304801675 0.7555423578125 0.4424434759916493 0.7619328734375 0.4506791670146138 0.6914791671875
4 0.29978908141962424 0.6577170859375 0.19561830480167014 0.6508960046875 0.18659537787056368 0.7280842562500001 0.2907661544885177 0.7349053375000001 0.29978908141962424 0.6577170859375
5 0.8496981899791232 0.22548456562500002 0.6531234342379958 0.212612890625 0.636349267223382 0.356110515625 0.8329240229645093 0.36898219062500004 0.8496981899791232 0.22548456562500002
5 0.8397698162839249 0.3596428171875 0.6684590709812108 0.3484254234375 0.6538043841336117 0.47379157968749996 0.8251151294363257 0.48500897343749994 0.8397698162839249 0.3596428171875
5 0.825805018789144 0.47761554375 0.6756052943632568 0.467780496875 0.6621011816283925 0.5833038546875 0.8123009081419624 0.5931389015625 0.825805018789144 0.47761554375
4 0.8441598559498956 0.589091434375 0.7206084697286012 0.5810013140625 0.7088907745302714 0.681242434375 0.8324421607515657 0.6893325546875 0.8441598559498956 0.589091434375
4 0.7519277411273486 0.6486944984374999 0.6553707745302714 0.64237196875 0.646347847599165 0.719560221875 0.7429048141962422 0.725882753125 0.7519277411273486 0.6486944984374999
4 0.8520415407098122 0.7111047015625 0.7689817870563674 0.705665965625 0.7597469123173277 0.7846673640625 0.8428066659707724 0.7901061 0.8520415407098122 0.7111047015625
4 0.7956083194154489 0.6956643031249999 0.7274301043841337 0.69120000625 0.7208294384133612 0.7476665812500001 0.7890076534446764 0.7521308765625 0.7956083194154489 0.6956643031249999