3 0.7190934479166666 0.20956420312500001 0.5543999770833333 0.194397840625 0.5335399979166666 0.32181601406250004 0.69823346875 0.336982375 0.7190934479166666 0.20956420312500001
4 0.6294943645833333 0.185856765625 0.5219725937499999 0.17595525625 0.50522079375 0.2782796015625 0.6127425645833333 0.2881811125 0.6294943645833333 0.185856765625
5 0.5534700958333333 0.25848717187500003 0.4160631166666667 0.24583358125000002 0.40010902291666667 0.34328533906250003 0.537516 0.3559389296875 0.5534700958333333 0.25848717187500003
3 0.2954140333333333 0.5306204734375 0.2437646 0.525864159375 0.23746273333333334 0.564357603125 0.28911216458333333 0.5691139187500001 0.2954140333333333 0.5306204734375
3 0.4284151145833333 0.5218476328125 0.38456182499999997 0.517809253125 0.37806053125 0.55752084375 0.42191382083333334 0.561559225 0.4284151145833333 0.5218476328125
4 0.41494209374999996 0.4953820828125 0.36946460416666665 0.49119413281249996 0.36447894999999997 0.5216478078125 0.4099564375 0.5258357578124999 0.41494209374999996 0.4953820828125
5 0.37151623125 0.4917540171875 0.31856744375 0.48687804687499997 0.31254477291666666 0.5236660843750001 0.36549356250000004 0.5285420546874999 0.37151623125 0.4917540171875
4 0.23106153541666666 0.519871959375 0.183310175 0.5154746109375 0.17820486458333334 0.5466591734375 0.225956225 0.551056521875 0.23106153541666666 0.519871959375
4 0.07215884583333333 0.527743375 0.031229106250000003 0.5239742203125 0.02708104166666667 0.549311678125 0.06801078125 0.5530808328125 0.07215884583333333 0.527743375
5 0.1431874 0.5309457 0.10258250208333333 0.527206459375 0.098195125 0.55400569375 0.138800025 0.557744934375 0.1431874 0.5309457
4 0.26485119166666665 0.546106365625 0.21807434791666666 0.541798759375 0.21280949583333333 0.5739578390625 0.2595863395833333 0.5782654453125 0.26485119166666665 0.546106365625
5 0.361733075 0.6522178921874999 0.3237268895833333 0.6487179624999999 0.3191400875 0.67673534375 0.35714627083333333 0.680235271875 0.361733075 0.6522178921874999