4 0.6189860937499999 0.21255282968749997 0.7901942666666667 0.23059913437500001 0.8156515875 0.09474545 0.6444434145833333 0.0766991453125 0.6189860937499999 0.21255282968749997
4 0.23591748958333333 0.26016851875 0.41808298541666666 0.2793697859375 0.4433478125 0.14454335000000001 0.2611823166666667 0.12534208125 0.23591748958333333 0.26016851875
4 0.28987580625000003 0.3234706703125 0.40869427708333333 0.33599480625 0.42337193958333336 0.25766706875 0.30455346666666666 0.24514293281250002 0.28987580625000003 0.3234706703125
4 0.6813743083333333 0.33056085625 0.8262164229166667 0.3458280296875 0.8478238645833333 0.2305193265625 0.70298175 0.215252153125 0.6813743083333333 0.33056085625
4 0.29771155 0.42420563125 0.43947191666666663 0.43914797187500004 0.45968377916666664 0.331286825 0.3179234125 0.31634448437499996 0.29771155 0.42420563125
4 0.4576051895833333 0.40387168906250004 0.6099804624999999 0.41993289999999994 0.6318285229166667 0.303340134375 0.47945325 0.2872789234375 0.4576051895833333 0.40387168906250004
4 0.6450901666666666 0.43568035624999996 0.7981502708333333 0.451813753125 0.8212495416666666 0.3285438703125 0.6681894354166666 0.3124104734375 0.6450901666666666 0.43568035624999996
3 0.011716154166666666 0.41684408125 0.11683797291666667 0.4279245125 0.13055316458333335 0.35473301875 0.025431345833333334 0.3436525875 0.011716154166666666 0.41684408125
3 0.012289 0.44453330312499995 0.09994758333333334 0.45377301093750005 0.10658862291666667 0.4183329203125 0.018930039583333332 0.4090932125 0.012289 0.44453330312499995
4 0.3416703916666667 0.46353887031249996 0.44987395625000004 0.4749441359375 0.46253043125000004 0.4074025109375 0.3543268666666667 0.39599724531249997 0.3416703916666667 0.46353887031249996
4 0.6196449083333333 0.48668465781250003 0.7370937145833333 0.499064421875 0.7514345104166666 0.42253436874999994 0.6339857041666667 0.4101546046875 0.6196449083333333 0.48668465781250003
3 0.72868599375 0.524366675 0.9228360625 0.544831184375 0.9496889625 0.40152994375000006 0.7555388958333332 0.381065434375 0.72868599375 0.524366675
4 0.5689950125000001 0.58740919375 0.7028798020833332 0.6015214046875 0.722706675 0.495714753125 0.5888218854166667 0.48160254374999995 0.5689950125000001 0.58740919375
5 0.7135641083333333 0.6255625046875 0.8820329499999999 0.64332006875 0.9031110333333333 0.5308363 0.7346421916666667 0.5130787359375 0.7135641083333333 0.6255625046875
4 0.4059678125 0.57415348125 0.52615595 0.5868219859375 0.5438172666666666 0.4925718875 0.4236291291666667 0.47990338125000004 0.4059678125 0.57415348125
4 0.008645464583333333 0.54130849375 0.09390713541666668 0.550295553125 0.10483116458333333 0.49199917187500003 0.019569495833333332 0.48301211093749996 0.008645464583333333 0.54130849375
4 0.40576510833333335 0.6525665953125 0.48041187083333337 0.660434784375 0.4951857791666667 0.581593421875 0.4205390145833333 0.5737252328125 0.40576510833333335 0.6525665953125
4 0.4624090979166667 0.6661318484375001 0.5942393916666667 0.680027503125 0.6128631770833334 0.580641159375 0.48103288541666667 0.5667455046875001 0.4624090979166667 0.6661318484375001
4 0.012033522916666668 0.5781985359374999 0.09147411458333334 0.5865720203125 0.10004009374999999 0.5408594390625 0.020599502083333332 0.5324859546875 0.012033522916666668 0.5781985359374999
4 0 0.617915096875 0.06391143333333334 0.6246517218750001 0.07266990625 0.577911890625 0.00007764166666666667 0.5702602578125 0 0.5706745953125 0 0.617915096875
4 0 0.6643996390625 0.009656935416666667 0.6654175343750001 0.01706795 0.625868446875 0 0.6240693890625 0 0.6643996390625
4 0 0.667411315625 0.026909162499999997 0.6702476921875 0.03311709166666667 0.637118909375 0 0.63362818125 0 0.667411315625
4 0.5787029333333333 0.7088994453125 0.6023296604166667 0.711389834375 0.6066126500000001 0.68853354375 0.5829859229166666 0.6860431546875 0.5787029333333333 0.7088994453125
4 0.48516865416666666 0.7375374640625 0.5430370145833333 0.743637115625 0.5516992416666666 0.6974109078125 0.4938308791666667 0.6913112578125 0.48516865416666666 0.7375374640625
4 0.7099149958333334 0.79317693125 0.85441469375 0.8084080124999999 0.87462655625 0.7005468640625 0.7301268583333334 0.6853157828125 0.7099149958333334 0.79317693125
4 0.6982441395833334 0.8228491578125 0.7920662187499999 0.8327385328125001 0.8040489645833334 0.7687922796875 0.7102268875 0.7589029046875 0.6982441395833334 0.8228491578125
4 0.63725976875 0.86971460625 0.7512844104166666 0.8817334453125 0.7665876770833333 0.8000671468749999 0.6525630354166666 0.7880483078125 0.63725976875 0.86971460625
4 0.6163233166666667 0.8836136984375 0.7063788145833333 0.8931060546875 0.7196608958333334 0.8222258703125 0.6296053979166667 0.8127335140625 0.6163233166666667 0.8836136984375
4 0.6770105916666667 0.90821146875 0.7348789541666666 0.9143111203125001 0.7428674520833333 0.8716802859375001 0.6849990874999999 0.8655806343749999 0.6770105916666667 0.90821146875