4 0.16100743958333333 0.7114455421875 0.1036278625 0.7106943703125 0.1026263 0.7537290515625 0.160005875 0.754480225 0.16100743958333333 0.7114455421875
4 0.2551372625 0.5951341484375 0.21459361041666666 0.5946033796875 0.21377196666666667 0.6299072796875 0.25431562083333337 0.6304380484375 0.2551372625 0.5951341484375
4 0.27068530625 0.56208520625 0.22808011458333333 0.5615274484375 0.227366425 0.59219288125 0.2699716166666667 0.5927506375 0.27068530625 0.56208520625
4 0.47521699791666666 0.531123646875 0.2779961833333333 0.5285417703124999 0.2745116979166667 0.6782612328125001 0.4717325145833334 0.680843109375 0.47521699791666666 0.531123646875
4 0.6075308916666666 0.49457678125 0.473874275 0.49282704375 0.471343375 0.6015733640625001 0.60499999375 0.6033231031249999 0.6075308916666666 0.49457678125
4 0.55724580625 0.4400443 0.38201476458333333 0.4377502984375 0.3791300208333333 0.5617004890625 0.5543610604166667 0.5639944906250001 0.55724580625 0.4400443
4 0.7083967083333333 0.3768069421875 0.6176888770833333 0.375619459375 0.6159076520833333 0.45215419375000004 0.7066154833333333 0.45334167656249996 0.7083967083333333 0.3768069421875
4 0.6369105916666666 0.3397831265625 0.48298215 0.337768003125 0.4801393854166667 0.45991434531250003 0.6340678291666666 0.46192946875 0.6369105916666666 0.3397831265625
4 0.69125213125 0.26432313281250003 0.5703083562500001 0.262739821875 0.5679094 0.365816903125 0.688853175 0.3674002140625 0.69125213125 0.26432313281250003
4 0.7253613083333333 0.21643756249999999 0.5978893166666667 0.2147687890625 0.5958562000000001 0.3021266171875 0.72332819375 0.303795390625 0.7253613083333333 0.21643756249999999
3 1 0.2626940765625 0.9791409270833333 0.2624210046875 0.9784212416666667 0.293344128125 1 0.2936266234375 1 0.2626940765625