1 0.19743589791666669 0.052884615625 0.019871795833333334 0.052884615625 0.019871795833333334 0.20168269218749998 0.19743589791666669 0.20168269218749998 0.19743589791666669 0.052884615625
1 0.2573717958333333 0.0009615390624999999 0.19102564166666666 0.0009615390624999999 0.19102564166666666 0.057692307812499996 0.2573717958333333 0.057692307812499996 0.2573717958333333 0.0009615390624999999
1 0.2533653854166667 0.405408653125 0.057532052083333333 0.405408653125 0.057532052083333333 0.5381009609375 0.2533653854166667 0.5381009609375 0.2533653854166667 0.405408653125
1 0.23108974375000002 0.5131009609375 0.075641025 0.5131009609375 0.075641025 0.5568509609375 0.23108974375000002 0.5568509609375 0.23108974375000002 0.5131009609375
1 0.305608975 0.350240384375 0.25496794791666666 0.350240384375 0.25496794791666666 0.387259615625 0.305608975 0.387259615625 0.305608975 0.350240384375
1 0.48557692291666665 0.53233173125 0.3839743583333333 0.53233173125 0.3839743583333333 0.6241586531250001 0.48557692291666665 0.6241586531250001 0.48557692291666665 0.53233173125
1 0.6075320520833334 0.5474759609375 0.47644230833333334 0.5474759609375 0.47644230833333334 0.648677884375 0.6075320520833334 0.648677884375 0.6075320520833334 0.5474759609375
1 0 0.889903846875 0.05384615416666667 0.889903846875 0.05384615416666667 0.7927884609375 0 0.7927884609375 0 0.889903846875
1 0.2530448708333333 0.785216346875 0.15400641041666668 0.785216346875 0.15400641041666668 0.85829326875 0.2530448708333333 0.85829326875 0.2530448708333333 0.785216346875
1 0.9668269229166667 0.678966346875 0.8902243583333332 0.678966346875 0.8902243583333332 0.7337740390625 0.9668269229166667 0.7337740390625 0.9668269229166667 0.678966346875
1 0.8770833333333333 0.8014423078125 0.8110576916666666 0.8014423078125 0.8110576916666666 0.8516826921874999 0.8770833333333333 0.8516826921874999 0.8770833333333333 0.8014423078125
1 0.8727564104166666 0.8418269234375 0.80576923125 0.8418269234375 0.80576923125 0.893028846875 0.8727564104166666 0.893028846875 0.8727564104166666 0.8418269234375