3 0.8771687432150314 0.2285996296875 0.681352878914405 0.1947645265625 0.6244521691022965 0.3792274625 0.8202680334029228 0.41306256562500004 0.8771687432150314 0.2285996296875
5 0.7691456200417537 0.3571315859375 0.6097108455114822 0.3295827859375 0.5657383736951983 0.47213446093749994 0.725173146137787 0.4996832609375 0.7691456200417537 0.3571315859375
3 0.6593299394572025 0.3398435640625 0.4453235302713987 0.302865309375 0.3853760396659708 0.49720542031250003 0.5993824488517745 0.5341836765625 0.6593299394572025 0.3398435640625
3 0.6943239979123172 0.46693785156249995 0.5134885824634655 0.4356912265625 0.468775 0.5806454578125 0.6496104154488518 0.611892084375 0.6943239979123172 0.46693785156249995
5 0.5193421043841336 0.47030357343749996 0.31710604801670145 0.43535912187500003 0.2634168121085595 0.6094109796875 0.46565286847599163 0.6443554312499999 0.5193421043841336 0.47030357343749996
4 0.5539419832985386 0.5682277015625 0.39379385386221294 0.540555640625 0.3475980542797495 0.6903149843749999 0.5077461837160752 0.7179870453125 0.5539419832985386 0.5682277015625
4 0.3460957724425887 0.527112053125 0.1763173528183716 0.4977759703125 0.12271046346555324 0.671560878125 0.29248888100208764 0.7008969609375 0.3460957724425887 0.527112053125
4 0.4329452087682672 0.6633070421875 0.2749371440501044 0.6360047640625 0.2320351628392484 0.7750860796875 0.3900432275574113 0.8023883578125 0.4329452087682672 0.6633070421875
3 0.8229288434237996 1 0.832174503131524 0.97002705625 0.7800996116910229 0.9610290140625001 0.768078350730689 1 0.8229288434237996 1
3 0.11293177870563674 0.3220525359375 0.056933436325678495 0.312376559375 0.04441692693110647 0.352953065625 0.10041526931106472 0.3626290421875 0.11293177870563674 0.3220525359375
5 0.09576642379958247 0.3484697546875 0.05046840083507307 0.340642690625 0.04075163674321503 0.37214287343749997 0.08604965970772444 0.37996993749999997 0.09576642379958247 0.3484697546875
5 0.07572310438413361 0.3513329921875 0.03488354906054279 0.344276309375 0.02327283924843424 0.381916359375 0.06411239665970772 0.3889730421875 0.07572310438413361 0.3513329921875
5 0.05586948016701462 0.373068015625 0.027513630480167015 0.36816839687499997 0.018537977035490604 0.397266025 0.04689382463465553 0.40216564374999997 0.05586948016701462 0.373068015625
4 0.04620868475991649 0.39586131406249997 0.020349576200417534 0.39139310781250003 0.013350212943632568 0.41408391875 0.03920932150313153 0.4185521234375 0.04620868475991649 0.39586131406249997
4 0.023007797494780793 0.4168773734375 0.01302083089770355 0.41515172187499993 0.0053627035490605435 0.4399781359375 0.015349670146137787 0.4417037875 0.023007797494780793 0.4168773734375
3 0.19741533611691026 0.39893167812499997 0.13178670563674322 0.38759168125 0.11556465135699374 0.44018096875 0.18119328183716077 0.45152096718749996 0.19741533611691026 0.39893167812499997
3 0.14295311482254697 0.3921923328125 0.07054761377870564 0.37968135625 0.05300803131524009 0.43654185468750006 0.12541353235908143 0.44905283125000006 0.14295311482254697 0.3921923328125
3 0.16053489770354906 0.4362824609375 0.12486716283924844 0.4301194171875 0.11053905427974947 0.47656883906249997 0.1462067891440501 0.48273188281249996 0.16053489770354906 0.4362824609375
3 0.13276865762004175 0.43373415312499997 0.06785337995824635 0.42251741562499995 0.05401934237995824 0.46736513437499994 0.11893462004175366 0.478581871875 0.13276865762004175 0.43373415312499997
5 0.084272121085595 0.442365759375 0.02756042171189979 0.432566521875 0.011091331941544885 0.4859566625 0.06780302922755742 0.49575589999999997 0.084272121085595 0.442365759375
5 0.11464198956158664 0.4681394640625 0.0757641586638831 0.461421746875 0.06580035908141962 0.49372278124999996 0.10467818997912318 0.5004404984375 0.11464198956158664 0.4681394640625
4 0.08635254488517746 0.480684428125 0.031067557411273487 0.47113171249999997 0.01846870146137787 0.511975171875 0.07375369102296452 0.5215278875 0.08635254488517746 0.480684428125
4 0.2120864801670146 0 0.20498034864300627 0.0230369328125 0.23886469728601253 0.028891823437500002 0.24718158872651355 0.001929803125 0.236013127348643 0 0.2120864801670146 0
4 0.48869699582463466 0.014278123437500002 0.442685617954071 0.0063277984375 0.4289339269311065 0.050908564062499995 0.47494530480167013 0.058858889062499996 0.48869699582463466 0.014278123437500002
4 0.19899642588726513 0.0436537671875 0.16368536951983298 0.0375523546875 0.15256873277661795 0.0735907 0.1878797891440501 0.0796921125 0.19899642588726513 0.0436537671875
4 0.31980591231732775 0.0198209953125 0.28413817954070986 0.013657951562500001 0.2693159979123173 0.0617090796875 0.3049837306889353 0.067872121875 0.31980591231732775 0.0198209953125
4 0.3889892755741127 0.0184192046875 0.3436912526096033 0.010592140625 0.3322452359081419 0.047698289062499996 0.37754325887265133 0.055525353124999996 0.3889892755741127 0.0184192046875
4 0.2593149248434238 0.06307396093749999 0.22257715866388308 0.0567260265625 0.21376619415448853 0.0852897515625 0.2505039603340292 0.0916376859375 0.2593149248434238 0.06307396093749999
4 0.22327594572025053 0.06359507187499999 0.19224501878914405 0.058233225 0.18228121711899792 0.0905342609375 0.21331214613778707 0.09589610781249999 0.22327594572025053 0.06359507187499999
4 0.3630992025052192 0.04206356875 0.32957153235908143 0.036270309375 0.3150787327766179 0.0832536328125 0.34860640292275574 0.0890468921875 0.3630992025052192 0.04206356875
4 0.4335977995824635 0.05466681875 0.39222322755741124 0.0475176890625 0.3786362275574113 0.09156455625 0.42001079958246346 0.098713684375 0.4335977995824635 0.05466681875
4 0.4800209060542798 0.061282390625 0.43436620459290187 0.0533936953125 0.42152031315240085 0.09503800625 0.46717501461377875 0.1029267 0.4800209060542798 0.061282390625
4 0.29016981002087683 0.050128740625 0.2502219457202505 0.0432261328125 0.24042283716075155 0.074993265625 0.2803706993736952 0.0818958734375 0.29016981002087683 0.050128740625
4 0.4204097974947808 0.08950371406249999 0.386882127348643 0.0837104546875 0.376424254697286 0.11761319374999998 0.4099519248434238 0.12340645312500001 0.4204097974947808 0.08950371406249999
4 0.7143634300626305 0.057910575 0.6779823382045929 0.051624271875 0.6655481753653445 0.09193382812499999 0.7019292651356993 0.09822013125 0.7143634300626305 0.057910575
4 0.6714067432150314 0.086338421875 0.6357390104384133 0.0801753796875 0.6245400292275574 0.11648067343749999 0.6602077620041753 0.1226437171875 0.6714067432150314 0.086338421875
5 0.7622935240083507 0.0809543453125 0.7198489206680585 0.073620325 0.7076617933194154 0.113129028125 0.7501063966597078 0.1204630484375 0.7622935240083507 0.0809543453125
4 0.7179806638830898 0.093683 0.6833829603340292 0.08770484843750001 0.6724310146137786 0.12320929218750001 0.7070287181628393 0.12918744375 0.7179806638830898 0.093683
4 0.7943986137787056 0.053603828124999996 0.7598009123173277 0.047625678125 0.7487666200417538 0.08339707187499999 0.7833643235908142 0.0893752234375 0.7943986137787056 0.053603828124999996
4 0.6779329081419625 0.11755225625000001 0.644405235908142 0.1117589953125 0.6341944008350731 0.14486088125000002 0.6677220709812108 0.1506541421875 0.6779329081419625 0.11755225625000001
4 0.6448153590814196 0.12321761718749999 0.619491267223382 0.11884185625000002 0.6115037578288101 0.1447360765625 0.6368278496868477 0.1491118359375 0.6448153590814196 0.12321761718749999
4 0.29968093736951984 0.017468309374999998 0.2675799770354906 0.011921570312500001 0.253251866388309 0.058370992187500005 0.2853528288100209 0.06391773125 0.29968093736951984 0.017468309374999998
4 0.859198745302714 0.107821090625 0.8306645553235908 0.10289065625 0.8221006283924843 0.130653528125 0.8506348183716075 0.1355839625 0.859198745302714 0.107821090625