3 0.13111772500000002 0.23970734062500001 0.07953042291666666 0.23970734062500001 0.07953042291666666 0.2798859125 0.13111772500000002 0.2798859125 0.13111772500000002 0.23970734062500001
3 0.027612433333333335 0.250744046875 0.00049603125 0.250744046875 0.00049603125 0.286954365625 0.027612433333333335 0.286954365625 0.027612433333333335 0.250744046875
5 0.08564814791666667 0.291790675 0.04067460416666667 0.291790675 0.04067460416666667 0.3222966265625 0.08564814791666667 0.3222966265625 0.08564814791666667 0.291790675
3 0.04910714375 0.3565228171875 0.0021494708333333334 0.3565228171875 0.0021494708333333334 0.3932291671875 0.04910714375 0.3932291671875 0.04910714375 0.3565228171875
5 0.17857142916666666 0.299355159375 0.13492063541666666 0.299355159375 0.13492063541666666 0.3323412703125 0.17857142916666666 0.3323412703125 0.17857142916666666 0.299355159375
4 0.20089285625 0.33506944375000003 0.18204364999999997 0.33506944375000003 0.18204364999999997 0.3514384921875 0.20089285625 0.3514384921875 0.20089285625 0.33506944375000003
4 0.18303571458333331 0.3296130953125 0.14566798958333335 0.3296130953125 0.14566798958333335 0.3573908734375 0.18303571458333331 0.3573908734375 0.18303571458333331 0.3296130953125
4 0.14021163958333333 0.349454365625 0.10813492083333333 0.349454365625 0.10813492083333333 0.3732638890625 0.14021163958333333 0.3732638890625 0.14021163958333333 0.349454365625
4 0.06514550208333333 0.382068453125 0.020833333333333332 0.382068453125 0.020833333333333332 0.4130704359375 0.06514550208333333 0.4130704359375 0.06514550208333333 0.382068453125
4 0.04398148125 0.40277777812500004 0.0013227520833333332 0.40277777812500004 0.0013227520833333332 0.43353174531249994 0.04398148125 0.43353174531249994 0.04398148125 0.40277777812500004
4 0.07076719583333334 0.42137896875 0.03670635 0.42137896875 0.03670635 0.44469246093750003 0.07076719583333334 0.44469246093750003 0.07076719583333334 0.42137896875
4 0.05142195833333333 0.4548611109375 0.011408729166666666 0.4548611109375 0.011408729166666666 0.48065476250000005 0.05142195833333333 0.48065476250000005 0.05142195833333333 0.4548611109375
5 0.7929894187500001 0.6285962296875 0.7258597874999999 0.6285962296875 0.7258597874999999 0.6754712296875 0.7929894187500001 0.6754712296875 0.7929894187500001 0.6285962296875
5 0.7637235458333334 0.5306299609375 0.70089285625 0.5306299609375 0.70089285625 0.5683283734375 0.7637235458333334 0.5683283734375 0.7637235458333334 0.5306299609375
5 0.7341269833333333 0.622519840625 0.6888227520833333 0.622519840625 0.6888227520833333 0.6629464281249999 0.7341269833333333 0.6629464281249999 0.7341269833333333 0.622519840625
5 0.75 0.66728670625 0.6951058208333334 0.66728670625 0.6951058208333334 0.7096974203124999 0.75 0.7096974203124999 0.75 0.66728670625
4 0.7068452375 0.674355159375 0.66220238125 0.674355159375 0.66220238125 0.713045634375 0.7068452375 0.713045634375 0.7068452375 0.674355159375
4 0.7660383604166667 0.7156498015625 0.7204034395833333 0.7156498015625 0.7204034395833333 0.741939484375 0.7660383604166667 0.741939484375 0.7660383604166667 0.7156498015625
4 0.7448743395833334 0.74813988125 0.6962632270833333 0.74813988125 0.6962632270833333 0.7744295640625001 0.7448743395833334 0.7744295640625001 0.7448743395833334 0.74813988125
4 0.6949404770833334 0.7379712296875 0.6545965604166667 0.7379712296875 0.6545965604166667 0.770709325 0.6949404770833334 0.770709325 0.6949404770833334 0.7379712296875
4 0.8401124333333333 0.765376984375 0.7974537041666667 0.765376984375 0.7974537041666667 0.7859623015625 0.8401124333333333 0.7859623015625 0.8401124333333333 0.765376984375
4 0.9169973541666666 0.921875 0.8822751312499999 0.921875 0.8822751312499999 0.9603174609374999 0.9169973541666666 0.9603174609374999 0.9169973541666666 0.921875
3 0.8976521166666667 0.914806546875 0.8470568791666667 0.914806546875 0.8470568791666667 0.9564732140625001 0.8976521166666667 0.9564732140625001 0.8976521166666667 0.914806546875
4 0.8587962958333333 0.893601190625 0.8134920625 0.893601190625 0.8134920625 0.931299603125 0.8587962958333333 0.931299603125 0.8587962958333333 0.893601190625
4 0.8401124333333333 0.8758680562500001 0.7961309520833333 0.8758680562500001 0.7961309520833333 0.9024057546875 0.8401124333333333 0.9024057546875 0.8401124333333333 0.8758680562500001
4 0.818617725 0.8939732140625001 0.7746362437500001 0.8939732140625001 0.7746362437500001 0.9316716265625 0.818617725 0.9316716265625 0.818617725 0.8939732140625001
4 0.8192790999999999 0.961185515625 0.7726521166666667 0.961185515625 0.7726521166666667 0.9996279765624999 0.8192790999999999 0.9996279765624999 0.8192790999999999 0.961185515625
4 0.5340608458333332 0.810887896875 0.488425925 0.810887896875 0.488425925 0.845858134375 0.5340608458333332 0.845858134375 0.5340608458333332 0.810887896875
5 0.55687830625 0.7824900796875001 0.5082671958333334 0.7824900796875001 0.5082671958333334 0.8236607140625001 0.55687830625 0.8236607140625001 0.55687830625 0.7824900796875001
5 0.5482804229166667 0.744915675 0.49537037083333335 0.744915675 0.49537037083333335 0.792534721875 0.5482804229166667 0.792534721875 0.5482804229166667 0.744915675
5 0.49140211666666667 0.81063988125 0.43485449791666664 0.81063988125 0.43485449791666664 0.854538690625 0.49140211666666667 0.854538690625 0.49140211666666667 0.81063988125
4 0.4781746041666667 0.843501984375 0.42824074166666665 0.843501984375 0.42824074166666665 0.884424603125 0.4781746041666667 0.884424603125 0.4781746041666667 0.843501984375
3 0.29348545000000004 0.7894345234375 0.25975529166666667 0.7894345234375 0.25975529166666667 0.81845238125 0.29348545000000004 0.81845238125 0.29348545000000004 0.7894345234375
3 0.2876984125 0.7383432546875001 0.25496031666666663 0.7383432546875001 0.25496031666666663 0.76512896875 0.2876984125 0.76512896875 0.2876984125 0.7383432546875001
3 0.29199735416666667 0.753472221875 0.262896825 0.753472221875 0.262896825 0.7762896828125 0.29199735416666667 0.7762896828125 0.29199735416666667 0.753472221875
5 0.26901454999999996 0.810391865625 0.231646825 0.810391865625 0.231646825 0.838913690625 0.26901454999999996 0.838913690625 0.26901454999999996 0.810391865625
5 0.24090608541666667 0.7537202375 0.20783730208333334 0.7537202375 0.20783730208333334 0.778521825 0.24090608541666667 0.778521825 0.24090608541666667 0.7537202375
5 0.2772817458333333 0.6954365078125 0.24024470833333333 0.6954365078125 0.24024470833333333 0.721230159375 0.2772817458333333 0.721230159375 0.2772817458333333 0.6954365078125
4 0.3531746041666667 0.7616567453124999 0.31911375625 0.7616567453124999 0.31911375625 0.7864583328125 0.3531746041666667 0.7864583328125 0.3531746041666667 0.7616567453124999
4 0.3263888895833333 0.7645089281249999 0.29365079375 0.7645089281249999 0.29365079375 0.7907986109375 0.3263888895833333 0.7907986109375 0.3263888895833333 0.7645089281249999
4 0.2604166666666667 0.7957589281249999 0.22933201041666665 0.7957589281249999 0.22933201041666665 0.8156001984374999 0.2604166666666667 0.8156001984374999 0.2604166666666667 0.7957589281249999