4 0.6986934541666667 0.037339434375 0.47316855625 0.0763893296875 0.5226317541666667 0.23707581718749998 0.7481566520833333 0.1980259234375 0.6986934541666667 0.037339434375
5 0.5127669333333333 0.17521353281250002 0.3436232625 0.204500953125 0.3780976125 0.3164945671875 0.5472412854166666 0.28720714687500004 0.5127669333333333 0.17521353281250002
4 0.2933999625 0.06122210625 0.12904015416666667 0.08968119531249999 0.17739891041666667 0.24677978750000001 0.3417587208333333 0.2183206984375 0.2933999625 0.06122210625
5 0.3555970895833333 0.21066077968750002 0.2305332833333333 0.2323157203125 0.2579865416666667 0.32150056562499996 0.3830503479166667 0.299845625 0.3555970895833333 0.21066077968750002
4 0.27105623749999996 0.2628205015625 0.09952063541666667 0.2925220859375 0.13636164583333335 0.41220404843749997 0.30789724791666667 0.38250246250000003 0.27105623749999996 0.2628205015625
4 0.4015023833333334 0.296650634375 0.2480771125 0.3232163953125 0.3059025125 0.5110683828125 0.45932778125 0.48450262187500004 0.4015023833333334 0.296650634375
4 0.5395819416666666 0.31026337656249997 0.3608705479166667 0.34120745937499997 0.40820375416666665 0.494974434375 0.5869151479166667 0.4640303515625 0.5395819416666666 0.31026337656249997
4 0.34698889166666663 0.42297284218750003 0.18467930625 0.4510769328125 0.22159920625 0.5710151734375 0.38390879166666664 0.5429110828125 0.34698889166666663 0.42297284218750003
4 0.6403979270833333 0.3980827765625 0.48697265624999997 0.4246485375 0.52231478125 0.5394612109375 0.6757400520833333 0.51289545 0.6403979270833333 0.3980827765625
4 0.5418234645833333 0.4730527484375 0.37507172083333334 0.5019260046875 0.41427939375 0.629296315625 0.5810311354166667 0.6004230609375 0.5418234645833333 0.4730527484375
4 0.44513375624999996 0.4857456125 0.3480897083333333 0.5025489000000001 0.3767262979166667 0.5955779203125 0.47377034583333333 0.5787746328125001 0.44513375624999996 0.4857456125
4 0.6432544041666667 0.5389006937499999 0.5065726479166667 0.562567296875 0.5392325583333334 0.668666509375 0.6759143145833334 0.64499990625 0.6432544041666667 0.5389006937499999
4 0.61645643125 0.6447675265624999 0.5118948875 0.6628724781249999 0.5385592583333333 0.7494945390625001 0.6431208020833333 0.7313895890625 0.61645643125 0.6447675265624999
4 0.5045407708333334 0.6044895625 0.3716177625 0.627505334375 0.4038043416666667 0.7320668765625 0.5367273499999999 0.7090511046875 0.5045407708333334 0.6044895625