4 0.609785229645094 0.8629451125 0.715328592901879 0.8712475703125 0.7285920292275574 0.7767998828125 0.6230486638830898 0.768497425 0.609785229645094 0.8629451125
4 0.6487671753653445 0.79656355625 0.721860872651357 0.8023133953125001 0.7293021753653445 0.7493245625 0.656208478079332 0.7435747234375001 0.6487671753653445 0.79656355625
4 0.4570743716075157 0.8801996578125 0.5308236158663883 0.8860010640624999 0.5445349060542798 0.7883642328125 0.4707856617954071 0.7825628265625 0.4570743716075157 0.8801996578125
4 0.32082113361169107 0.8982527671874999 0.48864164091858037 0.9114541921875 0.5079683611691023 0.7738304171875 0.3401478517745303 0.7606289921875 0.32082113361169107 0.8982527671874999
4 0.32192934446764093 0.79478796875 0.3851898079331942 0.7997642875000001 0.3933890229645094 0.7413784421875 0.3301285594989562 0.736402125 0.32192934446764093 0.79478796875
3 0.20760061169102295 0.8466854609375 0.3360881858037578 0.8567928 0.35048848643006264 0.754249596875 0.22200091440501044 0.74414225625 0.20760061169102295 0.8466854609375
4 0.37592105010438415 0.776092515625 0.46933676200417535 0.783440965625 0.4734708204592902 0.754002725 0.380055108559499 0.7466542765625 0.37592105010438415 0.776092515625
3 0.5567530918580376 0.7686149703125 0.6229635260960333 0.77382334375 0.6329197160751566 0.7029262484375 0.5667092818371608 0.6977178734375 0.5567530918580376 0.7686149703125
3 0.5796568684759916 0.7010926546875 0.6606171503131524 0.707461309375 0.6715035010438413 0.629940609375 0.5905432192066806 0.623571953125 0.5796568684759916 0.7010926546875
4 0.6414747703549061 0.6549856015625 0.7004741649269312 0.6596267265625 0.7089834342379958 0.5990330140625 0.6499840396659707 0.5943918890625 0.6414747703549061 0.6549856015625
4 0.3764417181628393 0.7499664484374999 0.4836239561586639 0.7583978265625 0.4954060208768267 0.674498840625 0.38822378288100207 0.6660674625 0.3764417181628393 0.7499664484374999
4 0.36467871607515656 0.71927768125 0.4341668956158664 0.724743896875 0.442538363256785 0.665131459375 0.3730501837160751 0.6596652453125 0.36467871607515656 0.71927768125
4 0.423428006263048 0.641925653125 0.48898289144050106 0.647082459375 0.49704430271398753 0.589677890625 0.43148941962421716 0.584521084375 0.423428006263048 0.641925653125
4 0.36609109185803757 0.6266260578125 0.45131244258872655 0.63332990625 0.46082077661795406 0.565621953125 0.3755994237995825 0.5589181046875 0.36609109185803757 0.6266260578125
3 0.7067755866388309 0.5592987609375 0.8205133131524008 0.5682458203125 0.8308484572025052 0.4946502171875 0.7171107306889353 0.485703159375 0.7067755866388309 0.5592987609375
4 0.6910285594989561 0.49208440937500003 0.7657611294363257 0.49796316718750006 0.773684739039666 0.441539871875 0.6989521711899791 0.43566111406249997 0.6910285594989561 0.49208440937500003
4 0.8493593465553235 0.4973465015625 0.9283529832985387 0.503560453125 0.9354153319415449 0.45327012499999997 0.8564216951983299 0.4470561734375 0.8493593465553235 0.4973465015625
3 0.8019147181628392 0.476500340625 0.9284356471816284 0.4864529765625 0.9412512254697286 0.39519443125 0.8147302964509394 0.38524179531249997 0.8019147181628392 0.476500340625
3 0.7725724739039666 0.443560621875 0.8427162004175366 0.44907840468750004 0.8524656868475993 0.37965321875 0.7823219603340292 0.3741354375 0.7725724739039666 0.443560621875
4 0.6657854279749479 0.4275954546875 0.7316680876826722 0.4327780453125 0.7381447766179541 0.3866581359375 0.6722621189979123 0.3814755453125 0.6657854279749479 0.4275954546875
5 0.73767821085595 0.3829010046875 0.8415827035490605 0.39107454218750004 0.8516077933194155 0.31968680781250003 0.7477033027139874 0.3115132703125 0.73767821085595 0.3829010046875
5 0.8404522713987473 0.4298021046875 0.9469789603340292 0.438181915625 0.9560738872651356 0.3734177875 0.8495471983298539 0.3650379765625 0.8404522713987473 0.4298021046875
4 0.8734176597077243 0.38266554375 0.9471669039665971 0.38846695000000003 0.9509564572025052 0.361481896875 0.8772072129436326 0.3556804890625 0.8734176597077243 0.38266554375
4 0.5966540292275574 0.39599028125 0.679908732776618 0.40253942499999995 0.6887969582463466 0.3392472078125 0.6055422526096033 0.3326980640625 0.5966540292275574 0.39599028125
4 0.79693148434238 0.32319865625 0.8483920688935281 0.32724675 0.8543175511482254 0.28505193906250004 0.8028569665970773 0.2810038453125 0.79693148434238 0.32319865625
4 0.8066189979123173 0.2872524703125 0.836446471816284 0.2895988171875 0.8389269060542797 0.27193587343750003 0.8090994321503131 0.2695895265625 0.8066189979123173 0.2872524703125
4 0.5780505344467641 0.321978465625 0.6570441711899792 0.32819241718750003 0.6660357453027139 0.2641642453125 0.587042108559499 0.25795029375 0.5780505344467641 0.321978465625
4 0.6239649916492693 0.28528561875 0.684603260960334 0.2900556640625 0.6913555553235908 0.241973203125 0.6307172860125261 0.2372031578125 0.6239649916492693 0.28528561875
4 0.7240262296450939 0.2700901625 0.7967921503131523 0.27581421875 0.8047502108559499 0.2191456046875 0.7319842901878915 0.21342155 0.7240262296450939 0.2700901625
5 1 0.2999842953125 0.9908449561586639 0.29926412343750003 0.9843682672233821 0.345384034375 1 0.3466136875 1 0.2999842953125
4 1 0.3380567 0.9775263340292276 0.3362888328125 0.9727721670146138 0.37014280781250003 1 0.37228465625 1 0.3380567
3 1 0.3632316109375 0.9958266096033402 0.362903315625 0.9895910730688935 0.4073059953125 1 0.40812480312500005 1 0.3632316109375
4 0.6971417035490606 0.15239395312499998 0.7427023486430063 0.1559779328125 0.7496268935281837 0.10666888125 0.7040662505219206 0.1030849 0.6971417035490606 0.15239395312499998
4 0.7757113110647181 0.7681050375 0.8278274446764091 0.7722046984375 0.8327883152400835 0.736878809375 0.7806721795407099 0.7327791484375 0.7757113110647181 0.7681050375
4 0.8118481711899791 0.7491211812499999 0.8564254926931106 0.7526278109375 0.8610074070981211 0.7200004265625 0.816430083507307 0.7164937984375 0.8118481711899791 0.7491211812499999