1 0.348197115625 0.0003205125 0.29338942343749996 0.0003205125 0.29338942343749996 0.07275641041666667 0.348197115625 0.07275641041666667 0.348197115625 0.0003205125
1 0.4300480765625 0.00048076875 0.3509615390625 0.00048076875 0.3509615390625 0.1184294875 0.4300480765625 0.1184294875 0.4300480765625 0.00048076875
1 0.3855769234375 0.05240384583333334 0.318028846875 0.05240384583333334 0.318028846875 0.16522435833333335 0.3855769234375 0.16522435833333335 0.3855769234375 0.05240384583333334
1 0.45336538437499996 0.10480769166666667 0.378125 0.10480769166666667 0.378125 0.2051282041666667 0.45336538437499996 0.2051282041666667 0.45336538437499996 0.10480769166666667
0 0.34483173125 0.24246794791666665 0.24771634687500002 0.24246794791666665 0.24771634687500002 0.35945512916666666 0.34483173125 0.35945512916666666 0.34483173125 0.24246794791666665
0 0.2581730765625 0.23541666666666666 0.16298076875 0.23541666666666666 0.16298076875 0.36682692291666663 0.2581730765625 0.36682692291666663 0.2581730765625 0.23541666666666666
1 0.310096153125 0.33958333333333335 0.23317307656250003 0.33958333333333335 0.23317307656250003 0.43349358958333334 0.310096153125 0.43349358958333334 0.310096153125 0.33958333333333335
1 0.1983173078125 0.43092948750000004 0.1451923078125 0.43092948750000004 0.1451923078125 0.49342948750000004 0.1983173078125 0.49342948750000004 0.1983173078125 0.43092948750000004
1 0.1765625 0.48878205208333336 0.1193509609375 0.48878205208333336 0.1193509609375 0.5519230770833333 0.1765625 0.5519230770833333 0.1765625 0.48878205208333336
0 0.134134615625 0.6057692312499999 0.08509615312499999 0.6057692312499999 0.08509615312499999 0.6544871791666667 0.134134615625 0.6544871791666667 0.134134615625 0.6057692312499999
1 0.25829326875 0.7421474354166667 0.21646634687500002 0.7421474354166667 0.21646634687500002 0.7921474354166667 0.25829326875 0.7921474354166667 0.25829326875 0.7421474354166667
1 0.462259615625 0.7777243583333333 0.39951923125 0.7777243583333333 0.39951923125 0.8642628208333334 0.462259615625 0.8642628208333334 0.462259615625 0.7777243583333333
2 0.4724759609375 0.8639423083333334 0.40420673125000006 0.8639423083333334 0.40420673125000006 0.9549679479166666 0.4724759609375 0.9549679479166666 0.4724759609375 0.8639423083333334
0 0.6605769234375 0.59919871875 0.6173076921875 0.59919871875 0.6173076921875 0.6485576916666667 0.6605769234375 0.6485576916666667 0.6605769234375 0.59919871875
0 0.698197115625 0.37099358958333334 0.6131009609375 0.37099358958333334 0.6131009609375 0.45432692291666665 0.698197115625 0.45432692291666665 0.698197115625 0.37099358958333334
0 0.7209134609375 0.4203525645833333 0.622596153125 0.4203525645833333 0.622596153125 0.5639423083333334 0.7209134609375 0.5639423083333334 0.7209134609375 0.4203525645833333
1 0.7191105765625 0.4203525645833333 0.6381009609375 0.4203525645833333 0.6381009609375 0.52451923125 0.7191105765625 0.52451923125 0.7191105765625 0.4203525645833333
2 0.624278846875 0.40224358958333334 0.56514423125 0.40224358958333334 0.56514423125 0.5032051291666667 0.624278846875 0.5032051291666667 0.624278846875 0.40224358958333334
0 0.2076923078125 0.42676282083333333 0.1824519234375 0.42676282083333333 0.1824519234375 0.4793269229166667 0.2076923078125 0.4793269229166667 0.2076923078125 0.42676282083333333
2 0 0.4711538458333333 0.0264423078125 0.4711538458333333 0.0264423078125 0.41217948750000005 0 0.41217948750000005 0 0.4711538458333333
1 0.9362980765625 0.00080128125 0.8507211531250001 0.00080128125 0.8507211531250001 0.05464743541666666 0.9362980765625 0.05464743541666666 0.9362980765625 0.00080128125