5 0.4709774070981211 0.22579557499999997 0.6856822192066806 0.18869664218749999 0.6331296513569937 0.018329675 0.41842483924843427 0.055428607812499996 0.4709774070981211 0.22579557499999997
4 0.2409189311064718 0.5024522 0.4516743235908142 0.4660356890625 0.4156998538622129 0.34941224531250004 0.20494446137787056 0.38582875625 0.2409189311064718 0.5024522
5 0.5189571503131524 0.4910635796875 0.7336619624217119 0.453964646875 0.6868288371607516 0.3021391953125 0.4721240250521921 0.339238128125 0.5189571503131524 0.4910635796875
4 0.5293199665970773 0.6466433890625 0.7034534676409185 0.6165547890624999 0.664163375782881 0.489182640625 0.4900298747390397 0.519271240625 0.5293199665970773 0.6466433890625
4 0.3620169645093946 0.7454626953125 0.5354323924843425 0.715498171875 0.4953962860125261 0.585707565625 0.321980860125261 0.6156720890625 0.3620169645093946 0.7454626953125
4 0.5983710876826722 0.787129215625 0.748089993736952 0.761259225 0.7117010709812108 0.6432921921875 0.5619821628392484 0.669162184375 0.5983710876826722 0.787129215625
3 0.8232215511482255 0.6057664234375 0.9198028141962422 0.58907810625 0.8965105866388309 0.5135684578124999 0.799929325678497 0.5302567734375 0.8232215511482255 0.6057664234375
3 0.7872296513569937 0.680339709375 0.8888374488517745 0.66278285625 0.8653794405010439 0.586735771875 0.7637716450939457 0.604292625 0.7872296513569937 0.680339709375
5 0.7297750041753653 0.6221961312500001 0.8023007098121085 0.609664384375 0.7814951983298539 0.5422162640625 0.7089694906054279 0.5547480109375 0.7297750041753653 0.6221961312500001
5 0.7116690960334029 0.7185864359374999 0.7981972881002087 0.70363519375 0.7772259958246346 0.6356496359375 0.6906978016701462 0.650600878125 0.7116690960334029 0.7185864359374999
5 0.7883977411273486 0.7448125828125 0.8630776743215031 0.73190860625 0.8453391106471817 0.6744030359375001 0.770659177453027 0.6873070125 0.7883977411273486 0.7448125828125
4 0.781415776617954 0.789607203125 0.8478378350730689 0.7781301093749999 0.8304308329853862 0.721699409375 0.7640087745302714 0.7331765046875 0.781415776617954 0.789607203125
4 0.7852750354906055 0.840736734375 0.8506199791231733 0.8294457546875 0.8344563340292276 0.7770458203125 0.7691113903966598 0.7883368 0.7852750354906055 0.840736734375
4 0.616250496868476 0.8665460703125 0.7411957724425887 0.844956725 0.7112723068893528 0.7479496671875 0.58632703131524 0.7695390125 0.616250496868476 0.8665460703125
4 0.4735305260960334 0.8728090953125 0.5478514217118998 0.85996715625 0.5287866096033402 0.7981621046875 0.45446571189979124 0.81100404375 0.4735305260960334 0.8728090953125
4 0.5269219227557411 0.9049074562499999 0.6091416576200418 0.890700675 0.5888334885177453 0.8248648578125 0.5066137536534447 0.8390716406250001 0.5269219227557411 0.9049074562499999
4 0.6214346179540711 0.9109367515625 0.6968326283924843 0.8979086984375 0.6790111732776618 0.8401344109375 0.6036131628392484 0.8531624656250001 0.6214346179540711 0.9109367515625