5 0.6384359104166666 0 0.6384359104166666 0.1466333515625 0.8320182354166668 0.1466333515625 0.8320182354166668 0 0.6384359104166666 0
5 0.5718043125 0.3645449765625 0.7832719625000001 0.3645449765625 0.7832719625000001 0.2091004734375 0.5718043125 0.2091004734375 0.5718043125 0.3645449765625
4 0.33035244583333334 0.3070752234375 0.537962475 0.3070752234375 0.537962475 0.1411099421875 0.33035244583333334 0.1411099421875 0.33035244583333334 0.3070752234375
4 0.29738733958333335 0.58995265625 0.47448711250000003 0.58995265625 0.47448711250000003 0.45844292500000006 0.29738733958333335 0.45844292500000006 0.29738733958333335 0.58995265625
4 0.5018411354166666 0.530115728125 0.67964229375 0.530115728125 0.67964229375 0.4004471328125 0.5018411354166666 0.4004471328125 0.5018411354166666 0.530115728125
4 0.4876380854166667 0.7104155703125 0.6549184645833334 0.7104155703125 0.6549184645833334 0.5812730140625 0.4876380854166667 0.5812730140625 0.4876380854166667 0.7104155703125
4 0.30633000208333333 0.8199631765625 0.3936524645833333 0.8199631765625 0.3936524645833333 0.7489479218749999 0.30633000208333333 0.7489479218749999 0.30633000208333333 0.8199631765625
4 0.33701560625 0.8991320359375001 0.4366123083333333 0.8991320359375001 0.4366123083333333 0.8231194109375 0.33701560625 0.8231194109375 0.33701560625 0.8991320359375001
4 0.45853059791666667 0.830615465625 0.6016131854166668 0.830615465625 0.6016131854166668 0.7106785906249999 0.45853059791666667 0.7106785906249999 0.45853059791666667 0.830615465625
4 0.4383657729166667 0.9038663859374999 0.5274416979166666 0.9038663859374999 0.5274416979166666 0.8315360343749999 0.4383657729166667 0.8315360343749999 0.4383657729166667 0.9038663859374999
4 0.43854111875 0.9613361390625 0.5086796416666667 0.9613361390625 0.5086796416666667 0.9029458187499999 0.43854111875 0.9029458187499999 0.43854111875 0.9613361390625
3 0.6103805020833334 0.871909521875 0.7138348229166667 0.871909521875 0.7138348229166667 0.791688584375 0.6103805020833334 0.791688584375 0.6103805020833334 0.871909521875
3 0.7190952125 0.84534455625 0.8306154645833334 0.84534455625 0.8306154645833334 0.7598632296875001 0.7190952125 0.7598632296875001 0.7190952125 0.84534455625
3 0.7916885854166666 0.7832719625 0.89163598125 0.7832719625 0.89163598125 0.6977906359375 0.7916885854166666 0.6977906359375 0.7916885854166666 0.7832719625
5 0.6691215145833334 0.7723566546875 0.7662633708333334 0.7723566546875 0.7662633708333334 0.7021304578125 0.6691215145833334 0.7021304578125 0.6691215145833334 0.7723566546875
5 0.6819217958333332 0.9233298265625001 0.7699456416666667 0.9233298265625001 0.7699456416666667 0.8570489218749999 0.6819217958333332 0.8570489218749999 0.6819217958333332 0.9233298265625001
4 0.7350517270833333 1 0.7350517270833333 0.938979484375 0.6508854979166667 0.938979484375 0.6508854979166667 1 0.7350517270833333 1
4 0.6310713666666667 1 0.6310713666666667 0.9650184109375 0.5732070833333334 0.9650184109375 0.5732070833333334 1 0.6310713666666667 1