1 0.7070173778705636 0.33805893125 0.5402841732776618 0.333701190625 0.5345244634655533 0.457145859375 0.7012576680584551 0.4615036 0.7070173778705636 0.33805893125
1 0.5958134446764092 0.23081014843749997 0.4197374321503131 0.22620822343749997 0.4133628517745303 0.36283108125 0.5894388622129436 0.36743300625 0.5958134446764092 0.23081014843749997
1 0.5862487411273487 0.32399706250000004 0.3742388496868476 0.31845596875000004 0.3660698496868476 0.4935376234375 0.5780797411273486 0.49907871718749997 0.5862487411273487 0.32399706250000004
1 0.47414356784968686 0.4442583796875 0.2747105344467641 0.4390459953125 0.2677210835073069 0.5888470406249999 0.4671541169102296 0.594059425 0.47414356784968686 0.4442583796875
1 0.3819691983298539 0.31084916093750004 0.15881980167014614 0.3050169265625 0.15126567223382045 0.4669203921875 0.3744150688935282 0.47275262656250006 0.3819691983298539 0.31084916093750004
1 0.23367462004175366 0.400948771875 0.19774074112734866 0.400009603125 0.1966866764091858 0.422600784375 0.23262055532359083 0.423539953125 0.23367462004175366 0.400948771875
1 0.45504267849686847 0.6454428359375 0.3422102943632568 0.642493846875 0.3385963590814196 0.719949325 0.4514287432150313 0.7228983140625 0.45504267849686847 0.6454428359375
1 0.9258633089770355 0.0852789171875 0.8601043089770355 0.0835602390625 0.8568417265135699 0.153485325 0.9226007286012526 0.155204003125 0.9258633089770355 0.0852789171875
1 0.9005179415448852 0.11571724375 0.8027777870563674 0.11316270625 0.799326981210856 0.18712193125 0.897067133611691 0.18967646875 0.9005179415448852 0.11571724375
1 0.9532078643006263 0.015848603125 0.8676852275574113 0.0136133828125 0.8643473569937369 0.0851521234375 0.949869993736952 0.0873873453125 0.9532078643006263 0.015848603125
1 0.8742628350730689 0.038423556250000004 0.8433596972860125 0.037615871875 0.8418664405010439 0.0696200453125 0.8727695782881002 0.0704277296875 0.8742628350730689 0.038423556250000004
0 0.41160718371607513 0.589376403125 0.2570914989561587 0.5853379796875 0.2518588225469729 0.69748705625 0.4063745052192067 0.70152548125 0.41160718371607513 0.589376403125
0 0.2736849707724426 0.561268040625 0.1482757286012526 0.55799034375 0.1441222129436326 0.6470103546875 0.26953145511482257 0.6502880531249999 0.2736849707724426 0.561268040625
2 0.36866164091858034 0.5536527062500001 0.2619380167014614 0.5508633765625001 0.25917737160751564 0.6100307546875 0.3659009958246347 0.612820084375 0.36866164091858034 0.5536527062500001
2 0.1124536012526096 0.789838528125 0.021181546972860125 0.787453040625 0.018458546972860125 0.8458135921875 0.1097306012526096 0.8481990796875 0.1124536012526096 0.789838528125