3 0.10673583125 0.6052180265625 0.01972888125 0.61672428125 0.046928260416666666 0.73241579375 0.13393521041666664 0.7209095390625 0.10673583125 0.6052180265625
3 0.6814854020833334 0.539932696875 0.5889321895833334 0.5521724171875 0.6067798729166667 0.6280868484375 0.6993330854166667 0.6158471265625 0.6814854020833334 0.539932696875
3 0.7518954479166666 0.5247238921874999 0.6683549104166667 0.53577173125 0.6866915729166667 0.6137660109375 0.7702321104166666 0.602718171875 0.7518954479166666 0.5247238921874999
3 0.8905768937499999 0.5916283 0.7612797125 0.6087272359375 0.7829169708333333 0.700760484375 0.9122141541666667 0.6836615484374999 0.8905768937499999 0.5916283
3 0.9225494166666667 0.6424872484375 0.8168238395833334 0.6564689515625 0.8335713229166667 0.7277037265625 0.9392969 0.713722021875 0.9225494166666667 0.6424872484375
4 1 0.6929513640625 0.9893364375 0.6475943125 0.9075291062499999 0.6584129437499999 0.9217705791666667 0.7189884984375 1 0.7086430296875 1 0.6929513640625
4 0.9169426770833333 0.5297035890624999 0.8275092374999999 0.541530734375 0.8426064208333333 0.6057460234375001 0.9320398604166668 0.5939188765625001 0.9169426770833333 0.5297035890624999
3 0.19710346458333333 0.284189490625 0.15827964791666668 0.28932375625 0.16683675625 0.32572108593750004 0.20566057291666665 0.3205868203125 0.19710346458333333 0.284189490625
5 0.21268519166666666 0.2645706859375 0.17802106875 0.2691548515625 0.18596695416666667 0.302952371875 0.22063107708333335 0.29836820625 0.21268519166666666 0.2645706859375
4 0.28542963541666666 0.03125113125 0.17450443958333334 0.045920460937500004 0.1933912 0.1262545671875 0.3043163958333333 0.1115852390625 0.28542963541666666 0.03125113125
5 0.5254161708333334 0 0.5308369291666667 0.023056982812499998 0.6511214375000001 0.007149929687500001 0.6494404708333333 0 0.5254161708333334 0
5 0.5389712916666666 0 0.47972162291666665 0.007835485937500001 0.5039260145833333 0.11078793281249999 0.6217840354166667 0.095201771875 0.5994018479166667 0 0.5389712916666666 0
4 0.4362736625 0.09895967343749999 0.35134655833333334 0.11019087812499999 0.37188361666666664 0.19754446875 0.45681072083333335 0.18631326406249998 0.4362736625 0.09895967343749999
4 0.5139564041666667 0.1192458 0.43700205000000003 0.129422646875 0.45521646666666665 0.20689696406250002 0.5321708208333333 0.1967201171875 0.5139564041666667 0.1192458
4 0.55304988125 0.0894139828125 0.4698559854166667 0.1004159796875 0.49259344374999997 0.19712888281250002 0.5757873395833334 0.1861268875 0.55304988125 0.0894139828125
4 0.58331800625 0 0.6043209541666666 0.089335228125 0.6993006520833334 0.076774615625 0.6812507375 0 0.58331800625 0
4 0.7241999250000001 0.0063317625 0.6392728229166666 0.0175629671875 0.6610323270833334 0.11011617656249999 0.7459594291666666 0.098884971875 0.7241999250000001 0.0063317625
4 0.7741796083333334 0 0.7923001166666667 0.0770748890625 0.8879730979166667 0.06442259375 0.8728271770833333 0 0.7741796083333334 0
4 0.8847824729166667 0.116982996875 0.9166734666666667 0.1127655640625 0.9003538395833334 0.04335065625 0.86846284375 0.0475680890625 0.8847824729166667 0.116982996875
4 0.8821735749999999 0.056477471875 0.8305240291666667 0.063307878125 0.84739375625 0.1350626140625 0.8990433020833334 0.1282322078125 0.8821735749999999 0.056477471875
4 0.7953688125 0.077205196875 0.7312401854166667 0.08568590312499999 0.7460317583333332 0.14860128749999998 0.8101603854166667 0.1401205828125 0.7953688125 0.077205196875
4 0.90308244375 0.11804774375 0.8406870229166666 0.1262992421875 0.85388941875 0.1824551234375 0.9162848395833334 0.1742036265625 0.90308244375 0.11804774375
4 0.8210611854166667 0.127956440625 0.7739179770833334 0.13419090625000002 0.7858979291666667 0.18514716874999998 0.8330411354166666 0.1789127046875 0.8210611854166667 0.127956440625
3 0.09369736666666667 0.21530072812499998 0.061459729166666664 0.2195640015625 0.06677736041666667 0.2421823421875 0.09901499791666667 0.2379190671875 0.09369736666666667 0.21530072812499998