4 0.3812641461377871 0.8751805234375001 0.2881924258872651 0.8874631734375 0.30496024425887264 0.95863585 0.3980319624217119 0.9463532000000001 0.3812641461377871 0.8751805234375001
4 0.20941957411273487 1 0.24004074112734866 0.9959589328125 0.21845663465553236 0.9043430406249999 0.10245420250521921 0.9196518484375 0.12138370146137786 1 0.20941957411273487 1
4 0.6699943006263048 0.8182100390624999 0.566468872651357 0.8318722609375 0.5846042776617953 0.908849803125 0.6881297056367432 0.8951875812500001 0.6699943006263048 0.8182100390624999
4 0.6546230688935283 0.916784775 0.6259596784968684 0.920567475 0.631667872651357 0.9447964734375001 0.6603312630480167 0.9410137734375 0.6546230688935283 0.916784775
4 0.5649696158663884 0.680875125 0.4459322379958246 0.6965844546875 0.4668622797494781 0.7854241078124999 0.5858996576200418 0.769714778125 0.5649696158663884 0.680875125
4 0.4913219916492693 0.7202608703125 0.42590201461377875 0.7288943265625 0.44136170563674326 0.7945145234375001 0.5067816805845512 0.7858810671875001 0.4913219916492693 0.7202608703125
3 0.7279750542797494 0.6540285796875 0.5974723173277662 0.6712509890625 0.6219105177453027 0.77498138125 0.752413254697286 0.757758971875 0.7279750542797494 0.6540285796875
4 0.6816308413361168 0.7495344234375 0.6330716826722338 0.7559427609375 0.6399690835073069 0.785219465625 0.68852824217119 0.778811128125 0.6816308413361168 0.7495344234375
4 0.2947362630480167 0.73813703125 0.2330256680584551 0.7462809609375001 0.24664208768267223 0.8040772125 0.3083526826722338 0.7959332828125001 0.2947362630480167 0.73813703125
4 0.2522660292275574 0.80138328125 0.20809068267223382 0.8072130890625001 0.21718811691022963 0.8458280515625001 0.2613634634655532 0.83999824375 0.2522660292275574 0.80138328125
4 0.4259249603340292 0.658888796875 0.31329469102296453 0.6737525828125001 0.3348193361169103 0.7651160906250001 0.44744960542797496 0.7502523046875 0.4259249603340292 0.658888796875
4 0.28731277661795407 0.657924215625 0.1844617828810021 0.6714974328125 0.2020620438413361 0.7462035046875 0.3049130396659708 0.7326302859375 0.28731277661795407 0.657924215625
4 0.5355154467640919 0.617101775 0.4269317766179541 0.63143153125 0.4450671816283925 0.708409071875 0.5536508517745302 0.6940793140625 0.5355154467640919 0.617101775
5 0.411611375782881 0.563450859375 0.30977202922755737 0.5768905703125 0.327610133611691 0.652606184375 0.4294494801670146 0.6391664734375 0.411611375782881 0.563450859375
3 0.2655596513569937 0.5685426015624999 0.15394103340292278 0.5832728796875 0.17445485177453027 0.6703458359375001 0.28607346972860126 0.6556155578125 0.2655596513569937 0.5685426015624999
5 0.05674093528183716 0.555894453125 0.008181778705636742 0.562302790625 0.016090004175365345 0.5958700484375 0.06464916283924843 0.589461709375 0.05674093528183716 0.555894453125
4 0.7333221711899791 0.5933393671875 0.6210291169102296 0.60815865 0.6412456346555323 0.693969678125 0.7535386868475991 0.6791503953125 0.7333221711899791 0.5933393671875
3 0.6841843569937369 0.5648228203125 0.5927987181628392 0.5768829578125 0.6032637390396659 0.6213027828125 0.6946493778705637 0.6092426453125 0.6841843569937369 0.5648228203125
5 0.7098947954070981 0.49389952656249997 0.5841130855949895 0.5104989046874999 0.6062323340292276 0.604386265625 0.7320140417536535 0.5877868890625 0.7098947954070981 0.49389952656249997
4 0.7304393778705637 0.46893839843749996 0.6538912630480167 0.47904043124999995 0.666853617954071 0.53406044375 0.7434017327766179 0.5239584093749999 0.7304393778705637 0.46893839843749996
4 0.8200658893528183 0.5298453515625 0.704737891440501 0.54506515625 0.7245976471816283 0.6293618734375 0.8399256450939457 0.61414206875 0.8200658893528183 0.5298453515625
5 0.727776012526096 0.391220178125 0.63537872651357 0.40341382187499997 0.6507194947807933 0.46852925 0.7431167828810021 0.45633560624999997 0.727776012526096 0.391220178125
5 0.6772281189979124 0.42534548125000005 0.6043893841336118 0.43495799062499996 0.6183031043841336 0.49401616875 0.6911418392484342 0.48440366093750004 0.6772281189979124 0.42534548125000005
5 0.603726369519833 0.42697828437499996 0.5362830939457202 0.4358787546875 0.5494832901878914 0.491908309375 0.6169265657620042 0.4830078390625 0.603726369519833 0.42697828437499996
3 0.8789444196242172 0.28461315468750004 0.7791283716075157 0.29778585 0.7976205386221294 0.37627770312500003 0.8974365866388309 0.36310500625 0.8789444196242172 0.28461315468750004
3 0.6669582505219207 0.344857721875 0.5947939457202505 0.354381225 0.6100157954070982 0.41899188125000003 0.6821800981210856 0.409468378125 0.6669582505219207 0.344857721875
3 0.5656332693110647 0.3656461734375 0.4860502045929019 0.376148728125 0.5004990668058455 0.4374783765625 0.580082133611691 0.4269758203125 0.5656332693110647 0.3656461734375
5 0.5921178183716075 0.3452359109375 0.5253489770354905 0.35404737656249996 0.5386086346555323 0.41032931718750004 0.6053774759916493 0.4015178515625 0.5921178183716075 0.3452359109375