4 0.8676587473903967 0 0.8734440208768267 0.0826197140625 0.9711915156576201 0.07878567187499999 0.9656747118997911 0 0.8676587473903967 0
4 0.8836438183716075 0 0.8841637620041753 0.007425323437500001 0.9659699686847599 0.004216560937500001 0.9656747139874738 0 0.8836438183716075 0
4 0.6780358308977035 0 0.6799752797494781 0.027697325000000002 0.7668552985386221 0.0242895484375 0.7651544718162839 0 0.6780358308977035 0
3 0 0.0938492703125 0.09589358872651356 0.0900879453125 0.09066159916492694 0.0153696953125 0 0.0189258 0 0.0938492703125
3 0 0.4111897875 0.19935440292275575 0.40337032187500005 0.18838915448851776 0.2467751890625 0 0.25416455625 0 0.4111897875
3 0.33355254906054277 0.15972728125 0.11993929018789144 0.1681060359375 0.13048681419624217 0.31873564062500004 0.3441000751565762 0.3103568859375 0.33355254906054277 0.15972728125
4 0.20547583716075157 0.062759328125 0.05363506889352818 0.068715121875 0.06215663465553236 0.1904119125 0.21399740292275574 0.1844561171875 0.20547583716075157 0.062759328125
4 0 0.2767462796875 0.15290256576200417 0.2707488375 0.14559240083507308 0.16635208125 0 0.17206279062500002 0 0.2767462796875
4 0.23977697494780795 0.110316046875 0.18438099791231735 0.11248889531249999 0.18839114613778704 0.16975797343750001 0.24378712317327766 0.167585125 0.23977697494780795 0.110316046875
4 0.28245067640918575 0.1461787234375 0.22944589352818373 0.14825778125 0.23147185386221295 0.1771905953125 0.28447663674321505 0.17511153906250002 0.28245067640918575 0.1461787234375
5 0.4482699394572025 0.39121410624999997 0.21552713361169104 0.4003431984375 0.22684744676409185 0.5620090296875 0.45959025260960334 0.5528799390625 0.4482699394572025 0.39121410624999997
4 0.30411782881002086 0.49841130624999996 0.1323504509394572 0.5051487 0.14124796659707725 0.6322144656249999 0.3130153444676409 0.625477071875 0.30411782881002086 0.49841130624999996
4 0.18456636743215032 0.440440040625 0.047471290187891445 0.44581745 0.05478145511482255 0.55021420625 0.1918765344467641 0.5448367968750001 0.18456636743215032 0.440440040625
4 0.13738179958246347 0.408642540625 0.08397848434237995 0.4107372296875 0.08658925678496868 0.44802178593750003 0.13999257411273486 0.44592709687500004 0.13738179958246347 0.408642540625
4 0.3476264509394572 0.37213137500000004 0.26034789979123174 0.3755547828125 0.26325107933194153 0.417015209375 0.350529630480167 0.4135918 0.3476264509394572 0.37213137500000004
4 0.5957096325678497 0.40801266406250003 0.43310849269311064 0.414390521875 0.44165094363256785 0.5363855890625 0.604252083507307 0.5300077296875 0.5957096325678497 0.40801266406250003
4 0.34933850313152404 0.6448394828125 0.2281847139874739 0.6495916125 0.23599614822546972 0.7611470031249999 0.35714993736951983 0.7563948734375 0.34933850313152404 0.6448394828125
4 0.5130672192066805 0.6203221078125 0.3277497473903967 0.627590990625 0.3384017014613779 0.7797119765625 0.5237191753653444 0.77244309375 0.5130672192066805 0.6203221078125
4 0.6494795574112735 0.54812359375 0.5072035594989561 0.55370421875 0.5149523361169103 0.6643647796875001 0.6572283319415448 0.6587841531249999 0.6494795574112735 0.54812359375
4 0.6135639102296451 0.7799855703125 0.4641143382045929 0.785847571875 0.4728238768267224 0.9102288484375001 0.6222734509394572 0.9043668468750001 0.6135639102296451 0.7799855703125
4 0.7406768121085595 0.592102690625 0.637855503131524 0.596135746875 0.6432023653444676 0.672494515625 0.7460236764091859 0.668461459375 0.7406768121085595 0.592102690625
4 0.8567473778705638 0.4006151421875 0.7200508329853863 0.4059769203125 0.7272147954070981 0.508285740625 0.8639113402922756 0.5029239624999999 0.8567473778705638 0.4006151421875
4 0.9847255678496868 0.5817823953125 0.9066132567849686 0.58484626875 0.9108322672233821 0.6450981109375 0.9889445782881002 0.6420342375 0.9847255678496868 0.5817823953125