3 0.37145100625 0.483773684375 0.197692375 0.451281515625 0.15316845208333335 0.5852132906249999 0.32692708333333337 0.6177054609375 0.37145100625 0.483773684375
5 0.6697808166666667 0.6598897890625001 0.442002175 0.61729609375 0.3795485791666667 0.8051618625 0.6073272208333333 0.8477555578124999 0.6697808166666667 0.6598897890625001
4 0.5074454 0.40504633125 0.3047843416666666 0.367149525 0.25579944791666664 0.5145002843750001 0.4584605041666666 0.5523970921875 0.5074454 0.40504633125
4 0.6984640479166667 0.40540723593749994 0.561177525 0.37973520625 0.5205140583333333 0.5020544015625 0.65780058125 0.52772643125 0.6984640479166667 0.40540723593749994
4 0.871103275 0.43631958437499996 0.6409160979166667 0.39327550312500004 0.5863549895833333 0.5573999921875 0.8165421666666667 0.600444075 0.871103275 0.43631958437499996
4 0.6772831229166666 0.2245153453125 0.5035244895833333 0.1920231765625 0.4559979895833333 0.33498696093749997 0.6297566229166667 0.3674791296875 0.6772831229166666 0.2245153453125
4 0.8053886124999999 0.1227959984375 0.65433903125 0.0945503296875 0.6105871979166667 0.22615959062500002 0.7616367812499999 0.254405259375 0.8053886124999999 0.1227959984375
4 0.7156655729166667 0.20195292812500001 0.6251734541666667 0.1850312625 0.60158178125 0.2559970421875 0.6920738979166666 0.27291870625 0.7156655729166667 0.20195292812500001
4 0.15003777916666666 0.44237029687499996 0.038556995833333337 0.421523834375 0.006901258333333333 0.5167470046875 0.11838204375 0.537593465625 0.15003777916666666 0.44237029687499996
4 0.7434261604166666 0.28115087656250004 0.6068277916666667 0.255607528125 0.5689095375 0.3696688875 0.70550790625 0.3952122359375 0.7434261604166666 0.28115087656250004
5 0.2966504291666666 0.7164757078124999 0.19480378541666665 0.6974307921875 0.16280489583333332 0.7936861937499999 0.2646515395833334 0.8127311078125 0.2966504291666666 0.7164757078124999