4 0.799179425 0 0.835033225 0.1164749 0.8920544854166667 0.106601603125 0.859239925 0 0.799179425 0
4 0.8194200145833332 0.0440012640625 0.624854225 0.07769055312499999 0.6641695145833334 0.20541047343750002 0.8587353041666667 0.171721184375 0.8194200145833332 0.0440012640625
4 0.7574580208333334 0.1235155625 0.5871647937500001 0.153002028125 0.6190973479166666 0.25673834375000004 0.789390575 0.2272518765625 0.7574580208333334 0.1235155625
4 0.8877113770833333 0.4517376921875 0.9926998458333334 0.43355881875 0.9559640666666667 0.3142187125 0.8509755979166667 0.3323975859375 0.8877113770833333 0.4517376921875
4 0.8573932729166667 0.223390509375 0.7660821999999999 0.239201125 0.8030848249999999 0.3594081078125 0.8943958979166666 0.3435974921875 0.8573932729166667 0.223390509375
4 0.8577914395833334 0.3261954640625 0.7599306250000001 0.3431401765625 0.7760303270833333 0.39544177343750003 0.8738911395833333 0.3784970609375 0.8577914395833334 0.3261954640625
4 0.8033330833333333 0.21190238749999998 0.6052997833333333 0.24619207968749998 0.6435476895833333 0.370444490625 0.8415809895833333 0.336154796875 0.8033330833333333 0.21190238749999998
4 1 0.4572741484375 0.9850057916666667 0.4085638578125 0.9478263874999999 0.4150015140625 0.9749557166666667 0.5031340359375001 1 0.4987975890625 1 0.4572741484375
4 0.7258589708333333 0.3161687734375 0.6156692375 0.33524825156250004 0.64742389375 0.43840664843750005 0.7576136270833334 0.41932716875000003 0.7258589708333333 0.3161687734375
4 0.88477061875 0.3986794125 0.7418321875 0.423429365625 0.7771447895833333 0.5381461265625 0.9200832208333334 0.5133961734375 0.88477061875 0.3986794125
4 0.4762557895833333 0.10844249375 0.27167274999999996 0.14386628125 0.3251308708333333 0.317530696875 0.5297139083333333 0.282106909375 0.4762557895833333 0.10844249375
4 0.55384276875 0.313691346875 0.4055104333333333 0.339375259375 0.4521195083333333 0.4907898234375 0.6004518437499999 0.4651059109375 0.55384276875 0.313691346875
4 0.41513063541666667 0.3620583625 0.24059934166666666 0.3922786546875 0.28676367500000005 0.542248425 0.46129496875 0.51202813125 0.41513063541666667 0.3620583625
4 0.55510713125 0.4700659734375 0.44376156041666664 0.4893455859375 0.48716848541666663 0.630357625 0.59851405625 0.6110780124999999 0.55510713125 0.4700659734375
3 0.850756575 0.4767024578125 0.6796927916666667 0.5063223484375 0.7279029416666667 0.6629381765625 0.898966725 0.6333182875000001 0.850756575 0.4767024578125
3 0.7858499854166666 0.5908150062499999 0.6718074625 0.6105616 0.7083653437499999 0.7293237890625 0.82240786875 0.7095771953125001 0.7858499854166666 0.5908150062499999
3 0.680071625 0.4548198015625 0.48820278749999996 0.4880421109375 0.5450409541666666 0.6726869718749999 0.7369097916666667 0.6394646625 0.680071625 0.4548198015625
3 0.7573583104166667 0.6287715031250001 0.5782036708333333 0.659792334375 0.626235925 0.8158302453124999 0.8053905625 0.7848094140625 0.7573583104166667 0.6287715031250001
5 0.7319715375 0.7288886765625 0.5782453000000001 0.75550655 0.6137357979166667 0.8708012281249999 0.7674620354166667 0.8441833546874999 0.7319715375 0.7288886765625
4 0.8116540062500001 0.7458319921875 0.7110962416666666 0.7632436828125 0.7413387729166666 0.8614897765625 0.8418965354166666 0.844078084375 0.8116540062500001 0.7458319921875
4 0.5680767833333333 0.6143699171875 0.4351556 0.637385371875 0.4666434104166666 0.739676890625 0.5995645937499999 0.7166614359375 0.5680767833333333 0.6143699171875
4 0.5523389541666667 0.7300127390625 0.45370758333333333 0.7470908734374999 0.48039216875 0.8337786015624999 0.5790235395833334 0.8167004671875 0.5523389541666667 0.7300127390625
4 0.45330111875 0.6963330265625001 0.32115049375000004 0.7192150578125001 0.35815311875 0.8394220406249999 0.49030374375 0.8165400093749999 0.45330111875 0.6963330265625001
4 0.48834761875 0.8161178124999999 0.37237870208333335 0.8361979625 0.4055565375 0.94397970625 0.5215254520833333 0.9238995546875 0.48834761875 0.8161178124999999
4 0.699441125 0.820959778125 0.5746107958333333 0.8425742921875001 0.60654335 0.9463106078125 0.7313736791666667 0.9246960937500001 0.699441125 0.820959778125